/*--------------------------------*- C++ -*----------------------------------*\
  =========                 |
  \\      /  F ield         | OpenFOAM: The Open Source CFD Toolbox
   \\    /   O peration     | Website:  https://openfoam.org
    \\  /    A nd           | Version:  13
     \\/     M anipulation  |
\*---------------------------------------------------------------------------*/
FoamFile
{
    format      ascii;
    class       volScalarField;
    location    "4";
    object      p;
}
// * * * * * * * * * * * * * * * * * * * * * * * * * * * * * * * * * * * * * //

dimensions      [0 2 -2 0 0 0 0];

internalField   nonuniform List<scalar> 
1000
(
1.6902686
1.5702703
1.4743957
1.4105281
1.3619314
1.3193346
1.2815038
1.2487932
1.2206852
1.1960967
1.1740099
1.1536629
1.1345252
1.1162401
1.0985764
1.0813896
1.0645915
1.0481289
1.0319681
1.0160865
1.000467
0.98509539
0.96995858
0.9550444
0.94034132
0.92583844
0.91152561
0.89739341
0.88343313
0.86963666
0.85599631
0.84250461
0.8291541
0.81593715
0.80284585
0.78987191
0.77700662
0.76424087
0.75156532
0.7389705
0.72644699
0.71398563
0.70157765
0.68921488
0.6768898
0.66459567
0.65232657
0.64007739
0.62784382
0.61562227
0.60340986
0.59120426
0.57900366
0.56680667
0.55461225
0.54241962
0.53022823
0.51803767
0.50584766
0.49365801
0.4814686
0.46927932
0.45709014
0.44490101
0.43271191
0.42052284
0.40833377
0.39614471
0.38395565
0.3717666
0.35957754
0.34738849
0.33519944
0.32301039
0.31082134
0.29863228
0.28644323
0.27425418
0.26206513
0.24987608
0.23768703
0.22549798
0.21330893
0.20111988
0.18893083
0.17674178
0.16455274
0.15236369
0.14017464
0.12798559
0.11579654
0.1036075
0.091418451
0.079229412
0.067040382
0.054851364
0.042662333
0.03047324
0.018284028
0.0060946855
1.5685284
1.5137854
1.4526253
1.4007962
1.3577739
1.3194772
1.2844752
1.252989
1.2250572
1.2001579
1.1775586
1.1566314
1.1369286
1.1181452
1.1000721
1.0825644
1.0655223
1.0488769
1.0325802
1.016597
1.0009007
0.98546967
0.97028581
0.95533326
0.94059789
0.92606706
0.91172939
0.89757467
0.88359367
0.86977793
0.85611959
0.84261111
0.82924502
0.81601374
0.8029094
0.78992372
0.77704801
0.7642732
0.75158992
0.73898866
0.72645992
0.71399443
0.7015833
0.68921818
0.67689144
0.66459619
0.65232639
0.64007681
0.62784306
0.61562147
0.6034091
0.59120359
0.5790031
0.56680623
0.55461191
0.54241937
0.53022804
0.51803754
0.50584757
0.49365795
0.48146855
0.46927929
0.45709012
0.444901
0.43271191
0.42052283
0.40833377
0.39614471
0.38395565
0.3717666
0.35957754
0.34738849
0.33519944
0.32301039
0.31082134
0.29863229
0.28644323
0.27425418
0.26206513
0.24987608
0.23768703
0.22549798
0.21330893
0.20111988
0.18893083
0.17674178
0.16455273
0.15236369
0.14017464
0.12798559
0.11579654
0.1036075
0.091418448
0.079229409
0.067040383
0.054851384
0.042662372
0.030473296
0.018284086
0.0060947156
1.5070129
1.4806562
1.4425007
1.4018004
1.3632583
1.3272607
1.2934441
1.261993
1.2331929
1.2069951
1.1830519
1.1609293
1.1402409
1.1206811
1.1020157
1.0840669
1.0667013
1.0498204
1.0333516
1.0172414
1.0014496
0.98594513
0.97070313
0.95570328
0.94092838
0.92636366
0.9119963
0.89781508
0.88381005
0.86997228
0.85629353
0.842766
0.82938209
0.81613413
0.80301423
0.79001412
0.77712515
0.76433828
0.75164417
0.73903329
0.72649616
0.71402344
0.70160618
0.68923597
0.67690506
0.66460645
0.652334
0.64008236
0.62784704
0.61562428
0.60341105
0.59120491
0.57900398
0.5668068
0.55461227
0.5424196
0.53022818
0.51803762
0.50584762
0.49365798
0.48146857
0.4692793
0.45709012
0.444901
0.43271191
0.42052283
0.40833376
0.39614471
0.38395565
0.37176659
0.35957754
0.34738849
0.33519944
0.32301039
0.31082134
0.29863228
0.28644323
0.27425418
0.26206513
0.24987608
0.23768703
0.22549798
0.21330893
0.20111988
0.18893083
0.17674178
0.16455273
0.15236369
0.14017464
0.12798559
0.11579654
0.10360749
0.091418446
0.079229408
0.067040386
0.054851404
0.042662411
0.030473356
0.018284132
0.0060947248
1.477997
1.4621512
1.4354981
1.402138
1.3668982
1.332388
1.2993992
1.2682238
1.239133
1.2122634
1.187515
1.164618
1.1432512
1.1231207
1.1039868
1.0856617
1.0679996
1.0508878
1.0342402
1.0179911
1.0020905
0.98649968
0.9711884
0.95613216
0.94131073
0.92670707
0.91230665
0.89809694
0.88406702
0.87020714
0.8565084
0.8429625
0.82956141
0.8162972
0.80316177
0.79014676
0.77724348
0.76444293
0.75173581
0.73911272
0.72656422
0.71408108
0.7016544
0.6892758
0.67693753
0.66463258
0.65235473
0.64009859
0.62785957
0.61563382
0.60341821
0.59121021
0.57900785
0.56680958
0.55461424
0.54242097
0.53022913
0.51803826
0.50584804
0.49365825
0.48146874
0.46927941
0.45709019
0.44490104
0.43271193
0.42052284
0.40833377
0.39614471
0.38395565
0.3717666
0.35957754
0.34738849
0.33519944
0.32301039
0.31082133
0.29863228
0.28644323
0.27425418
0.26206513
0.24987608
0.23768703
0.22549798
0.21330893
0.20111988
0.18893083
0.17674178
0.16455273
0.15236368
0.14017464
0.12798559
0.11579654
0.10360749
0.091418444
0.079229408
0.067040389
0.054851426
0.042662448
0.030473404
0.018284169
0.0060947267
1.4654493
1.4532072
1.431134
1.4013302
1.3679671
1.3343365
1.3018801
1.2710199
1.2419713
1.214909
1.1898512
1.1666244
1.1449507
1.1245482
1.1051792
1.0866562
1.0688319
1.0515895
1.0348376
1.0185051
1.0025375
0.98689241
0.97153667
0.95644364
0.94159144
0.92696176
0.91253909
0.89831013
0.88426333
0.87038845
0.85667615
0.84311775
0.82970494
0.81642952
0.80328324
0.79025764
0.77734397
0.76453322
0.75181618
0.7391835
0.72662585
0.7141341
0.70169943
0.68931354
0.67696874
0.66465802
0.65237519
0.6401148
0.62787222
0.61564356
0.60342559
0.59121572
0.5790119
0.56681252
0.55461634
0.54242244
0.53023014
0.51803895
0.5058485
0.49365856
0.48146894
0.46927954
0.45709027
0.44490109
0.43271196
0.42052286
0.40833378
0.39614471
0.38395565
0.3717666
0.35957754
0.34738849
0.33519944
0.32301039
0.31082133
0.29863228
0.28644323
0.27425418
0.26206513
0.24987608
0.23768703
0.22549798
0.21330893
0.20111988
0.18893083
0.17674178
0.16455273
0.15236368
0.14017463
0.12798559
0.11579654
0.10360749
0.091418444
0.07922941
0.067040395
0.05485144
0.042662469
0.030473429
0.018284188
0.0060947264
1.4654493
1.4532072
1.431134
1.4013302
1.3679671
1.3343365
1.3018801
1.2710199
1.2419713
1.214909
1.1898512
1.1666244
1.1449507
1.1245482
1.1051792
1.0866563
1.0688319
1.0515895
1.0348376
1.0185051
1.0025375
0.98689243
0.97153669
0.95644365
0.94159145
0.92696177
0.9125391
0.89831014
0.88426334
0.87038845
0.85667616
0.84311776
0.82970494
0.81642952
0.80328324
0.79025763
0.77734396
0.76453322
0.75181618
0.73918349
0.72662584
0.71413409
0.70169942
0.68931353
0.67696872
0.664658
0.65237517
0.64011478
0.6278722
0.61564353
0.60342557
0.5912157
0.57901188
0.5668125
0.55461632
0.54242243
0.53023013
0.51803894
0.50584849
0.49365855
0.48146893
0.46927953
0.45709026
0.44490108
0.43271195
0.42052286
0.40833378
0.39614471
0.38395565
0.37176659
0.35957754
0.34738849
0.33519944
0.32301038
0.31082133
0.29863228
0.28644323
0.27425418
0.26206513
0.24987608
0.23768703
0.22549798
0.21330893
0.20111988
0.18893083
0.17674178
0.16455273
0.15236368
0.14017463
0.12798559
0.11579654
0.10360749
0.091418446
0.079229413
0.067040399
0.054851443
0.042662473
0.03047343
0.018284181
0.006094722
1.477997
1.4621512
1.4354981
1.402138
1.3668982
1.332388
1.2993992
1.2682238
1.239133
1.2122634
1.187515
1.164618
1.1432512
1.1231207
1.1039869
1.0856617
1.0679996
1.0508879
1.0342403
1.0179912
1.0020905
0.98649972
0.97118844
0.9561322
0.94131077
0.92670711
0.91230668
0.89809698
0.88406705
0.87020716
0.85650842
0.84296251
0.82956143
0.81629721
0.80316177
0.79014676
0.77724348
0.76444292
0.7517358
0.7391127
0.7265642
0.71408105
0.70165436
0.68927575
0.67693747
0.66463252
0.65235467
0.64009853
0.6278595
0.61563375
0.60341814
0.59121015
0.57900779
0.56680953
0.5546142
0.54242093
0.53022909
0.51803823
0.50584802
0.49365823
0.48146873
0.4692794
0.45709018
0.44490103
0.43271192
0.42052284
0.40833376
0.3961447
0.38395565
0.37176659
0.35957754
0.34738849
0.33519943
0.32301039
0.31082133
0.29863228
0.28644323
0.27425418
0.26206513
0.24987608
0.23768703
0.22549798
0.21330893
0.20111988
0.18893083
0.17674178
0.16455273
0.15236368
0.14017463
0.12798559
0.11579654
0.1036075
0.091418449
0.079229417
0.0670404
0.054851443
0.042662457
0.030473394
0.018284154
0.0060947203
1.5070129
1.4806562
1.4425007
1.4018004
1.3632583
1.3272607
1.2934441
1.261993
1.2331929
1.2069951
1.183052
1.1609293
1.1402409
1.1206811
1.1020157
1.0840669
1.0667014
1.0498204
1.0333516
1.0172415
1.0014497
0.98594518
0.97070319
0.95570333
0.94092844
0.92636372
0.91199636
0.89781513
0.8838101
0.86997232
0.85629356
0.84276603
0.82938211
0.81613415
0.80301424
0.79001413
0.77712515
0.76433827
0.75164415
0.73903327
0.72649612
0.71402339
0.70160612
0.6892359
0.67690497
0.66460636
0.6523339
0.64008226
0.62784693
0.61562418
0.60341095
0.59120482
0.5790039
0.56680673
0.55461221
0.54241954
0.53022813
0.51803758
0.50584758
0.49365794
0.48146854
0.46927928
0.4570901
0.44490098
0.43271189
0.42052282
0.40833375
0.3961447
0.38395564
0.37176659
0.35957754
0.34738849
0.33519944
0.32301038
0.31082133
0.29863228
0.28644323
0.27425418
0.26206513
0.24987608
0.23768703
0.22549798
0.21330893
0.20111988
0.18893083
0.17674178
0.16455273
0.15236368
0.14017463
0.12798559
0.11579654
0.1036075
0.091418455
0.079229421
0.067040406
0.054851426
0.042662425
0.030473348
0.018284111
0.0060947134
1.5685284
1.5137854
1.4526253
1.4007962
1.3577739
1.3194772
1.2844752
1.252989
1.2250572
1.2001579
1.1775586
1.1566314
1.1369286
1.1181452
1.1000721
1.0825644
1.0655223
1.048877
1.0325802
1.0165971
1.0009007
0.98546973
0.97028588
0.95533333
0.94059796
0.92606713
0.91172946
0.89757474
0.88359373
0.86977798
0.85611964
0.84261115
0.82924505
0.81601377
0.80290942
0.78992373
0.77704801
0.76427319
0.7515899
0.73898862
0.72645987
0.71399436
0.70158321
0.68921808
0.67689133
0.66459607
0.65232626
0.64007668
0.62784293
0.61562135
0.60340899
0.59120348
0.579003
0.56680614
0.55461183
0.5424193
0.53022798
0.51803748
0.50584752
0.49365791
0.48146852
0.46927927
0.4570901
0.44490098
0.43271189
0.42052282
0.40833375
0.3961447
0.38395564
0.37176659
0.35957754
0.34738849
0.33519944
0.32301038
0.31082133
0.29863228
0.28644323
0.27425418
0.26206513
0.24987608
0.23768703
0.22549798
0.21330893
0.20111988
0.18893083
0.17674178
0.16455273
0.15236368
0.14017463
0.12798559
0.11579654
0.1036075
0.091418459
0.079229424
0.067040405
0.054851409
0.042662389
0.030473284
0.018284057
0.006094698
1.6902686
1.5702703
1.4743957
1.4105281
1.3619314
1.3193346
1.2815038
1.2487932
1.2206852
1.1960968
1.1740099
1.1536629
1.1345252
1.1162401
1.0985764
1.0813896
1.0645916
1.0481289
1.0319681
1.0160866
1.0004671
0.98509546
0.96995865
0.95504448
0.94034139
0.92583852
0.91152568
0.89739348
0.8834332
0.86963673
0.85599637
0.84250466
0.82915414
0.81593718
0.80284588
0.78987193
0.77700662
0.76424086
0.75156529
0.73897045
0.72644692
0.71398554
0.70157755
0.68921476
0.67688967
0.66459553
0.65232642
0.64007724
0.62784367
0.61562213
0.60340973
0.59120414
0.57900355
0.56680657
0.55461216
0.54241955
0.53022817
0.51803762
0.50584762
0.49365797
0.48146856
0.46927929
0.45709012
0.44490099
0.4327119
0.42052282
0.40833376
0.3961447
0.38395564
0.37176659
0.35957754
0.34738849
0.33519943
0.32301038
0.31082133
0.29863228
0.28644323
0.27425418
0.26206513
0.24987608
0.23768703
0.22549798
0.21330893
0.20111988
0.18893083
0.17674178
0.16455273
0.15236368
0.14017464
0.12798559
0.11579655
0.1036075
0.091418462
0.07922943
0.067040407
0.054851389
0.042662336
0.030473208
0.018283988
0.0060946647
)
;

boundaryField
{
    top
    {
        type            zeroGradient;
    }
    bottom
    {
        type            zeroGradient;
    }
    inlet
    {
        type            zeroGradient;
    }
    outlet
    {
        type            fixedValue;
        value           uniform 0;
    }
    front
    {
        type            empty;
    }
    back
    {
        type            empty;
    }
}


// ************************************************************************* //
