/*--------------------------------*- C++ -*----------------------------------*\
  =========                 |
  \\      /  F ield         | OpenFOAM: The Open Source CFD Toolbox
   \\    /   O peration     | Website:  https://openfoam.org
    \\  /    A nd           | Version:  13
     \\/     M anipulation  |
\*---------------------------------------------------------------------------*/
FoamFile
{
    format      ascii;
    class       surfaceScalarField;
    location    "4";
    object      phi;
}
// * * * * * * * * * * * * * * * * * * * * * * * * * * * * * * * * * * * * * //

dimensions      [0 3 -1 0 0 0 0];

internalField   nonuniform List<scalar> 
1890
(
0.0093140727
0.00068592733
0.0082963402
0.0010177325
0.007348084
0.00094825612
0.0065167796
0.00083130446
0.0058112112
0.00070556835
0.0052369146
0.00057429668
0.0047862516
0.00045066292
0.0044410171
0.0003452345
0.0041803048
0.00026071239
0.0039843621
0.00019594266
0.0038366688
0.00014769334
0.003724025
0.00011264378
0.0036363779
8.764712e-05
0.0035664007
6.9977231e-05
0.0035089305
5.7470194e-05
0.0034604169
4.8513668e-05
0.0034184595
4.1957404e-05
0.0033814529
3.7006609e-05
0.0033483261
3.3126786e-05
0.003318359
2.9967089e-05
0.0032910574
2.7301642e-05
0.0032660709
2.4986559e-05
0.003243141
2.2929894e-05
0.0032220694
2.1071587e-05
0.0032026986
1.9370758e-05
0.0031849004
1.7798086e-05
0.0031685689
1.6331416e-05
0.0031536153
1.4953428e-05
0.0031399646
1.3650466e-05
0.0031275521
1.241221e-05
0.0031163203
1.1231501e-05
0.0031062158
1.0104283e-05
0.0030971863
9.0292013e-06
0.0030891789
8.0072343e-06
0.0030821377
7.0409982e-06
0.0030760035
6.1341631e-06
0.0030707125
5.290928e-06
0.0030661973
4.5153246e-06
0.003062387
3.8104161e-06
0.0030592093
3.1780187e-06
0.0030565911
2.6184056e-06
0.0030544612
2.1302757e-06
0.0030527508
1.710777e-06
0.0030513955
1.3557194e-06
0.003050336
1.0598384e-06
0.0030495193
8.171263e-07
0.0030488984
6.2118047e-07
0.0030484331
4.6550378e-07
0.0030480895
3.4381079e-07
0.0030478395
2.5020596e-07
0.0030476602
1.7938236e-07
0.0030475336
1.2665507e-07
0.0030474456
8.8054926e-08
0.0030473853
6.024917e-08
0.0030473447
4.0566232e-08
0.0030473178
2.6853553e-08
0.0030473003
1.7477679e-08
0.0030472891
1.1164903e-08
0.0030472821
7.0049055e-09
0.0030472777
4.3005266e-09
0.0030472751
2.5897402e-09
0.0030472735
1.5167592e-09
0.0030472726
8.7122596e-10
0.0030472721
4.8006085e-10
0.0030472718
2.6080888e-10
0.0030472717
1.3072781e-10
0.0030472716
6.7377376e-11
0.0030472716
2.7759461e-11
0.0030472716
1.4878363e-11
0.0030472715
3.2354092e-12
0.0030472715
4.0411251e-12
0.0030472715
-7.175237e-13
0.0030472715
3.059429e-12
0.0030472715
-1.1309235e-12
0.0030472715
3.2137666e-12
0.0030472715
-1.1085407e-12
0.0030472715
3.013493e-12
0.0030472715
-1.9113936e-12
0.0030472715
3.0264272e-12
0.0030472715
-2.3464635e-12
0.0030472715
3.477743e-12
0.0030472715
-2.9407893e-12
0.0030472715
4.6124457e-12
0.0030472715
-2.9196063e-12
0.0030472715
6.4530643e-12
0.0030472715
-3.2056349e-12
0.0030472715
9.2346347e-12
0.0030472715
-3.4207128e-12
0.0030472715
1.3306107e-11
0.0030472715
-2.1426754e-12
0.0030472715
2.2454904e-11
0.0030472715
1.2675699e-12
0.0030472714
3.3195651e-11
0.0030472714
5.1870374e-12
0.0030472712
1.2707362e-11
0.0030472711
-1.6128931e-10
0.0030472716
-4.1839018e-10
0.0030472732
-6.4568713e-10
0.0030472752
-9.245165e-10
7.0376748e-10
0.010341662
0.00034426523
0.010578185
0.00078121008
0.010615671
0.00091076935
0.010553945
0.00089303048
0.010425822
0.00083369154
0.010248588
0.00075153081
0.010044964
0.00065428725
0.0098354633
0.00055473486
0.0096327877
0.00046338793
0.0094437391
0.00038499129
0.0092713599
0.00032007259
0.0091165947
0.000267409
0.0089790045
0.00022523725
0.0088572874
0.00019169438
0.0087497331
0.0001650245
0.0086545474
0.00014369939
0.0085700372
0.00012646767
0.008494695
0.00011234883
0.0084272245
0.00010059733
0.0083665346
9.0656965e-05
0.0083117196
8.2116766e-05
0.0082620329
7.4673289e-05
0.0082168621
6.8100677e-05
0.0081757056
6.2228117e-05
0.0081381526
5.6923839e-05
0.0081038664
5.208424e-05
0.008072571
4.7626729e-05
0.0080440393
4.3485059e-05
0.008018083
3.9606656e-05
0.0079945439
3.5951124e-05
0.0079732858
3.2489466e-05
0.0079541868
2.9203074e-05
0.0079371332
2.6082579e-05
0.007922014
2.3126188e-05
0.0079087168
2.0337988e-05
0.007897125
1.7725815e-05
0.0078871165
1.5299349e-05
0.0078785637
1.306806e-05
0.0078713346
1.1039591e-05
0.0078652943
9.2184356e-06
0.0078603077
7.6051794e-06
0.0078562421
6.1961065e-06
0.0078529698
4.9832938e-06
0.0078503707
3.9550585e-06
0.0078483342
3.0966623e-06
0.0078467604
2.3912279e-06
0.0078455611
1.8206348e-06
0.0078446604
1.3664728e-06
0.0078439936
1.0107714e-06
0.0078435072
7.3669579e-07
0.0078431577
5.2892795e-07
0.0078429104
3.7400918e-07
0.0078427381
2.6037822e-07
0.0078426199
1.7842239e-07
0.0078425401
1.2028501e-07
0.0078424872
7.9751965e-08
0.0078424527
5.1964197e-08
0.0078424305
3.3259051e-08
0.0078424166
2.0881622e-08
0.007842408
1.2854548e-08
0.0078424028
7.7371529e-09
0.0078423997
4.5532499e-09
0.007842398
2.603483e-09
0.007842397
1.4496002e-09
0.0078423964
7.7265355e-10
0.0078423962
3.9927014e-10
0.007842396
1.9011271e-10
0.0078423959
8.7692662e-11
0.0078423959
3.2863768e-11
0.0078423959
1.147948e-11
0.0078423959
1.6573509e-12
0.0078423959
3.1858025e-13
0.0078423959
-3.6317118e-13
0.0078423959
1.0109994e-12
0.0078423959
1.0530893e-12
0.0078423959
2.2440628e-12
0.0078423959
1.2959571e-12
0.0078423959
1.207086e-12
0.0078423959
1.4836363e-12
0.0078423959
1.8985584e-13
0.0078423959
1.9044452e-12
0.0078423959
-9.4478997e-13
0.0078423959
3.4912762e-12
0.0078423959
-1.057907e-12
0.0078423959
6.0325366e-12
0.0078423959
-1.4133337e-12
0.0078423959
9.8611489e-12
0.0078423959
-2.7379476e-12
0.0078423959
1.2920111e-11
0.0078423959
-3.7128859e-12
0.0078423959
1.9677225e-11
0.0078423959
-3.0395455e-12
0.0078423959
1.397398e-11
0.0078423959
-1.8910253e-11
0.0078423957
-6.0707879e-11
0.0078423954
-1.9269246e-10
0.0078423958
-5.918547e-10
0.0078423972
-1.0891728e-09
0.0078423988
-1.3470422e-09
1.1379199e-09
0.010181464
0.00016280097
0.010521798
0.00044087638
0.010842482
0.0005900855
0.011112769
0.00062274341
0.011336019
0.00061044096
0.011508579
0.00057897139
0.011630743
0.00053212285
0.011709906
0.00047557234
0.011755696
0.00041759786
0.011776642
0.0003640449
0.011779501
0.00031721413
0.01176965
0.00027725974
0.011751329
0.00024355867
0.011727726
0.00021529683
0.011701129
0.00019162126
0.011673123
0.00017170597
0.011644779
0.00015481161
0.011616806
0.00014032164
0.011589657
0.00012774662
0.011563606
0.00011670778
0.011538809
0.00010691436
0.01151534
9.8142392e-05
0.011493223
9.0217422e-05
0.01147245
8.3001011e-05
0.011452993
7.6380992e-05
0.011434812
7.0264873e-05
0.011417864
6.4575471e-05
0.0114021
5.92481e-05
0.011387478
5.4229064e-05
0.011373954
4.9475219e-05
0.011361489
4.4953971e-05
0.011350049
4.0643205e-05
0.0113396
3.653068e-05
0.011330113
3.2613075e-05
0.011321556
2.8894438e-05
0.011313897
2.5384398e-05
0.011307101
2.2095904e-05
0.011301126
1.9043032e-05
0.011295926
1.6238715e-05
0.011291452
1.3692955e-05
0.011287646
1.1411332e-05
0.011284448
9.3941682e-06
0.011281795
7.6361598e-06
0.011279624
6.1266023e-06
0.011277871
4.8500309e-06
0.011276475
3.7871927e-06
0.01127538
2.9162253e-06
0.011274533
2.2138428e-06
0.011273887
1.656519e-06
0.011273403
1.2214367e-06
0.011273044
8.8731731e-07
0.011272783
6.3491401e-07
0.011272596
4.473835e-07
0.011272464
3.1034206e-07
0.011272373
2.1187223e-07
0.01127231
1.4229384e-07
0.011272268
9.3973962e-08
0.01127224
6.098619e-08
0.011272222
3.8869565e-08
0.011272211
2.4300847e-08
0.011272204
1.4889852e-08
0.011272199
8.9226245e-09
0.011272197
5.2219884e-09
0.011272195
2.9721046e-09
0.011272194
1.6421766e-09
0.011272194
8.7185261e-10
0.011272193
4.4490825e-10
0.011272193
2.1086377e-10
0.011272193
9.5081065e-11
0.011272193
3.5740389e-11
0.011272193
1.2348723e-11
0.011272193
1.6066366e-12
0.011272193
5.4974926e-13
0.011272193
1.1647752e-13
0.011272193
2.0589482e-12
0.011272193
1.6895715e-12
0.011272193
3.2361694e-12
0.011272193
1.4307881e-12
0.011272193
3.5382677e-12
0.011272193
-1.8594926e-13
0.011272193
4.2295697e-12
0.011272193
-2.2252403e-12
0.011272193
6.0974145e-12
0.011272193
-3.3896348e-12
0.011272193
9.0382251e-12
0.011272193
-4.1160592e-12
0.011272193
1.1767547e-11
0.011272193
-7.2830584e-12
0.011272193
1.1046935e-11
0.011272193
-1.0584047e-11
0.011272193
5.9114146e-12
0.011272193
-1.951286e-11
0.011272193
-2.1812613e-11
0.011272193
-4.3329821e-11
0.011272193
-9.9195112e-11
0.011272193
-2.048634e-10
0.011272193
-6.6804926e-10
0.011272194
-9.6736463e-10
0.011272195
-1.1582116e-09
9.0081082e-10
0.010094914
6.7887447e-05
0.010340233
0.00019555684
0.01065185
0.00027846862
0.010969203
0.00030539056
0.011273712
0.00030593189
0.011556408
0.00029627481
0.011809192
0.00027933938
0.012028323
0.00025644133
0.012214931
0.00023099003
0.012372684
0.0002062915
0.012505824
0.00018407428
0.01261841
0.00016467326
0.012714075
0.00014789389
0.012795919
0.00013345261
0.012866501
0.00012103983
0.012927875
0.00011033228
0.012981666
0.00010102032
0.013029152
9.2835337e-05
0.013071338
8.5560716e-05
0.013109018
7.9028155e-05
0.013142824
7.3108101e-05
0.013173266
6.7700313e-05
0.013200758
6.2726116e-05
0.013225636
5.8122355e-05
0.01324818
5.3837014e-05
0.013268619
4.9826316e-05
0.013287142
4.6052903e-05
0.013303905
4.2484651e-05
0.01331904
3.9094212e-05
0.013332656
3.5859009e-05
0.013344848
3.2761696e-05
0.013355701
2.9790317e-05
0.013365293
2.6938467e-05
0.013373701
2.4204834e-05
0.013381002
2.1592809e-05
0.013387277
1.9109406e-05
0.013392609
1.6764313e-05
0.013397083
1.4568338e-05
0.01340079
1.2532233e-05
0.013403817
1.0665208e-05
0.013406255
8.9740272e-06
0.013408187
7.4620482e-06
0.013409694
6.128905e-06
0.013410851
4.9703007e-06
0.013411723
3.978328e-06
0.013412368
3.1419344e-06
0.013412837
2.4476471e-06
0.01341317
1.8803899e-06
0.013413403
1.4242699e-06
0.013413561
1.063401e-06
0.013413666
7.8246751e-07
0.013413733
5.6732221e-07
0.013413775
4.052064e-07
0.013413801
2.850655e-07
0.013413815
1.9745917e-07
0.013413822
1.3465518e-07
0.013413826
9.0347135e-08
0.013413827
5.9640376e-08
0.013413827
3.8689539e-08
0.013413827
2.4671948e-08
0.013413826
1.5428258e-08
0.013413826
9.4741354e-09
0.013413825
5.6808995e-09
0.013413825
3.3428919e-09
0.013413824
1.9033188e-09
0.013413824
1.0656328e-09
0.013413824
5.6399208e-10
0.013413824
2.9873628e-10
0.013413824
1.3968317e-10
0.013413824
7.1674065e-11
0.013413824
2.5636342e-11
0.013413824
1.5890848e-11
0.013413824
2.9351292e-12
0.013413824
7.1646945e-12
0.013413824
2.3324261e-13
0.013413824
7.0662042e-12
0.013413824
6.7288678e-13
0.013413824
6.3553634e-12
0.013413824
4.8216489e-13
0.013413824
4.6261771e-12
0.013413824
8.2238229e-13
0.013413824
2.758693e-12
0.013413824
1.4141138e-12
0.013413824
2.0240791e-12
0.013413824
3.114811e-12
0.013413824
1.2956476e-12
0.013413824
2.5671841e-12
0.013413824
-2.5588121e-12
0.013413824
-4.5251955e-12
0.013413824
-1.0019314e-11
0.013413824
-2.0778015e-11
0.013413824
-2.8006304e-11
0.013413824
-6.0503812e-11
0.013413824
-5.6217724e-11
0.013413824
-1.3581992e-10
0.013413823
-1.6215914e-10
0.013413823
-4.3344602e-10
0.013413824
-5.6459135e-10
0.013413825
-6.5862387e-10
4.4638217e-10
0.010067887
-1.3583635e-12
0.010263444
1.449609e-12
0.010541913
3.7108227e-12
0.010847303
4.110701e-12
0.011153235
3.4337624e-12
0.01144951
2.3400518e-12
0.01172885
1.5717256e-12
0.011985291
1.2560981e-12
0.012216281
1.2904514e-12
0.012422572
9.1595824e-13
0.012606647
-8.4819502e-13
0.01277132
-5.1147434e-12
0.012919214
-1.1050936e-11
0.013052666
-1.9040225e-11
0.013173706
-2.742361e-11
0.013284039
-3.5837105e-11
0.013385059
-4.1609926e-11
0.013477894
-4.5309617e-11
0.013563455
-4.5561897e-11
0.013642483
-3.6878916e-11
0.013715592
-1.8706049e-11
0.013783292
1.341251e-12
0.013846018
3.1122725e-11
0.013904141
7.0816567e-11
0.013957978
1.1476999e-10
0.014007804
1.6846714e-10
0.014053857
2.1878782e-10
0.014096341
2.7800973e-10
0.014135435
3.2589364e-10
0.014171294
3.8224231e-10
0.014204055
4.1934214e-10
0.014233845
4.6263005e-10
0.014260782
4.7836655e-10
0.014284987
4.9593339e-10
0.014306579
4.7711872e-10
0.014325688
4.5228446e-10
0.014342451
3.8834248e-10
0.014357019
3.1720682e-10
0.014369551
2.1475174e-10
0.014380216
1.1124548e-10
0.01438919
-4.8719221e-12
0.014396653
-1.0740885e-10
0.014402782
-2.0049778e-10
0.014407752
-2.6888309e-10
0.014411731
-3.1296967e-10
0.014414873
-3.3099831e-10
0.014417321
-3.2029958e-10
0.014419202
-2.9361996e-10
0.014420627
-2.4588862e-10
0.01442169
-1.9852307e-10
0.014422473
-1.4005754e-10
0.01442304
-9.5801666e-11
0.014423445
-4.8663842e-11
0.01442373
-2.409885e-11
0.014423927
6.4977149e-12
0.014424062
1.2084575e-11
0.014424152
2.3021193e-11
0.014424212
1.4062594e-11
0.01442425
1.5563063e-11
0.014424275
9.0804509e-13
0.01442429
5.2254787e-13
0.0144243
-1.1666323e-11
0.014424305
-1.0042605e-11
0.014424309
-1.8390622e-11
0.014424311
-1.2201019e-11
0.014424312
-1.8313024e-11
0.014424312
-9.582889e-12
0.014424313
-1.342523e-11
0.014424313
-3.3820879e-12
0.014424313
-7.5932336e-12
0.014424313
1.8715642e-12
0.014424313
-1.8870337e-12
0.014424313
6.7559494e-12
0.014424313
6.1631937e-13
0.014424313
7.7627008e-12
0.014424313
1.5179052e-12
0.014424313
7.9415897e-12
0.014424313
3.4567334e-13
0.014424313
6.2905868e-12
0.014424313
-5.1363426e-13
0.014424313
5.5205546e-12
0.014424313
-1.6809297e-12
0.014424313
4.5879234e-12
0.014424313
-1.4952119e-12
0.014424313
4.9534967e-12
0.014424313
-2.8891467e-12
0.014424313
1.2677889e-12
0.014424313
-9.330036e-12
0.014424313
-8.2649809e-12
0.014424313
-2.3985932e-11
0.014424313
-2.987559e-11
0.014424313
-5.4289607e-11
0.014424313
-6.0617953e-11
0.014424313
-8.1759986e-11
0.014424312
-8.1688031e-11
0.014424312
-9.4949037e-11
0.014424312
-1.1659528e-10
0.014424312
-1.096776e-10
0.014424313
7.0573583e-12
-5.2557751e-12
0.010067887
-6.788745e-05
0.010263444
-0.00019555683
0.010541913
-0.00027846861
0.010847303
-0.00030539056
0.011153235
-0.00030593188
0.01144951
-0.0002962748
0.01172885
-0.00027933938
0.011985291
-0.00025644133
0.012216281
-0.00023099003
0.012422572
-0.0002062915
0.012606647
-0.00018407428
0.01277132
-0.00016467327
0.012919214
-0.00014789391
0.013052666
-0.00013345265
0.013173706
-0.00012103988
0.013284039
-0.00011033234
0.013385059
-0.00010102039
0.013477894
-9.283541e-05
0.013563455
-8.5560783e-05
0.013642483
-7.9028201e-05
0.013715592
-7.3108114e-05
0.013783292
-6.7700281e-05
0.013846018
-6.2726028e-05
0.01390414
-5.8122197e-05
0.013957978
-5.3836778e-05
0.014007804
-4.9825996e-05
0.014053857
-4.6052499e-05
0.014096341
-4.2484161e-05
0.014135435
-3.9093643e-05
0.014171294
-3.5858361e-05
0.014204055
-3.2760984e-05
0.014233845
-2.9789545e-05
0.014260783
-2.6937663e-05
0.014284988
-2.4204008e-05
0.01430658
-2.1592009e-05
0.014325689
-1.9108655e-05
0.014342453
-1.6763667e-05
0.014357021
-1.456782e-05
0.014369553
-1.2531892e-05
0.014380218
-1.066505e-05
0.014389192
-8.9740695e-06
0.014396654
-7.4622687e-06
0.014402783
-6.1292837e-06
0.014407754
-4.9707926e-06
0.014411732
-3.9788894e-06
0.014414874
-3.1425159e-06
0.014417322
-2.4482008e-06
0.014419203
-1.8808843e-06
0.014420627
-1.4246746e-06
0.014421691
-1.0637124e-06
0.014422473
-7.8267475e-07
0.01442304
-5.674457e-07
0.014423445
-4.0525088e-07
0.01442373
-2.8506262e-07
0.014423928
-1.9741313e-07
0.014424062
-1.3459863e-07
0.014424152
-9.0281489e-08
0.014424212
-5.9590334e-08
0.01442425
-3.8646342e-08
0.014424275
-2.4652612e-08
0.01442429
-1.5418115e-08
0.0144243
-9.4846117e-09
0.014424305
-5.6939374e-09
0.014424309
-3.3681417e-09
0.014424311
-1.9236824e-09
0.014424312
-1.0926848e-09
0.014424312
-5.8050138e-10
0.014424313
-3.1762437e-10
0.014424313
-1.4682589e-10
0.014424313
-8.075709e-11
0.014424313
-2.4735839e-11
0.014424313
-1.4037757e-11
0.014424313
5.7462043e-12
0.014424313
-1.6046996e-12
0.014424313
1.0360514e-11
0.014424313
-2.427333e-13
0.014424313
9.1429537e-12
0.014424313
-2.0893427e-12
0.014424313
6.7010317e-12
0.014424313
-1.8600803e-12
0.014424313
4.3224362e-12
0.014424313
-2.4528951e-12
0.014424313
2.6208125e-12
0.014424313
-7.670814e-13
0.014424313
1.1236957e-12
0.014424313
-3.5132318e-12
0.014424313
-4.2027405e-12
0.014424313
-1.2514516e-11
0.014424313
-1.6375431e-11
0.014424313
-3.4132981e-11
0.014424313
-4.3576787e-11
0.014424313
-7.1979708e-11
0.014424313
-6.2266569e-11
0.014424313
-8.3989997e-11
0.014424312
-2.2501964e-11
0.014424312
-7.8207639e-11
0.014424311
2.0969906e-10
0.014424312
5.1012971e-10
0.014424313
6.328298e-10
-4.936851e-10
0.010094914
-0.00016280097
0.010340233
-0.00044087638
0.01065185
-0.0005900855
0.010969203
-0.0006227434
0.011273712
-0.00061044096
0.011556408
-0.00057897139
0.011809192
-0.00053212285
0.012028323
-0.00047557234
0.012214931
-0.00041759786
0.012372684
-0.0003640449
0.012505824
-0.00031721414
0.01261841
-0.00027725975
0.012714075
-0.00024355868
0.012795919
-0.00021529685
0.012866501
-0.00019162129
0.012927875
-0.00017170601
0.012981666
-0.00015481165
0.013029152
-0.00014032167
0.013071338
-0.00012774663
0.013109018
-0.00011670778
0.013142824
-0.00010691432
0.013173266
-9.8142308e-05
0.013200757
-9.0217289e-05
0.013225636
-8.300083e-05
0.01324818
-7.6380753e-05
0.013268619
-7.026459e-05
0.013287142
-6.4575129e-05
0.013303906
-5.9247726e-05
0.013319041
-5.4228631e-05
0.013332657
-4.9474763e-05
0.01334485
-4.4953459e-05
0.013355703
-4.0642686e-05
0.013365295
-3.653012e-05
0.013373703
-3.2612539e-05
0.013381005
-2.8893902e-05
0.01338728
-2.5383938e-05
0.013392612
-2.2095503e-05
0.013397087
-1.9042763e-05
0.013400793
-1.6238561e-05
0.013403821
-1.3692962e-05
0.013406258
-1.1411467e-05
0.01340819
-9.394441e-06
0.013409698
-7.636527e-06
0.013410854
-6.1270381e-06
0.013411725
-4.8504944e-06
0.013412371
-3.7876403e-06
0.013412839
-2.9166359e-06
0.013413172
-2.2141745e-06
0.013413404
-1.6567813e-06
0.013413562
-1.2215971e-06
0.013413667
-8.8741278e-07
0.013413734
-6.3492136e-07
0.013413776
-4.4735747e-07
0.013413801
-3.1025911e-07
0.013413815
-2.1179034e-07
0.013413823
-1.4218496e-07
0.013413826
-9.3893932e-08
0.013413827
-6.0897259e-08
0.013413827
-3.8820049e-08
0.013413827
-2.4247127e-08
0.013413826
-1.4875993e-08
0.013413826
-8.89989e-09
0.013413825
-5.2314407e-09
0.013413825
-2.9657519e-09
0.013413824
-1.6619109e-09
0.013413824
-8.7015083e-10
0.013413824
-4.6350948e-10
0.013413824
-2.0637345e-10
0.013413824
-1.0848102e-10
0.013413824
-2.8725346e-11
0.013413824
-1.8495165e-11
0.013413824
1.2734546e-11
0.013413824
-3.8744974e-12
0.013413824
1.5643991e-11
0.013413824
-4.5911481e-12
0.013413824
1.3849743e-11
0.013413824
-7.8520997e-12
0.013413824
1.1703563e-11
0.013413824
-9.8734115e-12
0.013413824
1.2090648e-11
0.013413824
-1.2785362e-11
0.013413824
1.2501593e-11
0.013413824
-1.4139823e-11
0.013413824
1.4524453e-11
0.013413824
-1.7637677e-11
0.013413824
1.2703257e-11
0.013413824
-2.5301016e-11
0.013413824
3.3901338e-12
0.013413824
-4.3860058e-11
0.013413824
-1.8353169e-11
0.013413824
-7.8239535e-11
0.013413824
-5.1381791e-11
0.013413824
-9.0785169e-11
0.013413824
-5.2857787e-11
0.013413823
-3.435474e-11
0.013413823
7.1086079e-11
0.013413823
5.0374328e-10
0.013413824
8.0749873e-10
0.013413825
1.1336231e-09
-9.1996049e-10
0.010181464
-0.00034426523
0.010521798
-0.00078121008
0.010842482
-0.00091076935
0.011112769
-0.00089303048
0.011336019
-0.00083369154
0.011508579
-0.00075153081
0.011630743
-0.00065428725
0.011709906
-0.00055473486
0.011755696
-0.00046338793
0.011776642
-0.00038499129
0.011779501
-0.00032007259
0.01176965
-0.00026740901
0.011751329
-0.00022523726
0.011727726
-0.00019169439
0.011701129
-0.00016502452
0.011673123
-0.0001436994
0.011644779
-0.00012646768
0.011616806
-0.00011234883
0.011589657
-0.00010059731
0.011563606
-9.0656928e-05
0.011538808
-8.2116705e-05
0.011515339
-7.4673203e-05
0.011493223
-6.8100565e-05
0.01147245
-6.2227981e-05
0.011452993
-5.6923677e-05
0.011434813
-5.2084058e-05
0.011417864
-4.7626522e-05
0.011402102
-4.3484832e-05
0.01138748
-3.96064e-05
0.011373956
-3.595085e-05
0.011361491
-3.248916e-05
0.011350051
-2.9202755e-05
0.011339603
-2.6082239e-05
0.011330117
-2.3125857e-05
0.01132156
-2.0337666e-05
0.011313902
-1.7725538e-05
0.011307105
-1.529912e-05
0.01130113
-1.3067914e-05
0.011295931
-1.1039524e-05
0.011291456
-9.2184654e-06
0.01128765
-7.6052903e-06
0.011284452
-6.1962925e-06
0.011281799
-4.9835307e-06
0.011279627
-3.9553241e-06
0.011277874
-3.0969326e-06
0.011276478
-2.3914755e-06
0.011275382
-1.8208481e-06
0.011274534
-1.3666322e-06
0.011273888
-1.0108811e-06
0.011273404
-7.3674446e-07
0.011273045
-5.2893448e-07
0.011272784
-3.7397045e-07
0.011272597
-2.6031935e-07
0.011272465
-1.7833918e-07
0.011272373
-1.2020274e-07
0.01127231
-7.9664947e-08
0.011272268
-5.1893471e-08
0.01127224
-3.319218e-08
0.011272222
-2.0835412e-08
0.011272211
-1.281457e-08
0.011272204
-7.7167727e-09
0.011272199
-4.534313e-09
0.011272197
-2.5986178e-09
0.011272195
-1.4425363e-09
0.011272194
-7.759787e-10
0.011272194
-3.9575851e-10
0.011272193
-1.9344021e-10
0.011272193
-8.4188271e-11
0.011272193
-3.5058816e-11
0.011272193
-7.2247138e-12
0.011272193
-3.4196112e-13
0.011272193
5.6590796e-12
0.011272193
2.1694244e-12
0.011272193
5.4181163e-12
0.011272193
7.2628362e-13
0.011272193
3.1525803e-12
0.011272193
-1.6568898e-12
0.011272193
2.5899106e-12
0.011272193
-2.2262642e-12
0.011272193
2.2634044e-12
0.011272193
-4.4146373e-12
0.011272193
3.5192649e-12
0.011272193
-4.8880134e-12
0.011272193
4.2919462e-12
0.011272193
-8.8553007e-12
0.011272193
3.0481197e-12
0.011272193
-1.7188496e-11
0.011272193
-5.433929e-12
0.011272193
-3.6058341e-11
0.011272193
-2.4092166e-11
0.011272193
-7.0584153e-11
0.011272193
-5.3799454e-11
0.011272193
-7.8449012e-11
0.011272193
-2.5011169e-11
0.011272193
-1.2099417e-11
0.011272192
9.1161231e-11
0.011272192
4.7424735e-10
0.011272194
1.0350862e-09
0.011272195
1.3851039e-09
-1.103631e-09
0.010341662
-0.00068592733
0.010578185
-0.0010177325
0.010615671
-0.00094825612
0.010553945
-0.00083130446
0.010425822
-0.00070556835
0.010248588
-0.00057429669
0.010044964
-0.00045066292
0.0098354633
-0.0003452345
0.0096327877
-0.00026071239
0.0094437391
-0.00019594266
0.0092713598
-0.00014769334
0.0091165946
-0.00011264378
0.0089790044
-8.7647121e-05
0.0088572873
-6.9977234e-05
0.008749733
-5.7470196e-05
0.0086545473
-4.8513668e-05
0.008570037
-4.1957398e-05
0.0084946948
-3.7006598e-05
0.0084272243
-3.3126769e-05
0.0083665345
-2.9967065e-05
0.0083117195
-2.7301613e-05
0.008262033
-2.4986526e-05
0.0082168624
-2.2929862e-05
0.0081757061
-2.1071554e-05
0.0081381533
-1.9370736e-05
0.0081038674
-1.7798061e-05
0.0080725724
-1.633141e-05
0.008044041
-1.4953414e-05
0.0080180851
-1.3650473e-05
0.0079945464
-1.2412197e-05
0.0079732885
-1.1231504e-05
0.0079541899
-1.010425e-05
0.0079371366
-9.0291811e-06
0.0079220177
-8.0071718e-06
0.0079087206
-7.0409457e-06
0.007897129
-6.1340718e-06
0.0078871205
-5.2908512e-06
0.0078785677
-4.515225e-06
0.0078713384
-3.8103355e-06
0.0078652979
-3.1779305e-06
0.007860311
-2.6183358e-06
0.007856245
-2.1302101e-06
0.0078529723
-1.7107224e-06
0.0078503729
-1.3556728e-06
0.0078483359
-1.0597901e-06
0.0078467617
-8.1708674e-07
0.0078455621
-6.2112891e-07
0.007844661
-4.6546267e-07
0.007843994
-3.4375124e-07
0.0078435074
-2.5016084e-07
0.0078431579
-1.7931876e-07
0.0078429104
-1.2661207e-07
0.0078427381
-8.7995117e-08
0.0078426199
-6.0214777e-08
0.0078425401
-4.0517579e-08
0.0078424872
-2.6833229e-08
0.0078424526
-1.7443131e-08
0.0078424305
-1.1158382e-08
0.0078424166
-6.983346e-09
0.007842408
-4.3052882e-09
0.0078424028
-2.5768683e-09
0.0078423997
-1.5273636e-09
0.0078423979
-8.6264602e-10
0.0078423969
-4.9299929e-10
0.0078423964
-2.5292684e-10
0.0078423961
-1.4264973e-10
0.007842396
-5.8627606e-11
0.0078423959
-3.81415e-11
0.0078423959
-6.2456257e-12
0.0078423959
-1.1043524e-11
0.0078423959
5.6630891e-12
0.0078423959
-6.641134e-12
0.0078423959
7.2142505e-12
0.0078423959
-5.8652391e-12
0.0078423959
6.7517032e-12
0.0078423959
-6.612941e-12
0.0078423959
6.4918456e-12
0.0078423959
-6.0966889e-12
0.0078423959
5.9682566e-12
0.0078423959
-6.3261358e-12
0.0078423959
5.4144507e-12
0.0078423959
-5.147955e-12
0.0078423959
4.5398279e-12
0.0078423959
-5.1944718e-12
0.0078423959
1.6159161e-12
0.0078423959
-6.7661083e-12
0.0078423959
-4.65928e-12
0.0078423958
-1.3571444e-11
0.0078423958
-1.7202345e-11
0.0078423958
-2.9004221e-11
0.0078423957
-4.0331476e-11
0.0078423956
-3.6667194e-11
0.0078423957
-3.1462544e-11
0.0078423956
-2.3543292e-11
0.0078423953
-4.9665247e-11
0.0078423949
7.1767069e-11
0.0078423955
4.1065075e-10
0.0078423971
8.4596332e-10
0.0078423986
1.1581239e-09
-6.2892859e-10
0.0093140727
0.0082963402
0.007348084
0.0065167796
0.0058112112
0.0052369145
0.0047862516
0.0044410171
0.0041803047
0.0039843621
0.0038366687
0.0037240249
0.0036363778
0.0035664006
0.0035089304
0.0034604167
0.0034184594
0.0033814528
0.0033483261
0.003318359
0.0032910575
0.003266071
0.0032431412
0.0032220697
0.003202699
0.003184901
0.0031685696
0.0031536161
0.0031399656
0.0031275533
0.0031163217
0.0031062172
0.0030971879
0.0030891805
0.0030821395
0.0030760052
0.0030707143
0.003066199
0.0030623887
0.0030592108
0.0030565925
0.0030544624
0.0030527518
0.0030513962
0.0030503365
0.0030495196
0.0030488985
0.0030484332
0.0030480894
0.0030478393
0.00304766
0.0030475334
0.0030474454
0.0030473851
0.0030473445
0.0030473177
0.0030473002
0.003047289
0.003047282
0.0030472776
0.003047275
0.0030472735
0.0030472726
0.0030472721
0.0030472718
0.0030472717
0.0030472716
0.0030472716
0.0030472715
0.0030472715
0.0030472715
0.0030472715
0.0030472715
0.0030472715
0.0030472715
0.0030472715
0.0030472715
0.0030472715
0.0030472715
0.0030472715
0.0030472715
0.0030472715
0.0030472715
0.0030472715
0.0030472715
0.0030472715
0.0030472715
0.0030472715
0.0030472714
0.0030472714
0.0030472713
0.0030472713
0.0030472713
0.0030472712
0.0030472709
0.0030472711
0.003047272
0.0030472736
0.0030472751
)
;

boundaryField
{
    top
    {
        type            calculated;
        value           uniform 0;
    }
    bottom
    {
        type            calculated;
        value           uniform 0;
    }
    inlet
    {
        type            calculated;
        value           nonuniform List<scalar> 10(-0.01 -0.01 -0.01 -0.01 -0.01 -0.01 -0.01 -0.01 -0.01 -0.01);
    }
    outlet
    {
        type            calculated;
        value           nonuniform List<scalar> 10(0.0030472749 0.0078423989 0.011272196 0.013413826 0.014424314 0.014424314 0.013413826 0.011272195 0.0078423985 0.0030472744);
    }
    front
    {
        type            empty;
    }
    back
    {
        type            empty;
    }
}


// ************************************************************************* //
