/*--------------------------------*- C++ -*----------------------------------*\
  =========                 |
  \\      /  F ield         | OpenFOAM: The Open Source CFD Toolbox
   \\    /   O peration     | Website:  https://openfoam.org
    \\  /    A nd           | Version:  13
     \\/     M anipulation  |
\*---------------------------------------------------------------------------*/
FoamFile
{
    format      ascii;
    class       volVectorField;
    location    "4";
    object      U;
}
// * * * * * * * * * * * * * * * * * * * * * * * * * * * * * * * * * * * * * //

dimensions      [0 1 -1 0 0 0 0];

internalField   nonuniform List<vector> 
1000
(
(0.92074242 0.03382768 0)
(0.8635379 0.056684189 0)
(0.78799128 0.052753989 0)
(0.69766164 0.04123705 0)
(0.61471547 0.030203119 0)
(0.54875565 0.020988041 0)
(0.49827331 0.013660603 0)
(0.4594935 0.0082996727 0)
(0.42978781 0.0047357593 0)
(0.40728607 0.0025320037 0)
(0.39034527 0.0012495524 0)
(0.37751736 0.00056148481 0)
(0.36764354 0.00024220076 0)
(0.35986287 0.00013610169 0)
(0.35356147 0.00013908307 0)
(0.34831235 0.00018677596 0)
(0.34382412 0.00024351418 0)
(0.33990085 0.00029225974 0)
(0.33641185 0.00032686391 0)
(0.33326982 0.00034688252 0)
(0.33041561 0.00035440721 0)
(0.32780807 0.00035228709 0)
(0.32541748 0.00034325216 0)
(0.32322149 0.00032957317 0)
(0.32120264 0.00031299104 0)
(0.31934686 0.00029475741 0)
(0.31764261 0.00027571517 0)
(0.31608027 0.00025639925 0)
(0.31465176 0.00023713391 0)
(0.31335017 0.00021811649 0)
(0.31216945 0.00019947173 0)
(0.31110411 0.00018129166 0)
(0.3101489 0.00016365613 0)
(0.30929857 0.00014665088 0)
(0.3085477 0.00013036824 0)
(0.30789053 0.00011490514 0)
(0.30732088 0.0001003441 0)
(0.30683219 8.6758284e-05 0)
(0.3064175 7.4213377e-05 0)
(0.30606963 6.2765973e-05 0)
(0.30578129 5.245369e-05 0)
(0.30554524 4.3292663e-05 0)
(0.30535445 3.5272416e-05 0)
(0.30520227 2.8357414e-05 0)
(0.30508249 2.2488108e-05 0)
(0.30498951 1.7585681e-05 0)
(0.30491832 1.3557159e-05 0)
(0.3048646 1.0300616e-05 0)
(0.30482463 7.7117824e-06 0)
(0.30479532 5.6874218e-06 0)
(0.30477415 4.1313022e-06 0)
(0.30475909 2.9545318e-06 0)
(0.30474853 2.0801923e-06 0)
(0.30474124 1.4408684e-06 0)
(0.30473629 9.82064e-07 0)
(0.30473299 6.5773794e-07 0)
(0.30473081 4.3320967e-07 0)
(0.30472941 2.7978955e-07 0)
(0.30472852 1.7763224e-07 0)
(0.30472796 1.1013988e-07 0)
(0.30472762 6.7151502e-08 0)
(0.30472742 3.9626575e-08 0)
(0.3047273 2.3107813e-08 0)
(0.30472723 1.2757245e-08 0)
(0.3047272 7.1020621e-09 0)
(0.30472718 3.4887968e-09 0)
(0.30472717 1.9204656e-09 0)
(0.30472716 7.0892133e-10 0)
(0.30472716 4.9187376e-10 0)
(0.30472716 -4.0874376e-11 0)
(0.30472715 1.8875878e-10 0)
(0.30472715 -1.4196095e-10 0)
(0.30472715 1.6626275e-10 0)
(0.30472715 -1.54979e-10 0)
(0.30472715 1.756937e-10 0)
(0.30472715 -1.426656e-10 0)
(0.30472715 1.8180485e-10 0)
(0.30472715 -1.668182e-10 0)
(0.30472715 1.9349148e-10 0)
(0.30472715 -1.7015944e-10 0)
(0.30472715 2.2060134e-10 0)
(0.30472715 -1.9370482e-10 0)
(0.30472715 2.7216738e-10 0)
(0.30472715 -1.8647371e-10 0)
(0.30472715 3.6790107e-10 0)
(0.30472715 -1.8084292e-10 0)
(0.30472715 5.5563731e-10 0)
(0.30472715 -1.1426864e-10 0)
(0.30472715 8.8114606e-10 0)
(0.30472715 2.5180364e-11 0)
(0.30472715 1.5296097e-09 0)
(0.30472715 4.2926787e-10 0)
(0.30472714 2.8095364e-09 0)
(0.30472715 1.3397736e-09 0)
(0.30472712 3.3570904e-09 0)
(0.30472713 -4.9069387e-09 0)
(0.30472712 -8.6479399e-09 0)
(0.30472725 -3.2869797e-09 0)
(0.30472744 -9.8168093e-09 0)
(0.30472748 5.8023597e-08 0)
(1.0019381 0.052732952 0)
(1.0365395 0.10225273 0)
(1.0602516 0.11315447 0)
(1.0635369 0.10904657 0)
(1.0522936 0.099516642 0)
(1.0346517 0.087114564 0)
(1.0147897 0.073372945 0)
(0.99415481 0.059906427 0)
(0.97358882 0.047879998 0)
(0.95388231 0.03778701 0)
(0.93564857 0.029664965 0)
(0.91918208 0.023328481 0)
(0.90451736 0.018501431 0)
(0.89154459 0.014885399 0)
(0.88009334 0.012200064 0)
(0.86997756 0.010205749 0)
(0.86101738 0.0087113439 0)
(0.85304963 0.0075722443 0)
(0.84593228 0.0066832519 0)
(0.83954502 0.0059700629 0)
(0.8337877 0.0053813086 0)
(0.82857776 0.0048819374 0)
(0.8238475 0.0044480944 0)
(0.81954155 0.0040634058 0)
(0.81561464 0.00371644 0)
(0.81202975 0.0033990488 0)
(0.80875654 0.0031052993 0)
(0.80577011 0.0028308075 0)
(0.80304991 0.0025723536 0)
(0.80057881 0.0023276747 0)
(0.79834226 0.0020953344 0)
(0.79632749 0.0018746011 0)
(0.79452284 0.0016653121 0)
(0.79291714 0.0014677293 0)
(0.79149927 0.0012823916 0)
(0.79025782 0.0011099669 0)
(0.78918084 0.00095110714 0)
(0.78825583 0.00080633758 0)
(0.78746977 0.00067598002 0)
(0.78680928 0.00056010006 0)
(0.78626082 0.00045847966 0)
(0.78581094 0.00037061805 0)
(0.78544659 0.00029575545 0)
(0.78515534 0.00023291818 0)
(0.78492564 0.00018097391 0)
(0.78474695 0.00013869493 0)
(0.78460987 0.00010481751 0)
(0.7845062 7.8097943e-05 0)
(0.78442893 5.7356304e-05 0)
(0.78437217 4.1510968e-05 0)
(0.7843311 2.9599273e-05 0)
(0.78430182 2.0788507e-05 0)
(0.78428128 1.4376794e-05 0)
(0.78426708 9.7869154e-06 0)
(0.78425743 6.5554635e-06 0)
(0.78425097 4.3182179e-06 0)
(0.78424673 2.7957665e-06 0)
(0.78424398 1.7775638e-06 0)
(0.78424224 1.1089547e-06 0)
(0.78424115 6.7785137e-07 0)
(0.78424049 4.0540664e-07 0)
(0.7842401 2.3665806e-07 0)
(0.78423987 1.3454217e-07 0)
(0.78423974 7.4163407e-08 0)
(0.78423966 3.9448525e-08 0)
(0.78423962 2.0100724e-08 0)
(0.78423961 9.7493974e-09 0)
(0.7842396 4.4287316e-09 0)
(0.78423959 1.8944044e-09 0)
(0.78423959 7.2918741e-10 0)
(0.78423959 3.4738458e-10 0)
(0.78423959 1.4210924e-10 0)
(0.78423959 1.7726457e-10 0)
(0.78423959 9.4027848e-11 0)
(0.78423959 2.0427452e-10 0)
(0.78423959 8.3471834e-11 0)
(0.78423959 1.6931708e-10 0)
(0.78423959 -2.7134704e-12 0)
(0.78423959 1.663842e-10 0)
(0.78423959 -6.4856056e-11 0)
(0.78423959 2.1314542e-10 0)
(0.78423959 -1.4032983e-10 0)
(0.78423959 3.7758654e-10 0)
(0.78423959 -1.4328625e-10 0)
(0.78423959 6.3376586e-10 0)
(0.78423959 -1.848769e-10 0)
(0.78423958 1.0134238e-09 0)
(0.78423959 -2.8295882e-10 0)
(0.78423958 1.475382e-09 0)
(0.7842396 -2.4885705e-10 0)
(0.78423958 2.4771626e-09 0)
(0.7842396 -5.8732254e-11 0)
(0.78423957 2.8856969e-09 0)
(0.78423962 -9.3091195e-10 0)
(0.78423954 -1.7328485e-09 0)
(0.78423961 -1.9946233e-08 0)
(0.78423947 -5.66272e-08 0)
(0.78423977 -1.0272883e-07 0)
(0.78423979 -1.3879553e-07 0)
(0.78423987 1.1020151e-07 0)
(1.0002467 0.026719373 0)
(1.0283936 0.062555472 0)
(1.0646999 0.077616135 0)
(1.0979952 0.080476434 0)
(1.1240764 0.078058205 0)
(1.1435811 0.072916703 0)
(1.1579043 0.065986648 0)
(1.1678876 0.058204381 0)
(1.1741542 0.05049531 0)
(1.177419 0.043466506 0)
(1.1784515 0.037360309 0)
(1.177931 0.032189244 0)
(1.1763804 0.027866328 0)
(1.1741776 0.024274576 0)
(1.1715895 0.021294559 0)
(1.1688025 0.018815229 0)
(1.1659447 0.016739271 0)
(1.163101 0.014985472 0)
(1.1603264 0.013488521 0)
(1.1576544 0.012197083 0)
(1.1551046 0.011071216 0)
(1.1526869 0.010079874 0)
(1.1504053 0.009198744 0)
(1.1482597 0.0084085113 0)
(1.1462479 0.0076935777 0)
(1.1443663 0.0070411781 0)
(1.1426104 0.0064407874 0)
(1.1409756 0.0058837168 0)
(1.1394572 0.0053628722 0)
(1.1380508 0.0048726402 0)
(1.1367524 0.0044088398 0)
(1.1355581 0.003968656 0)
(1.1344646 0.0035505219 0)
(1.1334688 0.00315394 0)
(1.1325675 0.0027792616 0)
(1.1317575 0.0024274328 0)
(1.1310356 0.0020997268 0)
(1.1303979 0.0017974755 0)
(1.1298401 0.0015218263 0)
(1.1293574 0.0012735492 0)
(1.1289444 0.0010529053 0)
(1.1285952 0.00085957933 0)
(1.1283037 0.00069267399 0)
(1.1280635 0.00055075928 0)
(1.1278683 0.00043196214 0)
(1.1277118 0.00033408443 0)
(1.1275881 0.00025473 0)
(1.1274918 0.00019143107 0)
(1.1274179 0.0001417595 0)
(1.127362 0.00010341885 0)
(1.1273204 7.4310647e-05 0)
(1.1272899 5.2576888e-05 0)
(1.1272679 3.6618915e-05 0)
(1.1272522 2.5097959e-05 0)
(1.1272412 1.6920796e-05 0)
(1.1272337 1.1216101e-05 0)
(1.1272286 7.3053124e-06 0)
(1.1272252 4.6718314e-06 0)
(1.127223 2.9306032e-06 0)
(1.1272216 1.8010376e-06 0)
(1.1272207 1.0824451e-06 0)
(1.1272201 6.3498412e-07 0)
(1.1272198 3.6225745e-07 0)
(1.1272196 2.0032964e-07 0)
(1.1272194 1.0647241e-07 0)
(1.1272194 5.4058728e-08 0)
(1.1272193 2.5645306e-08 0)
(1.1272193 1.1125018e-08 0)
(1.1272193 4.086852e-09 0)
(1.1272193 1.0230528e-09 0)
(1.1272193 1.5889795e-11 0)
(1.1272193 -3.252394e-10 0)
(1.1272193 -1.1887095e-10 0)
(1.1272193 -8.6158225e-11 0)
(1.1272193 1.6249067e-10 0)
(1.1272193 1.1633642e-10 0)
(1.1272193 2.4330558e-10 0)
(1.1272193 7.2310305e-11 0)
(1.1272193 2.725584e-10 0)
(1.1272193 -7.1289035e-11 0)
(1.1272193 3.2942138e-10 0)
(1.1272193 -2.2181627e-10 0)
(1.1272193 5.3012916e-10 0)
(1.1272193 -2.96122e-10 0)
(1.1272193 8.392188e-10 0)
(1.1272193 -3.6337958e-10 0)
(1.1272193 1.2183726e-09 0)
(1.1272193 -6.0344616e-10 0)
(1.1272193 1.4027274e-09 0)
(1.1272193 -8.7631718e-10 0)
(1.1272193 1.5956035e-09 0)
(1.1272194 -1.2532332e-09 0)
(1.1272193 -5.6386453e-10 0)
(1.1272194 -3.4955795e-09 0)
(1.1272192 -9.3919194e-09 0)
(1.1272194 -2.067383e-08 0)
(1.1272191 -6.9407342e-08 0)
(1.1272196 -1.1062683e-07 0)
(1.1272193 -1.3572558e-07 0)
(1.1272196 1.0948134e-07 0)
(1.0000321 0.011727708 0)
(1.0173964 0.03056301 0)
(1.0455868 0.040990651 0)
(1.0788322 0.044657214 0)
(1.1117702 0.044906464 0)
(1.1419848 0.043513534 0)
(1.168932 0.040998601 0)
(1.1925675 0.037703849 0)
(1.2129264 0.034089241 0)
(1.2301845 0.03055832 0)
(1.2446893 0.027330532 0)
(1.2568765 0.024472165 0)
(1.2671725 0.021975525 0)
(1.2759418 0.019808521 0)
(1.2834763 0.017931977 0)
(1.2900055 0.016304359 0)
(1.2957096 0.014885039 0)
(1.3007308 0.013637439 0)
(1.305181 0.012530822 0)
(1.3091483 0.011540433 0)
(1.3127024 0.010646698 0)
(1.3158992 0.0098341631 0)
(1.3187836 0.0090905014 0)
(1.3213923 0.0084056786 0)
(1.3237556 0.0077713307 0)
(1.3258983 0.0071803557 0)
(1.3278413 0.0066266665 0)
(1.3296015 0.0061050293 0)
(1.3311931 0.0056109862 0)
(1.332628 0.0051408494 0)
(1.3339162 0.0046917529 0)
(1.3350665 0.0042616889 0)
(1.3360869 0.0038495145 0)
(1.3369851 0.0034548962 0)
(1.3377687 0.0030782233 0)
(1.3384455 0.0027204618 0)
(1.3390236 0.0023829815 0)
(1.3395115 0.0020673409 0)
(1.339918 0.0017750811 0)
(1.3402521 0.0015075229 0)
(1.3405227 0.0012656107 0)
(1.3407386 0.001049789 0)
(1.3409081 0.00085994248 0)
(1.341039 0.00069538312 0)
(1.3411383 0.00055489283 0)
(1.3412123 0.00043680251 0)
(1.3412664 0.00033910081 0)
(1.3413051 0.00025955544 0)
(1.3413323 0.00019583379 0)
(1.3413509 0.00014561581 0)
(1.3413633 0.00010668403 0)
(1.3413714 7.6996723e-05 0)
(1.3413764 5.4729787e-05 0)
(1.3413795 3.8305094e-05 0)
(1.3413812 2.6389712e-05 0)
(1.3413822 1.7891061e-05 0)
(1.3413826 1.1930264e-05 0)
(1.3413828 7.8219962e-06 0)
(1.3413828 5.0382195e-06 0)
(1.3413828 3.1866424e-06 0)
(1.3413827 1.9760585e-06 0)
(1.3413826 1.2009355e-06 0)
(1.3413825 7.1289987e-07 0)
(1.3413825 4.1351599e-07 0)
(1.3413825 2.3256072e-07 0)
(1.3413824 1.2723467e-07 0)
(1.3413824 6.6381361e-08 0)
(1.3413824 3.3487124e-08 0)
(1.3413824 1.5426735e-08 0)
(1.3413824 6.8534677e-09 0)
(1.3413824 2.3512297e-09 0)
(1.3413824 9.5750835e-10 0)
(1.3413824 3.3144181e-11 0)
(1.3413824 2.8634256e-10 0)
(1.3413824 -5.9660075e-11 0)
(1.3413824 3.9826016e-10 0)
(1.3413824 5.8603625e-11 0)
(1.3413824 3.7957208e-10 0)
(1.3413824 1.0109591e-10 0)
(1.3413824 2.2471585e-10 0)
(1.3413824 1.6215908e-10 0)
(1.3413824 9.1294792e-11 0)
(1.3413824 2.8173916e-10 0)
(1.3413824 2.2812551e-11 0)
(1.3413824 4.9447975e-10 0)
(1.3413824 -3.094083e-11 0)
(1.3413824 5.9104987e-10 0)
(1.3413824 -4.0165047e-10 0)
(1.3413824 2.5459996e-10 0)
(1.3413824 -9.6993434e-10 0)
(1.3413823 -8.0106011e-10 0)
(1.3413825 -2.2155383e-09 0)
(1.3413823 -4.8435447e-09 0)
(1.3413825 -5.0251227e-09 0)
(1.3413822 -1.3503763e-08 0)
(1.3413825 -1.8882534e-08 0)
(1.341382 -5.910844e-08 0)
(1.3413827 -8.0492807e-08 0)
(1.3413822 -9.4162569e-08 0)
(1.3413826 6.7627097e-08 0)
(1.0001568 0.0034383899 0)
(1.0134518 0.0092557578 0)
(1.036628 0.012853237 0)
(1.0666034 0.014335332 0)
(1.0987808 0.014626033 0)
(1.1300714 0.014363665 0)
(1.1593035 0.013741398 0)
(1.1861973 0.012840077 0)
(1.2106426 0.011790247 0)
(1.2325907 0.010728547 0)
(1.2521405 0.0097373971 0)
(1.2695358 0.0088455635 0)
(1.2850803 0.0080549577 0)
(1.299059 0.0073587671 0)
(1.3117082 0.0067474742 0)
(1.3232167 0.0062100548 0)
(1.3337361 0.0057349378 0)
(1.3433896 0.0053112677 0)
(1.3522774 0.0049297781 0)
(1.3604811 0.0045830162 0)
(1.3680674 0.0042651485 0)
(1.3750914 0.0039716333 0)
(1.3815994 0.0036988998 0)
(1.3876308 0.0034440748 0)
(1.3932196 0.0032047771 0)
(1.398395 0.0029789856 0)
(1.4031825 0.0027649614 0)
(1.407604 0.0025611998 0)
(1.4116784 0.0023664055 0)
(1.4154222 0.002179497 0)
(1.4188498 0.0019996299 0)
(1.4219744 0.0018262238 0)
(1.4248079 0.0016589743 0)
(1.4273621 0.0014978499 0)
(1.4296489 0.0013430727 0)
(1.4316806 0.0011950799 0)
(1.4334705 0.0010544703 0)
(1.4350331 0.00092193365 0)
(1.4363836 0.00079817696 0)
(1.4375388 0.00068384682 0)
(1.4385158 0.00057946551 0)
(1.4393326 0.0004853738 0)
(1.4400072 0.00040169842 0)
(1.4405574 0.00032833325 0)
(1.4410003 0.00026494706 0)
(1.4413521 0.00021100344 0)
(1.4416277 0.00016579912 0)
(1.4418408 0.00012850711 0)
(1.4420031 9.8226433e-05 0)
(1.442125 7.4028588e-05 0)
(1.4422152 5.4999862e-05 0)
(1.442281 4.0275517e-05 0)
(1.4423282 2.9064392e-05 0)
(1.4423617 2.0665555e-05 0)
(1.442385 1.4474492e-05 0)
(1.442401 9.9849153e-06 0)
(1.4424118 6.7815909e-06 0)
(1.4424189 4.5336192e-06 0)
(1.4424236 2.9816098e-06 0)
(1.4424266 1.9284356e-06 0)
(1.4424285 1.2253707e-06 0)
(1.4424296 7.6460285e-07 0)
(1.4424303 4.6760635e-07 0)
(1.4424308 2.8026339e-07 0)
(1.442431 1.6395057e-07 0)
(1.4424311 9.3687078e-08 0)
(1.4424312 5.184456e-08 0)
(1.4424312 2.7967018e-08 0)
(1.4424313 1.4411194e-08 0)
(1.4424313 7.2947998e-09 0)
(1.4424313 3.3611525e-09 0)
(1.4424313 1.8098109e-09 0)
(1.4424313 7.9749897e-10 0)
(1.4424313 7.1089769e-10 0)
(1.4424313 3.2962713e-10 0)
(1.4424313 5.5243522e-10 0)
(1.4424313 2.9381032e-10 0)
(1.4424313 4.5586164e-10 0)
(1.4424313 2.0481498e-10 0)
(1.4424313 3.2353151e-10 0)
(1.4424313 1.9779693e-10 0)
(1.4424313 2.102053e-10 0)
(1.4424313 1.7631527e-10 0)
(1.4424313 1.8979965e-10 0)
(1.4424313 2.7884622e-10 0)
(1.4424313 8.707448e-11 0)
(1.4424312 5.7196007e-11 0)
(1.4424313 -4.9187874e-10 0)
(1.4424312 -7.5705208e-10 0)
(1.4424313 -1.6505566e-09 0)
(1.4424312 -2.6866096e-09 0)
(1.4424314 -4.0454693e-09 0)
(1.4424312 -6.3771164e-09 0)
(1.4424314 -6.9226004e-09 0)
(1.4424311 -1.1634145e-08 0)
(1.4424314 -1.3211651e-08 0)
(1.4424309 -2.8607511e-08 0)
(1.4424316 -3.5535718e-08 0)
(1.4424311 -3.3004936e-08 0)
(1.4424314 2.1867084e-08 0)
(1.0001568 -0.0034383902 0)
(1.0134518 -0.0092557575 0)
(1.036628 -0.012853236 0)
(1.0666034 -0.014335331 0)
(1.0987808 -0.014626032 0)
(1.1300714 -0.014363664 0)
(1.1593035 -0.013741398 0)
(1.1861973 -0.012840076 0)
(1.2106426 -0.011790247 0)
(1.2325907 -0.010728547 0)
(1.2521405 -0.0097373971 0)
(1.2695358 -0.0088455643 0)
(1.2850803 -0.0080549596 0)
(1.299059 -0.0073587704 0)
(1.3117082 -0.0067474791 0)
(1.3232167 -0.0062100612 0)
(1.3337361 -0.0057349453 0)
(1.3433895 -0.0053112758 0)
(1.3522774 -0.0049297858 0)
(1.3604811 -0.0045830222 0)
(1.3680674 -0.0042651515 0)
(1.3750914 -0.0039716312 0)
(1.3815994 -0.0036988914 0)
(1.3876308 -0.0034440583 0)
(1.3932196 -0.003204752 0)
(1.398395 -0.0029789503 0)
(1.4031825 -0.0027649167 0)
(1.407604 -0.0025611444 0)
(1.4116784 -0.0023663412 0)
(1.4154222 -0.0021794227 0)
(1.4188499 -0.0019995487 0)
(1.4219744 -0.001826135 0)
(1.424808 -0.0016588822 0)
(1.4273622 -0.0014977549 0)
(1.429649 -0.0013429808 0)
(1.4316807 -0.0011949929 0)
(1.4334706 -0.0010543952 0)
(1.4350332 -0.00092187233 0)
(1.4363838 -0.00079813516 0)
(1.4375389 -0.00068382522 0)
(1.438516 -0.00057946662 0)
(1.4393328 -0.00048539532 0)
(1.4400074 -0.00040173849 0)
(1.4405575 -0.0003283872 0)
(1.4410004 -0.00026501012 0)
(1.4413522 -0.0002110704 0)
(1.4416278 -0.00016586435 0)
(1.4418408 -0.00012856722 0)
(1.4420031 -9.8277339e-05 0)
(1.442125 -7.4070017e-05 0)
(1.4422152 -5.5029687e-05 0)
(1.442281 -4.0296176e-05 0)
(1.4423283 -2.90754e-05 0)
(1.4423617 -2.0671053e-05 0)
(1.442385 -1.4474455e-05 0)
(1.442401 -9.9834953e-06 0)
(1.4424118 -6.7780184e-06 0)
(1.4424189 -4.5315566e-06 0)
(1.4424236 -2.9793001e-06 0)
(1.4424266 -1.928613e-06 0)
(1.4424285 -1.2256336e-06 0)
(1.4424296 -7.6739264e-07 0)
(1.4424303 -4.6997179e-07 0)
(1.4424308 -2.8427438e-07 0)
(1.442431 -1.6675986e-07 0)
(1.4424311 -9.7562252e-08 0)
(1.4424312 -5.3989124e-08 0)
(1.4424312 -3.0726294e-08 0)
(1.4424313 -1.5231149e-08 0)
(1.4424313 -8.8720178e-09 0)
(1.4424313 -3.0428356e-09 0)
(1.4424313 -2.2640808e-09 0)
(1.4424313 3.6975447e-10 0)
(1.4424313 -6.8861331e-10 0)
(1.4424313 1.0801805e-09 0)
(1.4424313 -3.6901233e-10 0)
(1.4424313 1.1438602e-09 0)
(1.4424313 -4.5166975e-10 0)
(1.4424313 9.7567205e-10 0)
(1.4424313 -4.8059431e-10 0)
(1.4424313 8.5994509e-10 0)
(1.4424313 -5.4806453e-10 0)
(1.4424313 7.5508448e-10 0)
(1.4424313 -4.6716546e-10 0)
(1.4424313 6.9659062e-10 0)
(1.4424313 -6.2469622e-10 0)
(1.4424313 1.7268139e-10 0)
(1.4424313 -1.3326971e-09 0)
(1.4424312 -1.0474651e-09 0)
(1.4424313 -3.116246e-09 0)
(1.4424312 -3.4807839e-09 0)
(1.4424314 -6.5610767e-09 0)
(1.4424312 -5.8365895e-09 0)
(1.4424314 -8.5569978e-09 0)
(1.4424311 -4.0024737e-09 0)
(1.4424314 -9.0627487e-09 0)
(1.4424309 4.8692419e-09 0)
(1.4424316 2.0397481e-08 0)
(1.4424311 3.2365524e-08 0)
(1.4424314 -2.4687477e-08 0)
(1.0000321 -0.011727709 0)
(1.0173964 -0.03056301 0)
(1.0455868 -0.04099065 0)
(1.0788322 -0.044657213 0)
(1.1117702 -0.044906463 0)
(1.1419848 -0.043513533 0)
(1.168932 -0.040998601 0)
(1.1925675 -0.037703849 0)
(1.2129264 -0.03408924 0)
(1.2301845 -0.03055832 0)
(1.2446893 -0.027330533 0)
(1.2568765 -0.024472166 0)
(1.2671725 -0.021975526 0)
(1.2759418 -0.019808524 0)
(1.2834763 -0.017931981 0)
(1.2900054 -0.016304364 0)
(1.2957096 -0.014885044 0)
(1.3007308 -0.013637444 0)
(1.305181 -0.012530826 0)
(1.3091483 -0.011540434 0)
(1.3127024 -0.010646695 0)
(1.3158992 -0.0098341559 0)
(1.3187836 -0.0090904885 0)
(1.3213923 -0.0084056597 0)
(1.3237556 -0.0077713044 0)
(1.3258983 -0.0071803229 0)
(1.3278413 -0.006626626 0)
(1.3296015 -0.0061049827 0)
(1.3311932 -0.0056109322 0)
(1.3326281 -0.0051407902 0)
(1.3339163 -0.0046916872 0)
(1.3350666 -0.00426162 0)
(1.3360871 -0.0038494415 0)
(1.3369854 -0.0034548235 0)
(1.337769 -0.003078152 0)
(1.3384458 -0.0027203973 0)
(1.3390239 -0.0023829259 0)
(1.3395119 -0.0020672994 0)
(1.3399184 -0.0017750552 0)
(1.3402525 -0.0015075158 0)
(1.3405231 -0.0012656216 0)
(1.340739 -0.001049817 0)
(1.3409085 -0.00085998456 0)
(1.3410393 -0.00069543515 0)
(1.3411386 -0.00055495046 0)
(1.3412125 -0.00043686045 0)
(1.3412666 -0.00033915552 0)
(1.3413053 -0.00025960264 0)
(1.3413324 -0.00019587252 0)
(1.341351 -0.00014564383 0)
(1.3413634 -0.00010670291 0)
(1.3413714 -7.700601e-05 0)
(1.3413765 -5.4732941e-05 0)
(1.3413795 -3.8302313e-05 0)
(1.3413813 -2.6384587e-05 0)
(1.3413822 -1.7883507e-05 0)
(1.3413826 -1.1923692e-05 0)
(1.3413828 -7.8154329e-06 0)
(1.3413828 -5.0341151e-06 0)
(1.3413828 -3.1832495e-06 0)
(1.3413827 -1.9753333e-06 0)
(1.3413826 -1.2005465e-06 0)
(1.3413826 -7.14451e-07 0)
(1.3413825 -4.1461944e-07 0)
(1.3413825 -2.3492912e-07 0)
(1.3413824 -1.2856343e-07 0)
(1.3413824 -6.8399842e-08 0)
(1.3413824 -3.4073147e-08 0)
(1.3413824 -1.6613244e-08 0)
(1.3413824 -6.621775e-09 0)
(1.3413824 -2.7559563e-09 0)
(1.3413824 -1.3095492e-10 0)
(1.3413824 -6.2856642e-11 0)
(1.3413824 7.2634967e-10 0)
(1.3413824 1.6371988e-10 0)
(1.3413824 6.955595e-10 0)
(1.3413824 -4.4637583e-11 0)
(1.3413824 4.8666701e-10 0)
(1.3413824 -2.5872751e-10 0)
(1.3413824 5.3443243e-10 0)
(1.3413824 -4.6734021e-10 0)
(1.3413824 5.3793866e-10 0)
(1.3413824 -5.7959342e-10 0)
(1.3413824 7.1834499e-10 0)
(1.3413824 -8.058079e-10 0)
(1.3413824 5.5074688e-10 0)
(1.3413824 -1.4981967e-09 0)
(1.3413824 -1.3323333e-10 0)
(1.3413824 -3.0469768e-09 0)
(1.3413824 -2.4185859e-09 0)
(1.3413823 -6.0453285e-09 0)
(1.3413824 -6.2116046e-09 0)
(1.3413823 -7.2742691e-09 0)
(1.3413825 -6.8988589e-09 0)
(1.3413822 -1.9913718e-09 0)
(1.3413825 -6.0566427e-10 0)
(1.341382 3.8679231e-08 0)
(1.3413827 6.9606303e-08 0)
(1.3413822 9.1626807e-08 0)
(1.3413826 -7.1190341e-08 0)
(1.0002467 -0.026719373 0)
(1.0283936 -0.062555472 0)
(1.0646999 -0.077616135 0)
(1.0979952 -0.080476433 0)
(1.1240764 -0.078058205 0)
(1.1435811 -0.072916703 0)
(1.1579043 -0.065986649 0)
(1.1678876 -0.058204381 0)
(1.1741542 -0.05049531 0)
(1.177419 -0.043466506 0)
(1.1784515 -0.03736031 0)
(1.177931 -0.032189245 0)
(1.1763804 -0.02786633 0)
(1.1741776 -0.024274578 0)
(1.1715894 -0.021294562 0)
(1.1688025 -0.018815232 0)
(1.1659447 -0.016739273 0)
(1.163101 -0.014985473 0)
(1.1603263 -0.013488521 0)
(1.1576544 -0.012197079 0)
(1.1551046 -0.011071209 0)
(1.1526869 -0.010079864 0)
(1.1504053 -0.0091987297 0)
(1.1482597 -0.0084084933 0)
(1.146248 -0.0076935554 0)
(1.1443663 -0.0070411526 0)
(1.1426104 -0.0064407578 0)
(1.1409757 -0.0058836844 0)
(1.1394573 -0.0053628357 0)
(1.138051 -0.0048726013 0)
(1.1367526 -0.0044087967 0)
(1.1355584 -0.0039686117 0)
(1.1344649 -0.003550475 0)
(1.1334691 -0.003153895 0)
(1.1325678 -0.002779218 0)
(1.131758 -0.0024273962 0)
(1.1310361 -0.002099697 0)
(1.1303984 -0.0017974578 0)
(1.1298406 -0.0015218197 0)
(1.1293579 -0.0012735567 0)
(1.1289448 -0.0010529241 0)
(1.1285956 -0.00085960923 0)
(1.1283041 -0.00069271096 0)
(1.1280639 -0.00055080076 0)
(1.1278686 -0.00043200421 0)
(1.1277121 -0.00033412366 0)
(1.1275884 -0.00025476424 0)
(1.127492 -0.00019145767 0)
(1.127418 -0.00014177888 0)
(1.1273621 -0.00010342937 0)
(1.1273205 -7.4314963e-05 0)
(1.1272899 -5.2574253e-05 0)
(1.1272679 -3.6613229e-05 0)
(1.1272522 -2.5088261e-05 0)
(1.1272413 -1.6911114e-05 0)
(1.1272337 -1.1205071e-05 0)
(1.1272286 -7.2966185e-06 0)
(1.1272252 -4.6631492e-06 0)
(1.127223 -2.9250014e-06 0)
(1.1272216 -1.7957527e-06 0)
(1.1272207 -1.0801932e-06 0)
(1.1272201 -6.3251214e-07 0)
(1.1272198 -3.6211798e-07 0)
(1.1272196 -1.9939045e-07 0)
(1.1272194 -1.0737695e-07 0)
(1.1272194 -5.3598556e-08 0)
(1.1272193 -2.6558082e-08 0)
(1.1272193 -1.0453657e-08 0)
(1.1272193 -4.8215557e-09 0)
(1.1272193 3.3261629e-11 0)
(1.1272193 -4.0073718e-10 0)
(1.1272193 1.5575471e-09 0)
(1.1272193 -2.2819621e-10 0)
(1.1272193 1.3472108e-09 0)
(1.1272193 -4.4775106e-10 0)
(1.1272193 1.0745897e-09 0)
(1.1272193 -7.577039e-10 0)
(1.1272193 9.3248106e-10 0)
(1.1272193 -8.6681195e-10 0)
(1.1272193 9.4852593e-10 0)
(1.1272193 -1.1129202e-09 0)
(1.1272193 1.0326111e-09 0)
(1.1272193 -1.2024967e-09 0)
(1.1272193 1.1827704e-09 0)
(1.1272193 -1.5795096e-09 0)
(1.1272193 1.0492284e-09 0)
(1.1272193 -2.3652842e-09 0)
(1.1272193 3.3465143e-10 0)
(1.1272193 -4.2130492e-09 0)
(1.1272193 -1.8275689e-09 0)
(1.1272193 -7.5954794e-09 0)
(1.1272193 -5.081646e-09 0)
(1.1272192 -8.4495226e-09 0)
(1.1272194 -3.8545642e-09 0)
(1.1272192 -2.0231925e-09 0)
(1.1272194 8.965259e-09 0)
(1.127219 5.4269873e-08 0)
(1.1272195 1.0001839e-07 0)
(1.1272193 1.3607905e-07 0)
(1.1272195 -1.0924681e-07 0)
(1.0019381 -0.052732952 0)
(1.0365395 -0.10225273 0)
(1.0602516 -0.11315447 0)
(1.0635369 -0.10904657 0)
(1.0522936 -0.099516642 0)
(1.0346516 -0.087114564 0)
(1.0147897 -0.073372945 0)
(0.99415481 -0.059906428 0)
(0.97358882 -0.047879998 0)
(0.95388231 -0.03778701 0)
(0.93564857 -0.029664965 0)
(0.91918207 -0.023328481 0)
(0.90451735 -0.018501431 0)
(0.89154457 -0.014885399 0)
(0.88009333 -0.012200065 0)
(0.86997755 -0.010205749 0)
(0.86101736 -0.0087113433 0)
(0.85304961 -0.0075722428 0)
(0.84593227 -0.0066832494 0)
(0.83954501 -0.005970059 0)
(0.83378769 -0.0053813036 0)
(0.82857776 -0.0048819309 0)
(0.82384752 -0.004448087 0)
(0.81954158 -0.0040633972 0)
(0.8156147 -0.0037164312 0)
(0.81202983 -0.003399039 0)
(0.80875666 -0.0031052896 0)
(0.80577026 -0.0028307967 0)
(0.8030501 -0.002572343 0)
(0.80057903 -0.0023276627 0)
(0.79834252 -0.0020953225 0)
(0.79632779 -0.0018745876 0)
(0.79452317 -0.0016652991 0)
(0.79291749 -0.0014677156 0)
(0.79149965 -0.0012823795 0)
(0.79025821 -0.0011099555 0)
(0.78918124 -0.00095109884 0)
(0.78825623 -0.00080633176 0)
(0.78747017 -0.00067597812 0)
(0.78680966 -0.00056010119 0)
(0.78626117 -0.00045848406 0)
(0.78581125 -0.00037062452 0)
(0.78544686 -0.00029576322 0)
(0.78515558 -0.00023292613 0)
(0.78492583 -0.00018098068 0)
(0.7847471 -0.00013870005 0)
(0.78460999 -0.00010481978 0)
(0.78450629 -7.809798e-05 0)
(0.78442899 -5.7353104e-05 0)
(0.78437221 -4.1506013e-05 0)
(0.78433112 -2.9591842e-05 0)
(0.78430184 -2.0780713e-05 0)
(0.78428128 -1.4367729e-05 0)
(0.78426708 -9.7787213e-06 0)
(0.78425742 -6.5470002e-06 0)
(0.78425097 -4.3115831e-06 0)
(0.78424672 -2.7893736e-06 0)
(0.78424398 -1.7731988e-06 0)
(0.78424223 -1.1048172e-06 0)
(0.78424115 -6.7566941e-07 0)
(0.78424049 -4.0315263e-07 0)
(0.7842401 -2.3591437e-07 0)
(0.78423986 -1.3333659e-07 0)
(0.78423974 -7.4216693e-08 0)
(0.78423966 -3.8755115e-08 0)
(0.78423962 -2.0367305e-08 0)
(0.7842396 -9.1082021e-09 0)
(0.7842396 -4.7499489e-09 0)
(0.78423959 -1.2141997e-09 0)
(0.78423959 -9.5417515e-10 0)
(0.78423959 4.5784763e-10 0)
(0.78423959 -3.1374314e-10 0)
(0.78423959 5.9351678e-10 0)
(0.78423959 -2.6747983e-10 0)
(0.78423959 5.3933257e-10 0)
(0.78423959 -3.986948e-10 0)
(0.78423959 4.1514991e-10 0)
(0.78423959 -3.7388513e-10 0)
(0.78423959 3.6829975e-10 0)
(0.78423959 -4.1755513e-10 0)
(0.78423959 2.4485392e-10 0)
(0.78423959 -2.9849102e-10 0)
(0.78423959 1.6637303e-10 0)
(0.78423959 -3.0715949e-10 0)
(0.78423958 -1.9249064e-10 0)
(0.78423959 -4.8150721e-10 0)
(0.78423958 -1.050711e-09 0)
(0.78423959 -1.2815976e-09 0)
(0.78423957 -2.8399923e-09 0)
(0.78423959 -3.1235626e-09 0)
(0.78423956 -6.032402e-09 0)
(0.78423959 -4.6774369e-09 0)
(0.78423954 -5.2629985e-09 0)
(0.78423959 -1.6612533e-09 0)
(0.7842395 -2.4734851e-09 0)
(0.78423957 1.0501613e-08 0)
(0.78423944 5.0747983e-08 0)
(0.78423975 1.1299705e-07 0)
(0.78423978 1.5416701e-07 0)
(0.78423984 -1.0403523e-07 0)
(0.92074242 -0.03382768 0)
(0.8635379 -0.056684189 0)
(0.78799128 -0.052753988 0)
(0.69766164 -0.041237049 0)
(0.61471547 -0.030203118 0)
(0.54875565 -0.02098804 0)
(0.49827331 -0.013660602 0)
(0.45949349 -0.008299672 0)
(0.4297878 -0.0047357585 0)
(0.40728607 -0.0025320029 0)
(0.39034526 -0.0012495515 0)
(0.37751735 -0.00056148396 0)
(0.36764353 -0.00024219991 0)
(0.35986286 -0.00013610086 0)
(0.35356146 -0.00013908221 0)
(0.34831234 -0.00018677505 0)
(0.34382411 -0.00024351318 0)
(0.33990084 -0.00029225871 0)
(0.33641184 -0.00032686288 0)
(0.33326981 -0.00034688149 0)
(0.33041561 -0.00035440625 0)
(0.32780807 -0.00035228621 0)
(0.3254175 -0.00034325171 0)
(0.32322152 -0.00032957304 0)
(0.32120268 -0.0003129918 0)
(0.31934691 -0.00029475857 0)
(0.31764267 -0.00027571764 0)
(0.31608035 -0.00025640203 0)
(0.31465185 -0.00023713821 0)
(0.31335028 -0.00021812055 0)
(0.31216958 -0.00019947693 0)
(0.31110425 -0.00018129571 0)
(0.31014905 -0.00016366074 0)
(0.30929873 -0.00014665347 0)
(0.30854787 -0.00013037065 0)
(0.3078907 -0.00011490496 0)
(0.30732106 -0.00010034337 0)
(0.30683237 -8.6755114e-05 0)
(0.30641767 -7.420964e-05 0)
(0.30606979 -6.2760391e-05 0)
(0.30578144 -5.2447762e-05 0)
(0.30554537 -4.3285824e-05 0)
(0.30535456 -3.5265508e-05 0)
(0.30520235 -2.8350456e-05 0)
(0.30508255 -2.2481188e-05 0)
(0.30498955 -1.75794e-05 0)
(0.30491835 -1.3550946e-05 0)
(0.30486461 -1.0295506e-05 0)
(0.30482462 -7.7066078e-06 0)
(0.30479531 -5.6836047e-06 0)
(0.30477413 -4.1273059e-06 0)
(0.30475906 -2.9520138e-06 0)
(0.30474851 -2.0773028e-06 0)
(0.30474122 -1.4394474e-06 0)
(0.30473627 -9.8013055e-07 0)
(0.30473297 -6.5720839e-07 0)
(0.3047308 -4.31983e-07 0)
(0.3047294 -2.7985759e-07 0)
(0.30472851 -1.7689288e-07 0)
(0.30472795 -1.1059504e-07 0)
(0.30472762 -6.6657606e-08 0)
(0.30472741 -4.023187e-08 0)
(0.3047273 -2.2713702e-08 0)
(0.30472723 -1.3416373e-08 0)
(0.30472719 -6.6915526e-09 0)
(0.30472717 -4.114354e-09 0)
(0.30472716 -1.4899745e-09 0)
(0.30472716 -1.3198813e-09 0)
(0.30472715 4.2485443e-11 0)
(0.30472715 -5.7044104e-10 0)
(0.30472715 3.4072145e-10 0)
(0.30472715 -4.5044563e-10 0)
(0.30472715 4.1248046e-10 0)
(0.30472715 -3.9648437e-10 0)
(0.30472715 3.9448785e-10 0)
(0.30472715 -4.2160624e-10 0)
(0.30472715 4.0527527e-10 0)
(0.30472715 -3.8256816e-10 0)
(0.30472715 3.7795798e-10 0)
(0.30472715 -3.9066077e-10 0)
(0.30472715 3.8063383e-10 0)
(0.30472715 -3.1718128e-10 0)
(0.30472715 3.5468094e-10 0)
(0.30472715 -2.928137e-10 0)
(0.30472715 3.1071419e-10 0)
(0.30472715 -2.8134299e-10 0)
(0.30472715 4.0163194e-11 0)
(0.30472715 -4.7545877e-10 0)
(0.30472715 -5.5094603e-10 0)
(0.30472714 -1.0814413e-09 0)
(0.30472713 -1.7591799e-09 0)
(0.30472714 -1.5419627e-09 0)
(0.30472713 -1.6472771e-09 0)
(0.30472713 -1.4521936e-09 0)
(0.3047271 -4.9286193e-09 0)
(0.30472711 -1.1263978e-09 0)
(0.30472713 7.2882651e-09 0)
(0.3047273 1.5524053e-08 0)
(0.30472746 2.6070672e-08 0)
(0.30472744 -5.0847321e-08 0)
)
;

boundaryField
{
    top
    {
        type            fixedValue;
        value           uniform (0 0 0);
    }
    bottom
    {
        type            fixedValue;
        value           uniform (0 0 0);
    }
    inlet
    {
        type            fixedValue;
        value           uniform (1 0 0);
    }
    outlet
    {
        type            zeroGradient;
    }
    front
    {
        type            empty;
    }
    back
    {
        type            empty;
    }
}


// ************************************************************************* //
