/*--------------------------------*- C++ -*----------------------------------*\
  =========                 |
  \\      /  F ield         | OpenFOAM: The Open Source CFD Toolbox
   \\    /   O peration     | Website:  https://openfoam.org
    \\  /    A nd           | Version:  13
     \\/     M anipulation  |
\*---------------------------------------------------------------------------*/
FoamFile
{
    format      ascii;
    class       volScalarField;
    location    "12";
    object      p;
}
// * * * * * * * * * * * * * * * * * * * * * * * * * * * * * * * * * * * * * //

dimensions      [0 2 -2 0 0 0 0];

internalField   nonuniform List<scalar> 
1000
(
1.6803188
1.5603204
1.4644459
1.4005783
1.3519816
1.3093848
1.2715539
1.2388433
1.2107353
1.1861467
1.1640597
1.1437124
1.1245742
1.1062886
1.0886241
1.0714361
1.0546364
1.0381715
1.0220075
1.0061214
0.99049581
0.97511569
0.95996727
0.9450373
0.9303129
0.91578152
0.90143106
0.88724993
0.87322712
0.85935223
0.84561548
0.83200773
0.81852043
0.80514563
0.79187588
0.77870427
0.76562437
0.75263015
0.73971602
0.72687676
0.71410747
0.70140361
0.68876093
0.67617544
0.66364344
0.65116145
0.63872622
0.62633472
0.61398413
0.60167177
0.58939518
0.57715203
0.56494014
0.55275748
0.54060215
0.52847236
0.51636647
0.50428291
0.49222023
0.48017706
0.46815215
0.4561443
0.44415239
0.43217537
0.42021228
0.4082622
0.39632429
0.38439774
0.37248182
0.36057584
0.34867914
0.33679112
0.3249112
0.31303885
0.30117357
0.2893149
0.2774624
0.26561567
0.25377433
0.24193805
0.23010648
0.21827932
0.20645627
0.19463706
0.18282143
0.17100914
0.15919997
0.14739373
0.13559021
0.12378927
0.11199072
0.10019443
0.088400216
0.076607956
0.064817508
0.053028751
0.041241621
0.029455903
0.017671836
0.0058888511
1.5585786
1.5038356
1.4426755
1.3908464
1.3478241
1.3095274
1.2745254
1.2430391
1.2151072
1.1902078
1.1676084
1.146681
1.1269778
1.1081939
1.09012
1.0726113
1.0555677
1.0389204
1.0226208
1.0066336
0.99093176
0.97549316
0.96029885
0.94533201
0.93057722
0.91602026
0.90164784
0.88744756
0.87340787
0.85951794
0.84576772
0.83214782
0.81864955
0.80526477
0.79198594
0.77880606
0.76571859
0.75271744
0.73979695
0.72695185
0.71417719
0.70146838
0.68882113
0.67623142
0.66369551
0.6512099
0.63877132
0.62637672
0.61402325
0.60170822
0.58942915
0.5771837
0.56496966
0.55278501
0.54062783
0.52849631
0.5163888
0.50430374
0.49223966
0.4801952
0.46816908
0.4561601
0.44416714
0.43218915
0.42022514
0.40827421
0.39633549
0.38440819
0.37249158
0.36058495
0.34868765
0.33679907
0.32491863
0.31304579
0.30118005
0.28932095
0.27746804
0.26562093
0.25377924
0.24194263
0.23011076
0.21828333
0.20646003
0.19464058
0.18282472
0.17101221
0.15920282
0.14739637
0.13559267
0.12379157
0.11199287
0.10019645
0.08840212
0.076609745
0.064819179
0.053030276
0.041243026
0.02945708
0.017672876
0.0058894169
1.4970631
1.4707064
1.4325509
1.3918505
1.3533085
1.3173108
1.2834943
1.2520431
1.2232429
1.197045
1.1731017
1.1509788
1.13029
1.1107297
1.0920636
1.0741137
1.0567467
1.0398638
1.0233922
1.0072781
0.99148088
0.97596895
0.96071677
0.94570301
0.93090925
0.91631921
0.90191823
0.88769299
0.87363124
0.85972172
0.84595398
0.83231838
0.81880596
0.80540843
0.79211807
0.77892774
0.76583077
0.752821
0.73989265
0.72704037
0.71425914
0.70154432
0.68889154
0.67629675
0.66375616
0.65126624
0.63882368
0.6264254
0.61406852
0.60175035
0.58946837
0.57722023
0.5650037
0.55281673
0.54065738
0.52852385
0.51641447
0.50432766
0.49226196
0.48021599
0.46818848
0.45617822
0.44418406
0.43220494
0.42023988
0.40828795
0.3963483
0.38442013
0.37250271
0.36059534
0.34869737
0.33680816
0.32492714
0.31305375
0.30118748
0.28932787
0.27747448
0.26562692
0.25378482
0.24194784
0.23011564
0.21828791
0.20646433
0.19464462
0.1828285
0.17101572
0.15920607
0.14739938
0.13559545
0.12379415
0.11199529
0.10019875
0.08840431
0.076611842
0.064821138
0.053032091
0.041244617
0.029458521
0.01767398
0.0058903285
1.4680471
1.4522014
1.4255483
1.3921882
1.3569483
1.3224381
1.2894493
1.2582739
1.229183
1.2023132
1.1775646
1.1546673
1.1333001
1.1131691
1.0940344
1.0757081
1.0580444
1.0409306
1.0242799
1.0080266
0.99212008
0.97652135
0.96119925
0.94612831
0.93128705
0.91665697
0.90222181
0.88796703
0.87387953
0.85994736
0.84615959
0.83250617
0.81897782
0.80556599
0.79226277
0.77906082
0.76595335
0.75293405
0.73999703
0.72713685
0.7143484
0.70162697
0.68896814
0.67636778
0.66382207
0.65132742
0.63888051
0.62647821
0.61411763
0.60179604
0.58951089
0.57725982
0.56504058
0.55285108
0.54068938
0.52855366
0.51644224
0.50435353
0.49228607
0.48023848
0.46820947
0.45619782
0.44420236
0.43222203
0.42025582
0.4083028
0.39636214
0.38443302
0.37251473
0.36060657
0.34870787
0.336818
0.32493635
0.31306236
0.30119551
0.28933534
0.27748142
0.26563337
0.25379083
0.24195346
0.23012092
0.21829288
0.20646901
0.19464901
0.18283259
0.17101952
0.15920957
0.1474026
0.13559842
0.12379693
0.11199791
0.10020127
0.088406701
0.076614153
0.064823276
0.053034118
0.041246307
0.029460162
0.017675244
0.005891829
1.4554995
1.4432574
1.4211842
1.3913804
1.3580173
1.3243866
1.2919301
1.2610699
1.2320212
1.2049588
1.1799008
1.1566737
1.1349996
1.1145964
1.0952265
1.0767024
1.0588763
1.0416316
1.0248765
1.0085395
0.99256556
0.97691196
0.96154468
0.94643602
0.93156287
0.91690547
0.90244662
0.88817112
0.87406532
0.86011689
0.84631459
0.83264813
0.81910804
0.80568562
0.79237281
0.77916217
0.7660468
0.75302029
0.74007672
0.72721053
0.7144166
0.70169012
0.68902666
0.67642205
0.66387242
0.65137416
0.63892392
0.62651856
0.61415514
0.60183093
0.58954337
0.57729006
0.56506873
0.5528773
0.5407138
0.5285764
0.51646341
0.50437325
0.49230446
0.48025564
0.46822549
0.45621278
0.44421632
0.43223505
0.42026795
0.4083141
0.39637266
0.38444283
0.37252389
0.36061514
0.34871589
0.33682551
0.32494337
0.31306891
0.3012016
0.289341
0.27748668
0.26563827
0.25379541
0.24195776
0.23012497
0.21829669
0.20647258
0.19465234
0.18283567
0.17102236
0.15921219
0.14740502
0.13560068
0.12379907
0.11199995
0.10020324
0.088408557
0.076615928
0.064824883
0.053035632
0.041247532
0.029461416
0.017676304
0.0058932059
1.4554995
1.4432574
1.4211842
1.3913804
1.3580173
1.3243867
1.2919301
1.2610699
1.2320212
1.2049588
1.1799008
1.1566737
1.1349996
1.1145964
1.0952265
1.0767024
1.0588763
1.0416317
1.0248765
1.0085395
0.99256556
0.97691195
0.96154466
0.94643601
0.93156286
0.91690547
0.90244664
0.88817113
0.87406533
0.8601169
0.84631459
0.83264812
0.81910803
0.8056856
0.7923728
0.77916216
0.7660468
0.75302031
0.74007673
0.72721054
0.7144166
0.70169013
0.68902665
0.67642203
0.6638724
0.65137415
0.63892391
0.62651855
0.61415515
0.60183095
0.58954339
0.57729007
0.56506874
0.55287729
0.54071378
0.52857638
0.51646339
0.50437324
0.49230447
0.48025566
0.46822552
0.4562128
0.44421634
0.43223505
0.42026793
0.40831407
0.39637263
0.38444282
0.3725239
0.36061517
0.34871593
0.33682554
0.32494338
0.31306889
0.30120157
0.28934095
0.27748664
0.26563825
0.25379542
0.2419578
0.23012503
0.21829674
0.20647261
0.19465233
0.18283563
0.17102229
0.15921212
0.14740498
0.13560068
0.12379912
0.11200003
0.10020332
0.088408617
0.076615943
0.06482484
0.05303553
0.041247419
0.029461361
0.017676324
0.005893237
1.4680471
1.4522014
1.4255483
1.3921882
1.3569483
1.3224382
1.2894493
1.2582739
1.229183
1.2023132
1.1775646
1.1546673
1.1333001
1.1131691
1.0940344
1.0757082
1.0580445
1.0409306
1.0242799
1.0080266
0.99212006
0.97652131
0.96119921
0.94612828
0.93128704
0.91665699
0.90222184
0.88796707
0.87387956
0.85994738
0.84615959
0.83250614
0.81897778
0.80556596
0.79226275
0.77906082
0.76595337
0.75293407
0.73999706
0.72713687
0.71434842
0.70162697
0.68896812
0.67636775
0.66382203
0.65132739
0.63888049
0.62647821
0.61411765
0.60179607
0.58951093
0.57725985
0.56504059
0.55285106
0.54068934
0.52855362
0.5164422
0.50435351
0.49228609
0.48023853
0.46820954
0.45619787
0.44420238
0.43222201
0.42025576
0.40830273
0.39636208
0.38443301
0.37251477
0.36060664
0.34870796
0.33681806
0.32493636
0.31306231
0.30119542
0.28933523
0.27748134
0.26563335
0.25379088
0.24195357
0.23012105
0.21829298
0.20646905
0.19464896
0.18283247
0.17101936
0.15920943
0.14740253
0.13559845
0.12379706
0.1119981
0.10020145
0.088406819
0.07661416
0.064823154
0.053033891
0.041246084
0.029460079
0.017675297
0.0058918917
1.4970631
1.4707064
1.4325509
1.3918505
1.3533085
1.3173108
1.2834943
1.2520431
1.2232429
1.1970449
1.1731017
1.1509788
1.13029
1.1107297
1.0920636
1.0741138
1.0567468
1.0398638
1.0233922
1.0072781
0.99148086
0.97596891
0.96071674
0.94570299
0.93090925
0.91631922
0.90191826
0.88769302
0.87363127
0.85972173
0.84595398
0.83231836
0.81880593
0.8054084
0.79211805
0.77892773
0.76583079
0.75282103
0.73989268
0.72704039
0.71425916
0.70154432
0.68889153
0.67629673
0.66375613
0.65126621
0.63882366
0.6264254
0.61406854
0.60175039
0.58946841
0.57722025
0.5650037
0.5528167
0.54065734
0.52852381
0.51641444
0.50432765
0.49226198
0.48021604
0.46818854
0.45617826
0.44418406
0.43220491
0.42023982
0.40828789
0.39634825
0.38442013
0.37250275
0.36059541
0.34869744
0.33680821
0.32492714
0.3130537
0.30118739
0.28932778
0.27747442
0.26562691
0.25378488
0.24194795
0.23011576
0.218288
0.20646435
0.19464456
0.18282837
0.17101557
0.15920595
0.14739933
0.1355955
0.12379429
0.11199548
0.10019892
0.088404404
0.076611824
0.064821005
0.053031892
0.04124445
0.029458464
0.017674009
0.0058903622
1.5585786
1.5038356
1.4426755
1.3908464
1.3478241
1.3095274
1.2745254
1.2430392
1.2151072
1.1902078
1.1676084
1.1466809
1.1269778
1.1081939
1.09012
1.0726113
1.0555677
1.0389204
1.0226208
1.0066336
0.99093175
0.97549313
0.96029883
0.94533199
0.93057722
0.91602027
0.90164786
0.88744759
0.87340789
0.85951795
0.84576771
0.83214781
0.81864952
0.80526474
0.79198593
0.77880606
0.76571859
0.75271746
0.73979697
0.72695186
0.7141772
0.70146838
0.68882112
0.6762314
0.66369549
0.65120988
0.63877132
0.62637673
0.61402326
0.60170825
0.58942917
0.57718371
0.56496966
0.552785
0.5406278
0.52849629
0.51638879
0.50430374
0.49223968
0.48019523
0.46816911
0.45616012
0.44416714
0.43218912
0.4202251
0.40827417
0.39633547
0.3844082
0.37249161
0.36058499
0.34868769
0.33679909
0.32491862
0.31304575
0.30118
0.28932089
0.27746801
0.26562094
0.25377929
0.2419427
0.23011084
0.21828337
0.20646002
0.19464052
0.18282462
0.17101211
0.15920275
0.14739636
0.13559272
0.12379167
0.111993
0.10019656
0.088402171
0.076609725
0.064819097
0.05303017
0.041242941
0.029457036
0.017672861
0.0058894129
1.6803188
1.5603204
1.4644459
1.4005783
1.3519816
1.3093848
1.2715539
1.2388433
1.2107352
1.1861467
1.1640597
1.1437123
1.1245742
1.1062886
1.0886241
1.0714361
1.0546364
1.0381715
1.0220075
1.0061214
0.9904958
0.97511567
0.95996725
0.94503729
0.9303129
0.91578153
0.90143108
0.88724995
0.87322714
0.85935224
0.84561548
0.83200772
0.81852042
0.80514561
0.79187587
0.77870427
0.76562437
0.75263016
0.73971604
0.72687677
0.71410748
0.70140362
0.68876092
0.67617543
0.66364343
0.65116143
0.63872621
0.62633473
0.61398414
0.60167179
0.5893952
0.57715204
0.56494014
0.55275747
0.54060213
0.52847235
0.51636646
0.50428291
0.49222024
0.48017708
0.46815217
0.45614431
0.44415238
0.43217536
0.42021226
0.40826218
0.39632428
0.38439775
0.37248184
0.36057587
0.34867916
0.33679113
0.32491119
0.31303882
0.30117353
0.28931487
0.27746238
0.26561568
0.25377437
0.2419381
0.23010652
0.21827934
0.20645626
0.19463702
0.18282137
0.17100908
0.15919993
0.14739372
0.13559025
0.12378934
0.11199081
0.1001945
0.088400252
0.076607949
0.064817467
0.053028696
0.041241564
0.029455853
0.0176718
0.0058888341
)
;

boundaryField
{
    top
    {
        type            zeroGradient;
    }
    bottom
    {
        type            zeroGradient;
    }
    inlet
    {
        type            zeroGradient;
    }
    outlet
    {
        type            fixedValue;
        value           uniform 0;
    }
    front
    {
        type            empty;
    }
    back
    {
        type            empty;
    }
}


// ************************************************************************* //
