/*--------------------------------*- C++ -*----------------------------------*\
  =========                 |
  \\      /  F ield         | OpenFOAM: The Open Source CFD Toolbox
   \\    /   O peration     | Website:  https://openfoam.org
    \\  /    A nd           | Version:  13
     \\/     M anipulation  |
\*---------------------------------------------------------------------------*/
FoamFile
{
    format      ascii;
    class       surfaceScalarField;
    location    "12";
    object      phi;
}
// * * * * * * * * * * * * * * * * * * * * * * * * * * * * * * * * * * * * * //

dimensions      [0 3 -1 0 0 0 0];

internalField   nonuniform List<scalar> 
1890
(
0.0093140727
0.00068592734
0.0082963401
0.0010177326
0.0073480839
0.00094825625
0.0065167791
0.00083130473
0.0058112103
0.00070556886
0.0052369127
0.00057429755
0.0047862484
0.00045066427
0.004441012
0.00034523642
0.0041802971
0.0002607149
0.0039843511
0.00019594607
0.0038366531
0.00014769799
0.003724003
0.00011265008
0.0036363473
8.7655664e-05
0.0035663586
6.9988757e-05
0.003508873
5.7485605e-05
0.0034603388
4.8534124e-05
0.0034183544
4.1984443e-05
0.0033813121
3.7042279e-05
0.0033481383
3.3173841e-05
0.003318109
3.0029304e-05
0.0032907248
2.7384173e-05
0.0032656285
2.5096342e-05
0.0032425523
2.3076174e-05
0.0032212857
2.1266607e-05
0.0032016553
1.9630382e-05
0.0031835132
1.8142084e-05
0.0031667299
1.6783305e-05
0.0031511901
1.5539802e-05
0.0031367902
1.4399883e-05
0.0031234367
1.3353528e-05
0.0031110448
1.2391917e-05
0.0030995376
1.1507175e-05
0.0030888454
1.0692232e-05
0.0030789046
9.9407284e-06
0.0030696577
9.2469454e-06
0.0030610519
8.6057446e-06
0.0030530394
8.0125138e-06
0.0030455763
7.4631135e-06
0.0030386225
6.9538284e-06
0.0030321412
6.4813212e-06
0.0030260986
6.0425908e-06
0.0030204637
5.6349333e-06
0.0030152077
5.255908e-06
0.0030103044
4.9033065e-06
0.0030057293
4.5751247e-06
0.0030014598
4.2695393e-06
0.0029974749
3.9848855e-06
0.0029937552
3.7196391e-06
0.0029902828
3.4724003e-06
0.002987041
3.2418809e-06
0.0029840141
3.0268939e-06
0.0029811877
2.8263453e-06
0.0029785485
2.6392272e-06
0.0029760839
2.4646115e-06
0.0029737822
2.3016431e-06
0.0029716327
2.1495328e-06
0.0029696252
2.0075486e-06
0.0029677501
1.8750091e-06
0.0029659989
1.7512769e-06
0.0029643631
1.635754e-06
0.0029628352
1.5278814e-06
0.0029614081
1.4271376e-06
0.0029600751
1.3330408e-06
0.0029588299
1.245147e-06
0.0029576669
1.1630498e-06
0.0029565805
1.0863738e-06
0.0029555657
1.0147701e-06
0.0029546178
9.4790833e-07
0.0029537323
8.8547523e-07
0.0029529052
8.2716833e-07
0.0029521325
7.7270573e-07
0.0029514107
7.21817e-07
0.0029507364
6.7426391e-07
0.0029501066
6.2981945e-07
0.0029495183
5.8829642e-07
0.0029489688
5.4950407e-07
0.0029484555
5.132932e-07
0.002947976
4.7948021e-07
0.002947528
4.479378e-07
0.0029471096
4.1846471e-07
0.0029467186
3.9096511e-07
0.0029463534
3.6521543e-07
0.0029460122
3.4118961e-07
0.0029456936
3.186366e-07
0.0029453959
2.9764753e-07
0.002945118
2.7790191e-07
0.0029448583
2.5965038e-07
0.0029446159
2.4240392e-07
0.0029443893
2.2663008e-07
0.0029441778
2.1153858e-07
0.0029439799
1.9792916e-07
0.0029437953
1.8458091e-07
0.0029436225
1.7279385e-07
0.0029434617
1.6086618e-07
0.002943311
1.5067363e-07
0.0029431706
1.4027196e-07
0.0029430391
1.3151755e-07
0.0029429151
1.2390666e-07
0.0029427994
1.1572272e-07
1.1600769e-07
0.010341662
0.00034426525
0.010578184
0.00078121018
0.010615671
0.00091076959
0.010553945
0.0008930309
0.010425822
0.00083369229
0.010248587
0.0007515321
0.010044962
0.00065428931
0.0098354604
0.00055473799
0.0096327827
0.00046339255
0.0094437308
0.00038499799
0.0092713466
0.00032008219
0.009116574
0.00026742265
0.0089789731
0.00022525658
0.0088572403
0.00019172158
0.0087496634
0.00016506247
0.0086544456
0.00014375197
0.00856989
0.00012654004
0.0084944845
0.00011244781
0.0084269262
0.00010073207
0.0083661156
9.0839893e-05
0.0083111353
8.2364457e-05
0.0082612242
7.5007415e-05
0.0082157512
6.8549234e-05
0.0081741908
6.2826977e-05
0.0081361031
5.7718087e-05
0.0081011165
5.3128743e-05
0.0080689141
4.8985632e-05
0.0080392237
4.5230208e-05
0.0080118089
4.1814741e-05
0.0079864628
3.8699614e-05
0.0079630033
3.5851434e-05
0.0079412687
3.3241717e-05
0.007921115
3.0845919e-05
0.007902413
2.8642725e-05
0.0078850465
2.6613508e-05
0.0078689103
2.4741898e-05
0.0078539094
2.3013445e-05
0.0078399572
2.1415346e-05
0.0078269748
1.9936212e-05
0.0078148902
1.8565883e-05
0.0078036375
1.7295267e-05
0.0077931563
1.6116198e-05
0.0077833908
1.5021327e-05
0.0077742901
1.4004016e-05
0.007765807
1.3058255e-05
0.007757898
1.2178584e-05
0.0077505228
1.1360028e-05
0.0077436444
1.0598044e-05
0.0077372284
9.8884682e-06
0.0077312428
9.2274783e-06
0.0077256581
8.6115605e-06
0.007720447
8.0374822e-06
0.0077155839
7.5022716e-06
0.0077110453
7.0031954e-06
0.0077068092
6.5377396e-06
0.0077028552
6.1035857e-06
0.0076991641
5.6985877e-06
0.0076957184
5.3207504e-06
0.0076925015
4.9682113e-06
0.007689498
4.63923e-06
0.0076866937
4.3321823e-06
0.0076840753
4.0455588e-06
0.0076816304
3.7779671e-06
0.0076793474
3.5281254e-06
0.0076772155
3.2948597e-06
0.0076752248
3.0770835e-06
0.0076733658
2.8737862e-06
0.0076716297
2.6840099e-06
0.0076700083
2.5068485e-06
0.0076684941
2.3414342e-06
0.0076670799
2.1869583e-06
0.007665759
2.0426559e-06
0.0076645254
1.9078481e-06
0.0076633733
1.781894e-06
0.0076622974
1.6642542e-06
0.0076612925
1.5543831e-06
0.0076603539
1.4518389e-06
0.0076594773
1.3560981e-06
0.0076586585
1.2667777e-06
0.0076578937
1.1833257e-06
0.0076571792
1.1054486e-06
0.0076565118
1.0325542e-06
0.0076558885
9.6453668e-07
0.0076553064
9.0073776e-07
0.0076547626
8.413576e-07
0.0076542549
7.8554241e-07
0.0076537807
7.3392216e-07
0.0076533379
6.8515998e-07
0.007652924
6.405392e-07
0.0076525378
5.9778898e-07
0.0076521764
5.5934984e-07
0.0076518397
5.2136443e-07
0.0076515241
4.8841052e-07
0.007651231
4.5390161e-07
0.0076509553
4.262967e-07
0.0076507013
3.9418335e-07
0.0076504598
3.7292676e-07
0.0076502418
3.4192955e-07
0.0076500279
3.2966661e-07
2.9948662e-07
0.010181464
0.00016280099
0.010521798
0.00044087647
0.010842482
0.00059008571
0.011112769
0.00062274378
0.01133602
0.0006104416
0.011508579
0.00057897247
0.011630744
0.00053212461
0.011709907
0.00047557512
0.011755697
0.00041760213
0.011776644
0.00036405131
0.011779503
0.00031722357
0.011769652
0.00027727347
0.01175133
0.0002435785
0.011727726
0.00021532526
0.011701127
0.00019166165
0.011673116
0.00017176289
0.011644765
0.00015489121
0.011616781
0.00014043215
0.011589614
0.00012789907
0.011563536
0.00011691718
0.0115387
0.00010720075
0.011515175
9.8531918e-05
0.011492981
9.0743625e-05
0.011472102
8.3706505e-05
0.011452501
7.7319001e-05
0.011434129
7.1499984e-05
0.011416932
6.6183356e-05
0.011400848
6.1314193e-05
0.011385816
5.6846034e-05
0.011371777
5.2738988e-05
0.01135867
4.8958392e-05
0.011346438
4.547384e-05
0.011335025
4.2258466e-05
0.01132438
3.9288391e-05
0.011314451
3.654229e-05
0.011305192
3.4001052e-05
0.011296558
3.1647501e-05
0.011288507
2.9466154e-05
0.011281
2.744303e-05
0.011274001
2.5565476e-05
0.011267474
2.3822018e-05
0.011261388
2.2202235e-05
0.011255712
2.0696637e-05
0.01125042
1.9296575e-05
0.011245484
1.7994145e-05
0.01124088
1.6782111e-05
0.011236587
1.5653836e-05
0.011232581
1.4603223e-05
0.011228845
1.3624653e-05
0.01122536
1.271295e-05
0.011222108
1.1863337e-05
0.011219074
1.1071405e-05
0.011216243
1.0333095e-05
0.011213602
9.6446611e-06
0.011211137
9.0026534e-06
0.011208837
8.403881e-06
0.01120669
7.8453839e-06
0.011204686
7.3244029e-06
0.011202816
6.838361e-06
0.01120107
6.3848477e-06
0.011199441
5.9616175e-06
0.01119792
5.5665878e-06
0.0111965
5.1978394e-06
0.011195174
4.8536095e-06
0.011193937
4.5322787e-06
0.011192782
4.2323444e-06
0.011191703
3.9524022e-06
0.011190696
3.691115e-06
0.011189756
3.4472196e-06
0.011188878
3.2195064e-06
0.011188058
3.0068587e-06
0.011187292
2.808227e-06
0.011186577
2.6226865e-06
0.01118591
2.4493655e-06
0.011185287
2.287526e-06
0.011184705
2.1364112e-06
0.011184161
1.9954031e-06
0.011183653
1.8637567e-06
0.011183179
1.7409386e-06
0.011182737
1.6261647e-06
0.011182323
1.5190533e-06
0.011181937
1.4187696e-06
0.011181576
1.3252292e-06
0.011181239
1.2374735e-06
0.011180924
1.1558936e-06
0.011180631
1.0791523e-06
0.011180357
1.00835e-06
0.011180101
9.4125386e-07
0.011179861
8.8016761e-07
0.011179638
8.2112631e-07
0.011179428
7.6870736e-07
0.011179234
7.1580823e-07
0.011179051
6.7141283e-07
0.011178882
6.2264125e-07
0.011178722
5.8657772e-07
0.011178576
5.3971384e-07
0.011178435
5.1372337e-07
0.011178311
4.6607925e-07
0.011178189
4.5229919e-07
4.0306558e-07
0.010094914
6.7887461e-05
0.010340233
0.00019555689
0.01065185
0.00027846873
0.010969203
0.00030539077
0.011273712
0.00030593224
0.01155641
0.00029627539
0.011809194
0.00027934034
0.012028326
0.00025644286
0.012214936
0.0002309924
0.012372692
0.00020629516
0.012505836
0.00018407975
0.012618428
0.00016468132
0.012714101
0.00014790567
0.012795956
0.00013346966
0.012866554
0.00012106427
0.01292795
0.00011036702
0.012981772
0.00010106932
0.0130293
9.2903884e-05
0.013071543
8.5655964e-05
0.0131093
7.9159814e-05
0.013143212
7.3289186e-05
0.013173796
6.79478e-05
0.013201478
6.3061735e-05
0.013226611
5.8573632e-05
0.013249491
5.4438282e-05
0.013270372
5.0619275e-05
0.013289469
4.7086552e-05
0.013306968
4.3814665e-05
0.013323033
4.0781588e-05
0.013337804
3.7967912e-05
0.013351406
3.5356302e-05
0.013363949
3.2931117e-05
0.013375529
3.0678145e-05
0.013386233
2.8584404e-05
0.013396137
2.6637997e-05
0.01340531
2.4827996e-05
0.013413814
2.3144353e-05
0.013421702
2.1577815e-05
0.013429025
2.0119862e-05
0.013435828
1.8762638e-05
0.013442151
1.7498901e-05
0.013448031
1.6321964e-05
0.013453502
1.5225655e-05
0.013458595
1.4204268e-05
0.013463336
1.3252524e-05
0.013467753
1.2365538e-05
0.013471868
1.1538781e-05
0.013475703
1.0768054e-05
0.013479278
1.0049456e-05
0.013482612
9.3793667e-06
0.013485721
8.7544286e-06
0.013488621
8.1715278e-06
0.013491326
7.6277833e-06
0.01349385
7.1205274e-06
0.013496205
6.6472884e-06
0.013498404
6.2057675e-06
0.013500455
5.7938206e-06
0.01350237
5.4094395e-06
0.013504158
5.0507414e-06
0.013505827
4.7159649e-06
0.013507385
4.4034731e-06
0.013508839
4.111751e-06
0.013510198
3.8394083e-06
0.013511466
3.5851634e-06
0.013512651
3.3478362e-06
0.013513757
3.1263189e-06
0.01351479
2.9195682e-06
0.013515754
2.726584e-06
0.013516655
2.546421e-06
0.013517496
2.3781803e-06
0.013518282
2.2210437e-06
0.013519016
2.0742494e-06
0.013519701
1.9371378e-06
0.013520342
1.8090786e-06
0.01352094
1.6895389e-06
0.013521498
1.5779478e-06
0.01352202
1.473838e-06
0.013522507
1.37663e-06
0.013522962
1.2859212e-06
0.013523387
1.201108e-06
0.013523784
1.1219381e-06
0.013524155
1.0477763e-06
0.013524502
9.7863777e-07
0.013524825
9.1376139e-07
0.013525128
8.5355807e-07
0.01352541
7.9688309e-07
0.013525674
7.44749e-07
0.01352592
6.9516558e-07
0.01352615
6.5024709e-07
0.013526365
6.0642433e-07
0.013526565
5.6793647e-07
0.013526753
5.2837134e-07
0.013526928
4.9602759e-07
0.013527091
4.5926578e-07
0.013527244
4.3350545e-07
0.013527386
3.9784359e-07
0.01352752
3.7996675e-07
0.013527643
3.4321871e-07
0.013527762
3.3369795e-07
2.967098e-07
0.010067887
2.9536932e-12
0.010263444
5.3440764e-12
0.010541913
7.8780231e-12
0.010847304
9.8886767e-12
0.011153236
8.0321849e-12
0.011449511
7.2154694e-13
0.011728852
-1.0042243e-11
0.011985295
-1.9822566e-11
0.012216287
-2.4059645e-11
0.012422582
-2.0428684e-11
0.012606662
-8.8667699e-12
0.012771343
7.1057977e-12
0.012919249
2.1889136e-11
0.013052719
3.2567738e-11
0.013173783
3.3995922e-11
0.01328415
2.4837939e-11
0.013385219
7.5766272e-12
0.013478123
-1.3756168e-11
0.013563779
-3.0906333e-11
0.013642939
-4.0956878e-11
0.013716228
-3.8233748e-11
0.013784176
-2.317877e-11
0.013847238
-1.4226625e-13
0.013905811
2.3899673e-11
0.01396025
3.9430186e-11
0.014010869
4.4413244e-11
0.014057955
3.4583656e-11
0.01410177
1.3804833e-11
0.014142551
-1.1619512e-11
0.014180519
-2.9240561e-11
0.014215876
-4.0485366e-11
0.014248807
-3.8088839e-11
0.014279485
-2.4103075e-11
0.01430807
-3.8803318e-12
0.014334708
1.6424337e-11
0.014359536
2.8250867e-11
0.01438268
3.4382069e-11
0.014404258
3.0806292e-11
0.014424377
1.8502047e-11
0.01444314
9.9718614e-13
0.014460639
-1.3278751e-11
0.014476961
-2.7429272e-11
0.014492187
-3.2747512e-11
0.014506391
-2.8569863e-11
0.014519644
-1.4512913e-11
0.014532009
6.2904186e-12
0.014543548
2.4563717e-11
0.014554316
4.0212453e-11
0.014564365
4.2742258e-11
0.014573745
3.0188307e-11
0.014582499
5.3367247e-12
0.01459067
-2.2908545e-11
0.014598298
-4.1932877e-11
0.014605419
-4.7433356e-11
0.014612066
-3.1751596e-11
0.014618272
-3.4032022e-14
0.014624066
3.613254e-11
0.014629475
6.1872964e-11
0.014634526
6.8976767e-11
0.014639242
4.8948251e-11
0.014643645
9.4251493e-12
0.014647757
-3.5424199e-11
0.014651596
-6.2666306e-11
0.014655182
-6.6984721e-11
0.01465853
-3.7128136e-11
0.014661656
1.4857841e-11
0.014664576
6.8329767e-11
0.014667302
1.0218556e-10
0.014669848
1.032798e-10
0.014672226
6.6222882e-11
0.014674447
5.1196232e-12
0.014676521
-5.8587905e-11
0.014678459
-9.2879646e-11
0.014680268
-9.1286613e-11
0.014681958
-4.4397711e-11
0.014683536
3.0647874e-11
0.01468501
1.0525715e-10
0.014686386
1.5338586e-10
0.014687672
1.5670749e-10
0.014688873
1.0712975e-10
0.014689994
2.0839333e-11
0.014691042
-7.5042063e-11
0.014692021
-1.399523e-10
0.014692935
-1.6001205e-10
0.014693789
-1.1099432e-10
0.014694586
-1.0668104e-11
0.014695331
1.0819058e-10
0.014696026
2.0390021e-10
0.014696676
2.4512637e-10
0.014697282
2.001468e-10
0.014697849
8.1446943e-11
0.014698377
-6.8728278e-11
0.014698873
-1.9284703e-10
0.014699333
-2.9291207e-10
0.014699767
-2.8484373e-10
0.014700166
-1.2853145e-10
0.014700546
1.0616713e-10
0.014700889
1.414848e-10
0.014701222
1.5704458e-10
1.0887047e-10
0.010067887
-6.7887455e-05
0.010263444
-0.00019555688
0.010541913
-0.00027846871
0.010847304
-0.00030539076
0.011153236
-0.00030593223
0.011449511
-0.00029627539
0.011728852
-0.00027934036
0.011985295
-0.00025644289
0.012216287
-0.00023099244
0.012422582
-0.00020629519
0.012606662
-0.00018407976
0.012771343
-0.00016468131
0.012919249
-0.00014790564
0.013052719
-0.00013346962
0.013173783
-0.00012106423
0.01328415
-0.00011036699
0.013385219
-0.00010106931
0.013478123
-9.2903903e-05
0.013563779
-8.5656005e-05
0.013642939
-7.9159865e-05
0.013716228
-7.3289232e-05
0.013784176
-6.7947827e-05
0.013847238
-6.3061735e-05
0.013905811
-5.8573605e-05
0.01396025
-5.4438235e-05
0.014010869
-5.0619224e-05
0.014057955
-4.7086512e-05
0.01410177
-4.3814648e-05
0.014142552
-4.0781596e-05
0.014180519
-3.7967942e-05
0.014215876
-3.5356344e-05
0.014248807
-3.2931159e-05
0.014279485
-3.0678175e-05
0.01430807
-2.8584415e-05
0.014334708
-2.6637987e-05
0.014359536
-2.4827969e-05
0.01438268
-2.3144316e-05
0.014404258
-2.1577779e-05
0.014424377
-2.0119835e-05
0.01444314
-1.8762628e-05
0.014460639
-1.7498909e-05
0.014476961
-1.632199e-05
0.014492187
-1.5225691e-05
0.014506391
-1.4204302e-05
0.014519644
-1.3252544e-05
0.014532009
-1.2365536e-05
0.014543548
-1.1538755e-05
0.014554316
-1.076801e-05
0.014564365
-1.0049408e-05
0.014573745
-9.3793322e-06
0.014582499
-8.7544198e-06
0.01459067
-8.1715484e-06
0.014598298
-7.6278245e-06
0.014605419
-7.1205715e-06
0.014612066
-6.6473141e-06
0.014618272
-6.2057603e-06
0.014624066
-5.7937768e-06
0.014629475
-5.4093705e-06
0.014634526
-5.0506702e-06
0.014639242
-4.715918e-06
0.014643645
-4.403467e-06
0.014647757
-4.1117865e-06
0.014651596
-3.8394668e-06
0.014655182
-3.5852167e-06
0.01465853
-3.3478534e-06
0.014661656
-3.1262824e-06
0.014664576
-2.9194799e-06
0.014667302
-2.7264675e-06
0.014669848
-2.5463131e-06
0.014672226
-2.3781167e-06
0.014674447
-2.2210434e-06
0.014676521
-2.0743076e-06
0.014678459
-1.937224e-06
0.014680268
-1.8091505e-06
0.014681958
-1.6895536e-06
0.014683536
-1.5778833e-06
0.01468501
-1.473698e-06
0.014686386
-1.3764474e-06
0.014687672
-1.2857478e-06
0.014688873
-1.2009964e-06
0.014689994
-1.1219216e-06
0.014691042
-1.0478582e-06
0.014692021
-9.7878435e-07
0.014692935
-9.1391513e-07
0.014693789
-8.536493e-07
0.014694586
-7.9686156e-07
0.014695331
-7.4459995e-07
0.014696026
-6.9491939e-07
0.014696676
-6.4997422e-07
0.014697282
-6.0621247e-07
0.014697849
-5.6786026e-07
0.014698377
-5.2845745e-07
0.014698873
-4.962634e-07
0.014699333
-4.595956e-07
0.014699767
-4.3378987e-07
0.014700166
-3.9797616e-07
0.014700546
-3.7991307e-07
0.014700889
-3.4316931e-07
0.014701222
-3.336352e-07
-2.9661571e-07
0.010094914
-0.00016280098
0.010340233
-0.00044087646
0.01065185
-0.0005900857
0.010969203
-0.00062274377
0.011273712
-0.0006104416
0.01155641
-0.00057897248
0.011809194
-0.00053212462
0.012028326
-0.00047557513
0.012214936
-0.00041760213
0.012372692
-0.00036405131
0.012505836
-0.00031722357
0.012618428
-0.00027727347
0.012714101
-0.0002435785
0.012795956
-0.00021532526
0.012866554
-0.00019166165
0.01292795
-0.00017176289
0.012981772
-0.00015489121
0.0130293
-0.00014043214
0.013071543
-0.00012789906
0.0131093
-0.00011691717
0.013143212
-0.00010720074
0.013173796
-9.8531917e-05
0.013201478
-9.0743635e-05
0.013226611
-8.3706524e-05
0.013249491
-7.7319025e-05
0.013270372
-7.1500003e-05
0.013289469
-6.6183363e-05
0.013306969
-6.1314183e-05
0.013323033
-5.6846008e-05
0.013337804
-5.2738954e-05
0.013351406
-4.8958361e-05
0.013363949
-4.5473824e-05
0.013375529
-4.2258471e-05
0.013386233
-3.9288415e-05
0.013396137
-3.6542325e-05
0.01340531
-3.4001088e-05
0.013413814
-3.1647524e-05
0.013421702
-2.9466158e-05
0.013429025
-2.7443015e-05
0.013435828
-2.5565446e-05
0.013442151
-2.3821984e-05
0.013448031
-2.2202204e-05
0.013453502
-2.0696619e-05
0.013458595
-1.9296572e-05
0.013463336
-1.7994156e-05
0.013467753
-1.6782134e-05
0.013471868
-1.5653865e-05
0.013475703
-1.460325e-05
0.013479278
-1.3624671e-05
0.013482612
-1.2712952e-05
0.013485721
-1.1863318e-05
0.013488621
-1.1071369e-05
0.013491326
-1.0333048e-05
0.01349385
-9.6446171e-06
0.013496205
-9.002626e-06
0.013498403
-8.4038799e-06
0.013500455
-7.8454102e-06
0.01350237
-7.3244479e-06
0.013504158
-6.8384071e-06
0.013505827
-6.3848747e-06
0.013507385
-5.9616089e-06
0.01350884
-5.5665391e-06
0.013510198
-5.197762e-06
0.013511466
-4.8535274e-06
0.013512651
-4.5322194e-06
0.013513757
-4.2323271e-06
0.01351479
-3.9524301e-06
0.013515754
-3.6911739e-06
0.013516655
-3.4472812e-06
0.013517497
-3.2195395e-06
0.013518282
-3.0068405e-06
0.013519016
-2.8081539e-06
0.013519702
-2.6225766e-06
0.013520342
-2.4492523e-06
0.01352094
-2.287445e-06
0.013521498
-2.136385e-06
0.01352202
-1.9954331e-06
0.013522507
-1.863824e-06
0.013522962
-1.74101e-06
0.013523388
-1.6262043e-06
0.013523785
-1.5190347e-06
0.013524156
-1.4186875e-06
0.013524502
-1.3251018e-06
0.013524826
-1.237337e-06
0.013525128
-1.1557903e-06
0.01352541
-1.0791145e-06
0.013525674
-1.0083881e-06
0.01352592
-9.4135234e-07
0.01352615
-8.8028837e-07
0.013526365
-8.2121755e-07
0.013526566
-7.6872638e-07
0.013526753
-7.1574273e-07
0.013526928
-6.7128799e-07
0.013527091
-6.2248851e-07
0.013527244
-5.8644327e-07
0.013527386
-5.3973e-07
0.01352752
-5.1397942e-07
0.013527643
-4.6650031e-07
0.013527762
-4.5261977e-07
-4.0314817e-07
0.010181464
-0.00034426524
0.010521798
-0.00078121017
0.010842482
-0.00091076959
0.011112769
-0.00089303091
0.01133602
-0.0008336923
0.011508579
-0.00075153211
0.011630744
-0.00065428931
0.011709907
-0.00055473798
0.011755697
-0.00046339253
0.011776644
-0.00038499798
0.011779503
-0.00032008219
0.011769652
-0.00026742266
0.01175133
-0.0002252566
0.011727726
-0.00019172161
0.011701127
-0.0001650625
0.011673116
-0.00014375199
0.011644765
-0.00012654003
0.011616781
-0.00011244778
0.011589614
-0.00010073203
0.011563536
-9.0839849e-05
0.0115387
-8.2364427e-05
0.011515175
-7.500741e-05
0.011492981
-6.854926e-05
0.011472102
-6.2827026e-05
0.011452501
-5.7718144e-05
0.011434129
-5.312879e-05
0.011416932
-4.8985652e-05
0.011400848
-4.5230191e-05
0.011385816
-4.1814694e-05
0.011371777
-3.8699551e-05
0.01135867
-3.5851377e-05
0.011346438
-3.3241684e-05
0.011335025
-3.084592e-05
0.01132438
-2.864276e-05
0.011314451
-2.6613564e-05
0.011305192
-2.4741957e-05
0.011296558
-2.3013489e-05
0.011288507
-2.1415362e-05
0.011281
-1.9936198e-05
0.011274001
-1.8565844e-05
0.011267474
-1.7295213e-05
0.011261388
-1.6116145e-05
0.011255712
-1.5021288e-05
0.01125042
-1.4004002e-05
0.011245484
-1.305827e-05
0.01124088
-1.2178625e-05
0.011236587
-1.1360085e-05
0.011232581
-1.0598101e-05
0.011228845
-9.8885066e-06
0.01122536
-9.2274834e-06
0.011222108
-8.6115258e-06
0.011219074
-8.0374147e-06
0.011216243
-7.5021905e-06
0.011213602
-7.003128e-06
0.011211137
-6.537711e-06
0.011208837
-6.1036092e-06
0.01120669
-5.6986582e-06
0.011204686
-5.3208437e-06
0.011202816
-4.9682919e-06
0.01120107
-4.6392628e-06
0.011199441
-4.3321478e-06
0.01119792
-4.0454627e-06
0.0111965
-3.7778403e-06
0.011195175
-3.5280146e-06
0.011193937
-3.2948078e-06
0.011192782
-3.0771123e-06
0.011191703
-2.8738857e-06
0.011190696
-2.684141e-06
0.011189756
-2.506957e-06
0.011188878
-2.3414704e-06
0.011188058
-2.186899e-06
0.011187292
-2.0425142e-06
0.011186578
-1.9076707e-06
0.01118591
-1.7817452e-06
0.011185287
-1.6641888e-06
0.011184705
-1.5544266e-06
0.011184161
-1.4519751e-06
0.011183654
-1.3562755e-06
0.011183179
-1.266927e-06
0.011182737
-1.1833834e-06
0.011182323
-1.1053819e-06
0.011181937
-1.0323742e-06
0.011181576
-9.6429648e-07
0.011181239
-9.0051875e-07
0.011180925
-8.4123847e-07
0.011180631
-7.8557209e-07
0.011180357
-7.3409866e-07
0.011180101
-6.8542743e-07
0.011179861
-6.4080442e-07
0.011179638
-5.9794907e-07
0.011179429
-5.5933811e-07
0.011179234
-5.2117254e-07
0.011179051
-4.88094e-07
0.011178882
-4.5356875e-07
0.011178722
-4.2610034e-07
0.011178576
-3.9428114e-07
0.011178435
-3.7330133e-07
0.011178311
-3.4240131e-07
0.011178189
-3.300188e-07
-2.9962094e-07
0.010341662
-0.00068592734
0.010578184
-0.0010177326
0.010615671
-0.00094825625
0.010553945
-0.00083130474
0.010425822
-0.00070556887
0.010248587
-0.00057429755
0.010044962
-0.00045066426
0.0098354604
-0.0003452364
0.0096327827
-0.00026071488
0.0094437308
-0.00019594606
0.0092713466
-0.00014769799
0.009116574
-0.00011265009
0.0089789731
-8.7655684e-05
0.0088572403
-6.9988778e-05
0.0087496634
-5.7485621e-05
0.0086544455
-4.8534128e-05
0.0085698899
-4.1984432e-05
0.0084944844
-3.7042256e-05
0.0084269262
-3.3173812e-05
0.0083661156
-3.0029278e-05
0.0083111354
-2.738416e-05
0.0082612243
-2.5096346e-05
0.0082157512
-2.3076195e-05
0.0081741908
-2.1266639e-05
0.0081361031
-1.9630415e-05
0.0081011164
-1.8142107e-05
0.0080689141
-1.6783311e-05
0.0080392237
-1.5539788e-05
0.0080118089
-1.4399853e-05
0.0079864628
-1.3353493e-05
0.0079630033
-1.2391887e-05
0.0079412688
-1.150716e-05
0.0079211151
-1.0692237e-05
0.0079024131
-9.9407506e-06
0.0078850465
-9.2469774e-06
0.0078689103
-8.6057767e-06
0.0078539093
-8.0125364e-06
0.0078399571
-7.4631206e-06
0.0078269747
-6.9538186e-06
0.0078148902
-6.4812977e-06
0.0078036375
-6.0425603e-06
0.0077931563
-5.6349041e-06
0.0077833909
-5.2558882e-06
0.0077742902
-4.9033018e-06
0.0077658071
-4.5751372e-06
0.007757898
-4.2695662e-06
0.0077505228
-3.9849197e-06
0.0077436444
-3.7196704e-06
0.0077372283
-3.472418e-06
0.0077312427
-3.2418776e-06
0.0077256581
-3.0268685e-06
0.007720447
-2.8263043e-06
0.007715584
-2.6391836e-06
0.0077110454
-2.4645808e-06
0.0077068093
-2.3016377e-06
0.0077028552
-2.1495566e-06
0.0076991642
-2.0075947e-06
0.0076957184
-1.875061e-06
0.0076925014
-1.7513141e-06
0.0076894979
-1.6357601e-06
0.0076866937
-1.5278506e-06
0.0076840753
-1.4270786e-06
0.0076816304
-1.3329745e-06
0.0076793475
-1.2450989e-06
0.0076772157
-1.1630398e-06
0.007675225
-1.0864074e-06
0.0076733659
-1.0148357e-06
0.0076716297
-9.4798023e-07
0.0076700083
-8.8552364e-07
0.0076684941
-8.27171e-07
0.0076670799
-7.7265719e-07
0.0076657591
-7.2173213e-07
0.0076645256
-6.741728e-07
0.0076633736
-6.2975648e-07
0.0076622977
-5.8828707e-07
0.0076612927
-5.4955399e-07
0.0076603541
-5.1338606e-07
0.0076594774
-4.7958192e-07
0.0076586585
-4.480091e-07
0.0076578936
-4.1847525e-07
0.0076571792
-3.9090485e-07
0.007656512
-3.6509998e-07
0.0076558888
-3.4105615e-07
0.0076553068
-3.185323e-07
0.0076547631
-2.976131e-07
0.0076542554
-2.7795498e-07
0.007653781
-2.5977877e-07
0.0076533381
-2.4256662e-07
0.0076529241
-2.2676998e-07
0.0076525378
-2.1160182e-07
0.0076521764
-1.9788722e-07
0.0076518397
-1.8444291e-07
0.0076515243
-1.7260458e-07
0.0076512314
-1.6070146e-07
0.0076509559
-1.5061356e-07
0.0076507018
-1.4036246e-07
0.0076504601
-1.3170456e-07
0.0076502419
-1.2410338e-07
0.0076500278
-1.1588466e-07
-1.1609083e-07
0.0093140727
0.0082963401
0.0073480838
0.0065167791
0.0058112102
0.0052369127
0.0047862484
0.004441012
0.0041802972
0.0039843511
0.0038366531
0.003724003
0.0036363473
0.0035663586
0.0035088729
0.0034603388
0.0034183544
0.0033813121
0.0033481383
0.003318109
0.0032907249
0.0032656285
0.0032425523
0.0032212857
0.0032016553
0.0031835132
0.0031667299
0.0031511901
0.0031367902
0.0031234367
0.0031110448
0.0030995377
0.0030888454
0.0030789047
0.0030696577
0.0030610519
0.0030530394
0.0030455763
0.0030386225
0.0030321412
0.0030260986
0.0030204637
0.0030152078
0.0030103045
0.0030057294
0.0030014598
0.0029974749
0.0029937552
0.0029902828
0.0029870409
0.002984014
0.0029811877
0.0029785486
0.002976084
0.0029737823
0.0029716328
0.0029696252
0.0029677501
0.0029659988
0.0029643631
0.0029628352
0.0029614081
0.0029600751
0.00295883
0.002957667
0.0029565806
0.0029555657
0.0029546178
0.0029537323
0.0029529051
0.0029521324
0.0029514107
0.0029507365
0.0029501068
0.0029495185
0.0029489689
0.0029484555
0.002947976
0.002947528
0.0029471095
0.0029467186
0.0029463535
0.0029460124
0.0029456939
0.0029453962
0.0029451183
0.0029448585
0.0029446159
0.0029443892
0.0029441776
0.0029439797
0.0029437953
0.0029436227
0.0029434619
0.0029433113
0.0029431709
0.0029430392
0.0029429152
0.0029427993
)
;

boundaryField
{
    top
    {
        type            calculated;
        value           uniform 0;
    }
    bottom
    {
        type            calculated;
        value           uniform 0;
    }
    inlet
    {
        type            calculated;
        value           nonuniform List<scalar> 10(-0.01 -0.01 -0.01 -0.01 -0.01 -0.01 -0.01 -0.01 -0.01 -0.01);
    }
    outlet
    {
        type            calculated;
        value           nonuniform List<scalar> 10(0.0029426834 0.0076498445 0.011178085 0.013527868 0.014701518 0.014701518 0.013527869 0.011178085 0.0076498443 0.0029426832);
    }
    front
    {
        type            empty;
    }
    back
    {
        type            empty;
    }
}


// ************************************************************************* //
