/*--------------------------------*- C++ -*----------------------------------*\
  =========                 |
  \\      /  F ield         | OpenFOAM: The Open Source CFD Toolbox
   \\    /   O peration     | Website:  https://openfoam.org
    \\  /    A nd           | Version:  13
     \\/     M anipulation  |
\*---------------------------------------------------------------------------*/
FoamFile
{
    format      ascii;
    class       volVectorField;
    location    "12";
    object      U;
}
// * * * * * * * * * * * * * * * * * * * * * * * * * * * * * * * * * * * * * //

dimensions      [0 1 -1 0 0 0 0];

internalField   nonuniform List<vector> 
1000
(
(0.92074242 0.03382768 0)
(0.8635379 0.056684191 0)
(0.78799127 0.052753994 0)
(0.69766161 0.041237061 0)
(0.61471542 0.03020314 0)
(0.54875554 0.020988078 0)
(0.49827309 0.013660659 0)
(0.45949312 0.0082997554 0)
(0.42978721 0.004735884 0)
(0.4072852 0.0025321839 0)
(0.39034402 0.0012497963 0)
(0.37751559 0.0005618029 0)
(0.36764107 0.00024261398 0)
(0.35985945 0.00013663675 0)
(0.35355677 0.00013976074 0)
(0.34830594 0.00018761031 0)
(0.34381545 0.00024453022 0)
(0.33988918 0.00029351319 0)
(0.33639623 0.00032844143 0)
(0.33324896 0.00034888431 0)
(0.33038779 0.00035693722 0)
(0.32777096 0.00035546612 0)
(0.32536797 0.00034723986 0)
(0.32315538 0.00033457773 0)
(0.32111429 0.00031926685 0)
(0.31922887 0.00030260379 0)
(0.31748536 0.00028548214 0)
(0.31587163 0.00026848765 0)
(0.31437679 0.00025198333 0)
(0.31299103 0.00023617815 0)
(0.31170546 0.00022117869 0)
(0.31051204 0.00020702596 0)
(0.30940345 0.00019372065 0)
(0.30837305 0.00018123985 0)
(0.3074148 0.00016954773 0)
(0.30652319 0.00015860236 0)
(0.30569321 0.0001483597 0)
(0.30492028 0.00013877598 0)
(0.30420021 0.000129809 0)
(0.30352917 0.00012141881 0)
(0.30290362 0.00011356791 0)
(0.30232035 0.00010622133 0)
(0.30177636 9.9346535e-05 0)
(0.30126891 9.291325e-05 0)
(0.30079545 8.6893293e-05 0)
(0.30035365 8.1260375e-05 0)
(0.29994133 7.5989876e-05 0)
(0.29955648 7.1058692e-05 0)
(0.29919722 6.6445063e-05 0)
(0.29886183 6.212852e-05 0)
(0.29854869 5.8089845e-05 0)
(0.2982563 5.4311072e-05 0)
(0.29798328 5.077552e-05 0)
(0.29772832 4.7467754e-05 0)
(0.29749023 4.437351e-05 0)
(0.29726788 4.1479532e-05 0)
(0.29706022 3.877334e-05 0)
(0.29686627 3.6243092e-05 0)
(0.29668512 3.3877419e-05 0)
(0.29651592 3.1665433e-05 0)
(0.29635789 2.9596824e-05 0)
(0.29621027 2.7661946e-05 0)
(0.29607239 2.5852023e-05 0)
(0.2959436 2.4159108e-05 0)
(0.2958233 2.2576102e-05 0)
(0.29571093 2.1096463e-05 0)
(0.29560597 1.9714017e-05 0)
(0.29550792 1.8422656e-05 0)
(0.29541633 1.7216371e-05 0)
(0.29533078 1.6089075e-05 0)
(0.29525086 1.5035147e-05 0)
(0.2951762 1.4049096e-05 0)
(0.29510646 1.3126527e-05 0)
(0.29504132 1.2263172e-05 0)
(0.29498046 1.1456176e-05 0)
(0.29492363 1.0702064e-05 0)
(0.29487053 9.9987992e-06 0)
(0.29482094 9.3423469e-06 0)
(0.29477461 8.7308698e-06 0)
(0.29473133 8.1589148e-06 0)
(0.29469089 7.6256026e-06 0)
(0.29465312 7.124177e-06 0)
(0.29461783 6.6566361e-06 0)
(0.29458487 6.2148559e-06 0)
(0.29455408 5.8056878e-06 0)
(0.29452533 5.4177638e-06 0)
(0.29449847 5.0641239e-06 0)
(0.2944734 4.726055e-06 0)
(0.29444995 4.4243725e-06 0)
(0.29442809 4.1286823e-06 0)
(0.29440761 3.8704605e-06 0)
(0.29438852 3.6066639e-06 0)
(0.29437066 3.379781e-06 0)
(0.29435399 3.1453811e-06 0)
(0.29433847 2.9372534e-06 0)
(0.29432379 2.7636223e-06 0)
(0.29431054 2.5401331e-06 0)
(0.29429704 2.5709535e-06 0)
(0.29428656 2.0567562e-06 0)
(0.29426938 2.9010472e-06 0)
(1.0019381 0.052732953 0)
(1.0365395 0.10225274 0)
(1.0602516 0.11315449 0)
(1.0635369 0.1090466 0)
(1.0522935 0.099516705 0)
(1.0346516 0.087114674 0)
(1.0147897 0.073373125 0)
(0.99415463 0.059906706 0)
(0.97358849 0.047880415 0)
(0.95388173 0.037787614 0)
(0.93564762 0.029665822 0)
(0.91918057 0.023329679 0)
(0.90451503 0.0185031 0)
(0.89154102 0.014887716 0)
(0.88008799 0.012203272 0)
(0.86996961 0.010210174 0)
(0.86100573 0.0087174161 0)
(0.85303279 0.0075805281 0)
(0.84590822 0.0066945226 0)
(0.83951094 0.0059853899 0)
(0.83373979 0.0054021119 0)
(0.82851093 0.0049100408 0)
(0.82375499 0.0044858237 0)
(0.81941448 0.0041137154 0)
(0.81544149 0.0037829989 0)
(0.81179573 0.0034862317 0)
(0.80844306 0.0032180842 0)
(0.80535424 0.0029745906 0)
(0.80250401 0.0027526751 0)
(0.79987035 0.0025498594 0)
(0.79743392 0.0023640826 0)
(0.79517763 0.0021935897 0)
(0.79308625 0.0020368617 0)
(0.79114618 0.0018925689 0)
(0.7893452 0.0017595393 0)
(0.78767226 0.0016367347 0)
(0.7861174 0.0015232329 0)
(0.78467156 0.0014182123 0)
(0.78332648 0.0013209397 0)
(0.78207464 0.001230759 0)
(0.78090915 0.0011470824 0)
(0.77982372 0.0010693814 0)
(0.77881255 0.00099718001 0)
(0.77787031 0.00093004844 0)
(0.7769921 0.00086759724 0)
(0.77617339 0.00080947266 0)
(0.77541002 0.00075535233 0)
(0.77469812 0.00070494157 0)
(0.77403411 0.00065797019 0)
(0.77341469 0.00061418997 0)
(0.77283679 0.0005733725 0)
(0.77229756 0.00053530753 0)
(0.77179438 0.0004998016 0)
(0.77132479 0.00046667667 0)
(0.77088651 0.00043576886 0)
(0.77047742 0.00040692693 0)
(0.77009556 0.0003800107 0)
(0.76973909 0.00035488968 0)
(0.7694063 0.00033144186 0)
(0.76909559 0.00030955306 0)
(0.7688055 0.00028911662 0)
(0.76853464 0.00027003333 0)
(0.76828173 0.00025221162 0)
(0.76804557 0.00023556723 0)
(0.76782505 0.0002200229 0)
(0.76761913 0.00020550713 0)
(0.76742683 0.0001919533 0)
(0.76724726 0.00017929817 0)
(0.76707955 0.00016748183 0)
(0.76692293 0.00015644675 0)
(0.76677665 0.00014613936 0)
(0.76664003 0.00013650892 0)
(0.76651244 0.00012751048 0)
(0.76639327 0.00011910161 0)
(0.76628198 0.00011124662 0)
(0.76617804 0.00010390945 0)
(0.76608096 9.7060769e-05 0)
(0.7659903 9.0665948e-05 0)
(0.7659056 8.4699323e-05 0)
(0.76582651 7.9124283e-05 0)
(0.76575261 7.3920846e-05 0)
(0.7656836 6.9050031e-05 0)
(0.76561911 6.4503814e-05 0)
(0.76555891 6.0239887e-05 0)
(0.76550265 5.6269321e-05 0)
(0.76545017 5.2539142e-05 0)
(0.76540107 4.9085673e-05 0)
(0.76535532 4.5828875e-05 0)
(0.76531246 4.2840256e-05 0)
(0.76527258 3.9989922e-05 0)
(0.76523515 3.7406923e-05 0)
(0.76520035 3.488498e-05 0)
(0.76516773 3.2650388e-05 0)
(0.76513725 3.0385914e-05 0)
(0.76510913 2.8471072e-05 0)
(0.76508196 2.6425698e-05 0)
(0.76505873 2.4860169e-05 0)
(0.76503269 2.3027591e-05 0)
(0.76501692 2.1961883e-05 0)
(0.76498531 2.0483553e-05 0)
(1.0002467 0.026719375 0)
(1.0283936 0.06255548 0)
(1.0646999 0.077616155 0)
(1.0979952 0.080476474 0)
(1.1240764 0.07805828 0)
(1.1435812 0.072916831 0)
(1.1579044 0.065986856 0)
(1.1678877 0.058204701 0)
(1.1741544 0.050495786 0)
(1.1774192 0.0434672 0)
(1.1784517 0.037361303 0)
(1.1779313 0.032190657 0)
(1.1763807 0.027868331 0)
(1.1741779 0.024277406 0)
(1.1715897 0.021298544 0)
(1.1688025 0.018820818 0)
(1.1659442 0.016747073 0)
(1.1630997 0.014996292 0)
(1.1603237 0.013503446 0)
(1.1576498 0.012217609 0)
(1.155097 0.011099375 0)
(1.1526749 0.010118336 0)
(1.1503869 0.0092509564 0)
(1.1482324 0.0084788952 0)
(1.1462083 0.0077877214 0)
(1.1443101 0.0071659421 0)
(1.1425324 0.0066042762 0)
(1.1408692 0.0060951186 0)
(1.1393144 0.0056321513 0)
(1.1378619 0.0052100603 0)
(1.1365056 0.0048243287 0)
(1.1352396 0.0044710827 0)
(1.1340583 0.0041469748 0)
(1.1329564 0.0038490936 0)
(1.1319285 0.0035748924 0)
(1.13097 0.0033221333 0)
(1.1300761 0.0030888408 0)
(1.1292426 0.0028732644 0)
(1.1284655 0.0026738478 0)
(1.1277408 0.0024892024 0)
(1.1270651 0.0023180855 0)
(1.1264351 0.0021593817 0)
(1.1258475 0.0020120868 0)
(1.1252997 0.0018752941 0)
(1.1247887 0.0017481829 0)
(1.1243122 0.0016300079 0)
(1.1238677 0.0015200908 0)
(1.1234532 0.0014178122 0)
(1.1230665 0.0013226054 0)
(1.1227057 0.0012339506 0)
(1.1223692 0.0011513705 0)
(1.1220552 0.0010744263 0)
(1.1217622 0.0010027151 0)
(1.1214888 0.00093586636 0)
(1.1212338 0.00087353919 0)
(1.1209957 0.00081541934 0)
(1.1207736 0.00076121608 0)
(1.1205662 0.0007106593 0)
(1.1203727 0.00066349733 0)
(1.1201921 0.00061949537 0)
(1.1200235 0.00057843482 0)
(1.1198661 0.00054011288 0)
(1.1197192 0.00050434246 0)
(1.119582 0.00047095134 0)
(1.119454 0.00043978134 0)
(1.1193345 0.0004106858 0)
(1.1192229 0.00038352818 0)
(1.1191187 0.00035817912 0)
(1.1190214 0.00033451672 0)
(1.1189306 0.00031242461 0)
(1.1188457 0.00029179497 0)
(1.1187665 0.00027252614 0)
(1.1186926 0.0002545278 0)
(1.1186235 0.00023771462 0)
(1.118559 0.00022201387 0)
(1.1184988 0.00020735188 0)
(1.1184426 0.00019366813 0)
(1.1183901 0.00018089191 0)
(1.118341 0.00016897126 0)
(1.1182953 0.00015783292 0)
(1.1182524 0.00014743815 0)
(1.1182125 0.00013770954 0)
(1.1181751 0.00012863352 0)
(1.1181404 0.00012012308 0)
(1.1181077 0.00011220479 0)
(1.1180775 0.00010476263 0)
(1.118049 9.7881884e-05 0)
(1.1180226 9.137679e-05 0)
(1.1179977 8.5428629e-05 0)
(1.1179748 7.9715331e-05 0)
(1.1179529 7.4596525e-05 0)
(1.117933 6.9503871e-05 0)
(1.1179138 6.5141622e-05 0)
(1.1178965 6.0487343e-05 0)
(1.11788 5.6891851e-05 0)
(1.1178645 5.2482822e-05 0)
(1.117851 4.9799825e-05 0)
(1.1178358 4.5399965e-05 0)
(1.1178272 4.3845663e-05 0)
(1.117809 3.9282041e-05 0)
(1.0000321 0.01172771 0)
(1.0173964 0.030563016 0)
(1.0455868 0.040990665 0)
(1.0788323 0.044657244 0)
(1.1117703 0.044906519 0)
(1.1419849 0.043513627 0)
(1.1689322 0.040998751 0)
(1.1925678 0.037704081 0)
(1.2129268 0.034089589 0)
(1.2301852 0.030558835 0)
(1.2446903 0.027331282 0)
(1.256878 0.024473249 0)
(1.2671747 0.021977087 0)
(1.2759451 0.019810765 0)
(1.283481 0.017935178 0)
(1.290012 0.016308899 0)
(1.2957188 0.014891434 0)
(1.3007436 0.013646374 0)
(1.3051988 0.012543212 0)
(1.3091728 0.011557532 0)
(1.3127361 0.010670218 0)
(1.3159451 0.0098663798 0)
(1.3188459 0.0091343683 0)
(1.3214765 0.0084649889 0)
(1.3238688 0.0078508885 0)
(1.3260498 0.0072860873 0)
(1.3280427 0.006765626 0)
(1.3298674 0.0062853079 0)
(1.3315412 0.0058415153 0)
(1.3330791 0.0054310802 0)
(1.3344943 0.0050511941 0)
(1.3357985 0.0046993439 0)
(1.3370019 0.0043732648 0)
(1.3381138 0.0040709049 0)
(1.339142 0.0037903987 0)
(1.340094 0.003530045 0)
(1.340976 0.0032882898 0)
(1.341794 0.0030637116 0)
(1.3425532 0.0028550084 0)
(1.3432582 0.0026609871 0)
(1.3439133 0.0024805531 0)
(1.3445224 0.0023127013 0)
(1.345089 0.0021565079 0)
(1.3456163 0.0020111236 0)
(1.3461071 0.001875766 0)
(1.3465643 0.0017497141 0)
(1.3469902 0.0016323025 0)
(1.347387 0.0015229164 0)
(1.347757 0.0014209871 0)
(1.3481019 0.0013259882 0)
(1.3484235 0.0012374325 0)
(1.3487234 0.0011548691 0)
(1.3490033 0.0010778809 0)
(1.3492643 0.0010060827 0)
(1.3495079 0.00093911778 0)
(1.3497353 0.00087665587 0)
(1.3499474 0.00081838993 0)
(1.3501455 0.00076403362 0)
(1.3503303 0.00071331951 0)
(1.3505029 0.00066599768 0)
(1.350664 0.00062183528 0)
(1.3508144 0.00058061623 0)
(1.3509548 0.0005421411 0)
(1.351086 0.00050622587 0)
(1.3512084 0.00047270102 0)
(1.3513228 0.0004414088 0)
(1.3514296 0.00041220195 0)
(1.3515293 0.00038494057 0)
(1.3516224 0.00035949319 0)
(1.3517094 0.00033573443 0)
(1.3517906 0.00031354877 0)
(1.3518665 0.00029282746 0)
(1.3519374 0.00027347449 0)
(1.3520036 0.00025539826 0)
(1.3520654 0.00023852091 0)
(1.3521231 0.00022276186 0)
(1.3521771 0.00020805594 0)
(1.3522275 0.00019432448 0)
(1.3522745 0.00018151285 0)
(1.3523184 0.00016953916 0)
(1.3523594 0.00015836643 0)
(1.3523978 0.00014790634 0)
(1.3524335 0.00013815454 0)
(1.3524671 0.0001290054 0)
(1.3524982 0.00012050659 0)
(1.3525276 0.00011250559 0)
(1.3525546 0.00010513209 0)
(1.3525805 9.8128245e-05 0)
(1.3526037 9.1768281e-05 0)
(1.3526266 8.5591865e-05 0)
(1.3526465 8.0144359e-05 0)
(1.3526669 7.4597199e-05 0)
(1.3526836 7.0010132e-05 0)
(1.3527023 6.4882945e-05 0)
(1.3527158 6.1191434e-05 0)
(1.3527335 5.6254334e-05 0)
(1.3527435 5.3619658e-05 0)
(1.3527613 4.860719e-05 0)
(1.352767 4.7161721e-05 0)
(1.3527868 4.1738021e-05 0)
(1.0001568 0.0034383908 0)
(1.0134518 0.0092557602 0)
(1.036628 0.012853242 0)
(1.0666034 0.014335343 0)
(1.0987809 0.014626053 0)
(1.1300715 0.014363698 0)
(1.1593037 0.013741451 0)
(1.1861976 0.012840158 0)
(1.2106431 0.011790371 0)
(1.2325915 0.010728732 0)
(1.2521417 0.0097376705 0)
(1.2695378 0.008845964 0)
(1.2850832 0.0080555418 0)
(1.2990634 0.0073596137 0)
(1.3117148 0.006748691 0)
(1.3232262 0.0062117904 0)
(1.3337497 0.005737394 0)
(1.3434089 0.0053147126 0)
(1.3523048 0.0049345697 0)
(1.3605198 0.0045896451 0)
(1.3681215 0.0042742864 0)
(1.3751666 0.0039841755 0)
(1.3817032 0.0037160093 0)
(1.3877733 0.0034672416 0)
(1.3934137 0.0032358821 0)
(1.3986577 0.0030203424 0)
(1.4035351 0.0028193197 0)
(1.408073 0.0026317134 0)
(1.4122964 0.0024565662 0)
(1.416228 0.002293026 0)
(1.4198888 0.0021403191 0)
(1.4232982 0.0019977343 0)
(1.4264741 0.0018646113 0)
(1.429433 0.0017403338 0)
(1.4321902 0.0016243248 0)
(1.4347599 0.0015160431 0)
(1.4371552 0.0014149808 0)
(1.4393882 0.001320662 0)
(1.4414702 0.0012326407 0)
(1.4434117 0.0011504992 0)
(1.4452223 0.0010738469 0)
(1.4469111 0.0010023184 0)
(1.4484863 0.00093557219 0)
(1.4499558 0.0008732892 0)
(1.4513269 0.00081517114 0)
(1.4526061 0.00076093928 0)
(1.4537997 0.0007103331 0)
(1.4549136 0.00066310895 0)
(1.4559531 0.00061903929 0)
(1.4569232 0.00057791168 0)
(1.4578287 0.00053952808 0)
(1.4586739 0.00050370424 0)
(1.4594628 0.00047026879 0)
(1.4601993 0.00043906244 0)
(1.4608868 0.00040993677 0)
(1.4615286 0.00038275316 0)
(1.4621278 0.00035738169 0)
(1.4626872 0.00033370055 0)
(1.4632096 0.00031159534 0)
(1.4636973 0.00029095918 0)
(1.4641526 0.00027169279 0)
(1.4645778 0.0002537043 0)
(1.4649749 0.00023690905 0)
(1.4653456 0.00022122888 0)
(1.4656919 0.00020659111 0)
(1.4660152 0.00019292725 0)
(1.4663171 0.00018017257 0)
(1.466599 0.00016826538 0)
(1.4668623 0.00015714759 0)
(1.4671082 0.00014676432 0)
(1.4673378 0.00013706599 0)
(1.4675523 0.00012800639 0)
(1.4677526 0.00011954526 0)
(1.4679397 0.00011164384 0)
(1.4681144 0.00010426873 0)
(1.4682776 9.7383945e-05 0)
(1.46843 9.0959988e-05 0)
(1.4685724 8.4960508e-05 0)
(1.4687053 7.9361064e-05 0)
(1.4688295 7.4124094e-05 0)
(1.4689454 6.9235782e-05 0)
(1.4690538 6.4656517e-05 0)
(1.4691549 6.0389735e-05 0)
(1.4692496 5.6386307e-05 0)
(1.4693376 5.2675001e-05 0)
(1.4694204 4.9179061e-05 0)
(1.469497 4.5966956e-05 0)
(1.4695695 4.2905359e-05 0)
(1.4696358 4.0136858e-05 0)
(1.4696996 3.7424566e-05 0)
(1.4697567 3.5052002e-05 0)
(1.4698135 3.2600117e-05 0)
(1.4698619 3.0610668e-05 0)
(1.4699133 2.8334605e-05 0)
(1.469953 2.6754708e-05 0)
(1.4700013 2.4564355e-05 0)
(1.4700311 2.3468444e-05 0)
(1.4700795 2.1236385e-05 0)
(1.4700968 2.0640539e-05 0)
(1.4701513 1.819579e-05 0)
(1.0001568 -0.0034383902 0)
(1.0134518 -0.0092557592 0)
(1.036628 -0.012853241 0)
(1.0666034 -0.014335342 0)
(1.0987809 -0.014626052 0)
(1.1300715 -0.014363698 0)
(1.1593037 -0.013741452 0)
(1.1861976 -0.012840161 0)
(1.2106431 -0.011790375 0)
(1.2325916 -0.010728736 0)
(1.2521417 -0.0097376723 0)
(1.2695378 -0.0088459634 0)
(1.2850832 -0.0080555386 0)
(1.2990634 -0.0073596087 0)
(1.3117148 -0.0067486855 0)
(1.3232262 -0.006211786 0)
(1.3337497 -0.005737392 0)
(1.3434089 -0.0053147137 0)
(1.3523048 -0.0049345739 0)
(1.3605198 -0.0045896512 0)
(1.3681215 -0.0042742927 0)
(1.3751666 -0.0039841801 0)
(1.3817032 -0.0037160107 0)
(1.3877733 -0.0034672394 0)
(1.3934137 -0.0032358769 0)
(1.3986577 -0.0030203358 0)
(1.4035351 -0.0028193137 0)
(1.408073 -0.0026317097 0)
(1.4122964 -0.002456566 0)
(1.416228 -0.0022930292 0)
(1.4198888 -0.0021403246 0)
(1.4232982 -0.0019977404 0)
(1.4264741 -0.0018646163 0)
(1.429433 -0.0017403364 0)
(1.4321902 -0.0016243244 0)
(1.4347599 -0.0015160398 0)
(1.4371552 -0.0014149758 0)
(1.4393882 -0.0013206566 0)
(1.4414702 -0.0012326363 0)
(1.4434117 -0.001150497 0)
(1.4452223 -0.0010738476 0)
(1.4469111 -0.0010023217 0)
(1.4484863 -0.00093557721 0)
(1.4499558 -0.00087329439 0)
(1.4513269 -0.00081517482 0)
(1.4526061 -0.00076094009 0)
(1.4537997 -0.00071033043 0)
(1.4549136 -0.00066310347 0)
(1.4559531 -0.00061903262 0)
(1.4569232 -0.00057790602 0)
(1.4578287 -0.00053952548 0)
(1.4586739 -0.00050370566 0)
(1.4594628 -0.00047027376 0)
(1.4601993 -0.00043906896 0)
(1.4608868 -0.00040994206 0)
(1.4615286 -0.00038275468 0)
(1.4621278 -0.00035737826 0)
(1.4626872 -0.00033369276 0)
(1.4632096 -0.00031158571 0)
(1.4636973 -0.00029095118 0)
(1.4641526 -0.0002716894 0)
(1.4645778 -0.00025370675 0)
(1.4649749 -0.00023691625 0)
(1.4653456 -0.00022123745 0)
(1.4656919 -0.00020659682 0)
(1.4660152 -0.0001929267 0)
(1.4663171 -0.00018016477 0)
(1.466599 -0.00016825202 0)
(1.4668623 -0.00015713281 0)
(1.4671082 -0.00014675317 0)
(1.4673378 -0.00013706226 0)
(1.4675523 -0.00012801109 0)
(1.4677526 -0.00011955611 0)
(1.4679397 -0.00011165569 0)
(1.4681144 -0.00010427574 0)
(1.4682776 -9.7381625e-05 0)
(1.46843 -9.0947212e-05 0)
(1.4685724 -8.4939705e-05 0)
(1.4687053 -7.9337998e-05 0)
(1.4688295 -7.4105925e-05 0)
(1.4689454 -6.9228408e-05 0)
(1.4690538 -6.4662338e-05 0)
(1.4691549 -6.0406796e-05 0)
(1.4692496 -5.6407993e-05 0)
(1.4693376 -5.26924e-05 0)
(1.4694204 -4.9184131e-05 0)
(1.469497 -4.5955541e-05 0)
(1.4695695 -4.2878521e-05 0)
(1.4696358 -4.0101835e-05 0)
(1.4696996 -3.7392453e-05 0)
(1.4697568 -3.5034125e-05 0)
(1.4698135 -3.2602526e-05 0)
(1.4698619 -3.0634802e-05 0)
(1.4699133 -2.8375223e-05 0)
(1.469953 -2.679736e-05 0)
(1.4700013 -2.4590189e-05 0)
(1.4700311 -2.3466819e-05 0)
(1.4700795 -2.1226682e-05 0)
(1.4700968 -2.0622422e-05 0)
(1.4701513 -1.8173376e-05 0)
(1.0000321 -0.01172771 0)
(1.0173964 -0.030563015 0)
(1.0455868 -0.040990664 0)
(1.0788323 -0.044657243 0)
(1.1117703 -0.044906518 0)
(1.1419849 -0.043513627 0)
(1.1689322 -0.040998753 0)
(1.1925678 -0.037704083 0)
(1.2129268 -0.034089591 0)
(1.2301852 -0.030558836 0)
(1.2446903 -0.027331283 0)
(1.256878 -0.024473248 0)
(1.2671747 -0.021977085 0)
(1.2759451 -0.019810762 0)
(1.283481 -0.017935176 0)
(1.290012 -0.016308897 0)
(1.2957188 -0.014891433 0)
(1.3007436 -0.013646375 0)
(1.3051988 -0.012543214 0)
(1.3091728 -0.011557534 0)
(1.3127361 -0.01067022 0)
(1.3159451 -0.0098663814 0)
(1.3188459 -0.0091343689 0)
(1.3214765 -0.0084649884 0)
(1.3238688 -0.0078508871 0)
(1.3260498 -0.0072860853 0)
(1.3280427 -0.006765624 0)
(1.3298674 -0.0062853064 0)
(1.3315412 -0.0058415146 0)
(1.3330791 -0.0054310804 0)
(1.3344943 -0.0050511952 0)
(1.3357985 -0.0046993457 0)
(1.3370019 -0.0043732667 0)
(1.3381138 -0.0040709066 0)
(1.339142 -0.0037903997 0)
(1.340094 -0.0035300449 0)
(1.340976 -0.0032882887 0)
(1.341794 -0.0030637097 0)
(1.3425532 -0.0028550063 0)
(1.3432582 -0.0026609853 0)
(1.3439133 -0.0024805521 0)
(1.3445224 -0.0023127014 0)
(1.345089 -0.0021565091 0)
(1.3456163 -0.0020111253 0)
(1.3461071 -0.0018757676 0)
(1.3465643 -0.001749715 0)
(1.3469902 -0.0016323023 0)
(1.347387 -0.0015229151 0)
(1.347757 -0.0014209852 0)
(1.3481019 -0.0013259863 0)
(1.3484235 -0.0012374311 0)
(1.3487234 -0.0011548686 0)
(1.3490033 -0.0010778812 0)
(1.3492643 -0.0010060833 0)
(1.3495079 -0.0009391182 0)
(1.3497353 -0.00087665557 0)
(1.3499474 -0.00081838867 0)
(1.3501454 -0.00076403166 0)
(1.3503303 -0.00071331736 0)
(1.3505029 -0.00066599592 0)
(1.350664 -0.0006218343 0)
(1.3508144 -0.000580616 0)
(1.3509548 -0.0005421411 0)
(1.351086 -0.00050622549 0)
(1.3512084 -0.00047269969 0)
(1.3513228 -0.00044140624 0)
(1.3514296 -0.00041219824 0)
(1.3515293 -0.00038493643 0)
(1.3516224 -0.00035948944 0)
(1.3517094 -0.00033573178 0)
(1.3517907 -0.00031354757 0)
(1.3518665 -0.00029282743 0)
(1.3519374 -0.00027347471 0)
(1.3520036 -0.00025539766 0)
(1.3520654 -0.00023851857 0)
(1.3521231 -0.00022275735 0)
(1.3521771 -0.00020804939 0)
(1.3522274 -0.00019431694 0)
(1.3522745 -0.00018150574 0)
(1.3523185 -0.00016953396 0)
(1.3523594 -0.00015836416 0)
(1.3523979 -0.0001479071 0)
(1.3524336 -0.00013815724 0)
(1.3524672 -0.00012900825 0)
(1.3524982 -0.00012050759 0)
(1.3525276 -0.00011250308 0)
(1.3525546 -0.00010512549 0)
(1.3525805 -9.8118603e-05 0)
(1.3526037 -9.1757788e-05 0)
(1.3526266 -8.5583168e-05 0)
(1.3526465 -8.0140211e-05 0)
(1.352667 -7.4598953e-05 0)
(1.3526837 -7.0017909e-05 0)
(1.3527024 -6.4894675e-05 0)
(1.3527158 -6.1202309e-05 0)
(1.3527336 -5.6264523e-05 0)
(1.3527435 -5.3628712e-05 0)
(1.3527613 -4.861919e-05 0)
(1.352767 -4.7169521e-05 0)
(1.3527868 -4.1737921e-05 0)
(1.0002467 -0.026719374 0)
(1.0283936 -0.062555479 0)
(1.0646999 -0.077616154 0)
(1.0979952 -0.080476474 0)
(1.1240764 -0.078058281 0)
(1.1435812 -0.072916832 0)
(1.1579044 -0.065986856 0)
(1.1678877 -0.058204701 0)
(1.1741544 -0.050495785 0)
(1.1774192 -0.043467199 0)
(1.1784517 -0.037361303 0)
(1.1779313 -0.032190656 0)
(1.1763807 -0.027868332 0)
(1.1741779 -0.024277407 0)
(1.1715897 -0.021298545 0)
(1.1688025 -0.018820819 0)
(1.1659442 -0.016747073 0)
(1.1630997 -0.014996291 0)
(1.1603237 -0.013503445 0)
(1.1576498 -0.012217607 0)
(1.155097 -0.011099373 0)
(1.1526749 -0.010118335 0)
(1.1503869 -0.0092509568 0)
(1.1482324 -0.0084788972 0)
(1.1462083 -0.0077877244 0)
(1.1443101 -0.0071659452 0)
(1.1425324 -0.0066042782 0)
(1.1408692 -0.0060951187 0)
(1.1393144 -0.0056321493 0)
(1.1378619 -0.0052100568 0)
(1.1365056 -0.0048243249 0)
(1.1352396 -0.0044710799 0)
(1.1340583 -0.004146974 0)
(1.1329564 -0.0038490949 0)
(1.1319285 -0.0035748954 0)
(1.13097 -0.0033221371 0)
(1.1300761 -0.0030888441 0)
(1.1292426 -0.0028732662 0)
(1.1284655 -0.0026738477 0)
(1.1277408 -0.0024892004 0)
(1.1270651 -0.0023180823 0)
(1.1264351 -0.0021593781 0)
(1.1258475 -0.0020120838 0)
(1.1252997 -0.0018752924 0)
(1.1247887 -0.0017481829 0)
(1.1243122 -0.0016300097 0)
(1.1238677 -0.001520094 0)
(1.1234532 -0.0014178159 0)
(1.1230665 -0.0013226085 0)
(1.1227057 -0.001233952 0)
(1.1223692 -0.0011513693 0)
(1.1220552 -0.0010744227 0)
(1.1217622 -0.0010027098 0)
(1.1214888 -0.00093586094 0)
(1.1212338 -0.00087353545 0)
(1.1209957 -0.00081541868 0)
(1.1207736 -0.00076121887 0)
(1.1205662 -0.00071066462 0)
(1.1203727 -0.00066350317 0)
(1.1201921 -0.00061949925 0)
(1.1200235 -0.00057843472 0)
(1.1198661 -0.00054010813 0)
(1.1197192 -0.00050433419 0)
(1.1195821 -0.00047094225 0)
(1.119454 -0.00043977458 0)
(1.1193345 -0.00041068379 0)
(1.1192229 -0.00038353151 0)
(1.1191187 -0.00035818629 0)
(1.1190214 -0.00033452459 0)
(1.1189306 -0.00031242949 0)
(1.1188458 -0.0002917941 0)
(1.1187666 -0.00027251886 0)
(1.1186926 -0.00025451597 0)
(1.1186235 -0.00023770202 0)
(1.1185591 -0.00022200467 0)
(1.1184988 -0.00020734906 0)
(1.1184426 -0.00019367233 0)
(1.1183901 -0.00018090111 0)
(1.1183411 -0.00016898154 0)
(1.1182953 -0.00015783973 0)
(1.1182525 -0.00014743797 0)
(1.1182125 -0.00013770124 0)
(1.1181752 -0.00012861888 0)
(1.1181404 -0.00012010652 0)
(1.1181078 -0.0001121917 0)
(1.1180775 -0.00010475752 0)
(1.118049 -9.7886746e-05 0)
(1.1180226 -9.139014e-05 0)
(1.1179977 -8.5445843e-05 0)
(1.1179748 -7.9729771e-05 0)
(1.1179529 -7.4602444e-05 0)
(1.117933 -6.9498475e-05 0)
(1.1179139 -6.5126198e-05 0)
(1.1178966 -6.0466762e-05 0)
(1.11788 -5.6874784e-05 0)
(1.1178645 -5.2482707e-05 0)
(1.117851 -4.9820163e-05 0)
(1.1178359 -4.5433529e-05 0)
(1.1178272 -4.3880127e-05 0)
(1.117809 -3.9300523e-05 0)
(1.0019381 -0.052732953 0)
(1.0365395 -0.10225273 0)
(1.0602516 -0.11315449 0)
(1.0635369 -0.1090466 0)
(1.0522935 -0.099516706 0)
(1.0346516 -0.087114675 0)
(1.0147897 -0.073373125 0)
(0.99415463 -0.059906705 0)
(0.97358849 -0.047880413 0)
(0.95388174 -0.037787613 0)
(0.93564763 -0.029665821 0)
(0.91918058 -0.02332968 0)
(0.90451503 -0.018503102 0)
(0.89154102 -0.014887719 0)
(0.88008798 -0.012203274 0)
(0.86996961 -0.010210176 0)
(0.86100573 -0.0087174159 0)
(0.85303279 -0.007580526 0)
(0.84590822 -0.0066945191 0)
(0.83951094 -0.005985386 0)
(0.83373979 -0.005402109 0)
(0.82851093 -0.00491004 0)
(0.82375499 -0.0044858255 0)
(0.81941449 -0.0041137194 0)
(0.81544149 -0.0037830038 0)
(0.81179573 -0.0034862359 0)
(0.80844305 -0.0032180863 0)
(0.80535423 -0.0029745897 0)
(0.802504 -0.0027526715 0)
(0.79987035 -0.0025498542 0)
(0.79743393 -0.0023640776 0)
(0.79517763 -0.0021935866 0)
(0.79308626 -0.0020368614 0)
(0.79114619 -0.0018925714 0)
(0.7893452 -0.0017595438 0)
(0.78767226 -0.0016367397 0)
(0.7861174 -0.0015232369 0)
(0.78467155 -0.0014182141 0)
(0.78332647 -0.0013209389 0)
(0.78207463 -0.001230756 0)
(0.78090915 -0.001147078 0)
(0.77982372 -0.0010693768 0)
(0.77881255 -0.00099717656 0)
(0.77787031 -0.000930047 0)
(0.7769921 -0.00086759827 0)
(0.7761734 -0.00080947598 0)
(0.77541002 -0.0007553571 0)
(0.77469811 -0.00070494642 0)
(0.7740341 -0.00065797359 0)
(0.77341468 -0.00061419061 0)
(0.77283678 -0.00057336983 0)
(0.77229756 -0.00053530207 0)
(0.77179439 -0.00049979493 0)
(0.7713248 -0.00046667105 0)
(0.77088652 -0.0004357664 0)
(0.77047743 -0.00040692877 0)
(0.77009557 -0.00038001646 0)
(0.76973909 -0.0003548974 0)
(0.76940629 -0.00033144862 0)
(0.76909559 -0.00030955598 0)
(0.76880549 -0.00028911405 0)
(0.76853464 -0.00027002569 0)
(0.76828173 -0.00025220141 0)
(0.76804558 -0.00023555822 0)
(0.76782507 -0.00022001864 0)
(0.76761915 -0.00020550946 0)
(0.76742685 -0.0001919615 0)
(0.76724727 -0.00017930908 0)
(0.76707955 -0.00016749101 0)
(0.76692293 -0.00015645011 0)
(0.76677665 -0.00014613492 0)
(0.76664004 -0.00013649768 0)
(0.76651245 -0.0001274962 0)
(0.7663933 -0.00011908954 0)
(0.76628201 -0.00011124134 0)
(0.76617807 -0.00010391315 0)
(0.76608099 -9.707226e-05 0)
(0.76599031 -9.0681018e-05 0)
(0.76590561 -8.4712234e-05 0)
(0.76582651 -7.9129727e-05 0)
(0.76575261 -7.3915972e-05 0)
(0.76568361 -6.9035641e-05 0)
(0.76561913 -6.4484275e-05 0)
(0.76555895 -6.0221907e-05 0)
(0.76550269 -5.625952e-05 0)
(0.76545021 -5.254168e-05 0)
(0.76540111 -4.9100559e-05 0)
(0.76535535 -4.5851567e-05 0)
(0.76531248 -4.2863025e-05 0)
(0.76527258 -4.0004211e-05 0)
(0.76523515 -3.7406883e-05 0)
(0.76520035 -3.4869714e-05 0)
(0.76516775 -3.262452e-05 0)
(0.76513729 -3.0358807e-05 0)
(0.76510918 -2.8454825e-05 0)
(0.76508201 -2.6431518e-05 0)
(0.76505878 -2.488724e-05 0)
(0.76503271 -2.3064819e-05 0)
(0.76501692 -2.1992485e-05 0)
(0.76498529 -2.049615e-05 0)
(0.92074242 -0.03382768 0)
(0.8635379 -0.056684191 0)
(0.78799127 -0.052753994 0)
(0.69766161 -0.041237062 0)
(0.61471541 -0.030203141 0)
(0.54875553 -0.020988078 0)
(0.49827309 -0.013660659 0)
(0.45949312 -0.0082997545 0)
(0.42978722 -0.0047358831 0)
(0.4072852 -0.0025321835 0)
(0.39034402 -0.0012497965 0)
(0.37751559 -0.00056180371 0)
(0.36764107 -0.0002426152 0)
(0.35985945 -0.000136638 0)
(0.35355677 -0.0001397616 0)
(0.34830594 -0.00018761043 0)
(0.34381544 -0.00024452949 0)
(0.33988918 -0.00029351178 0)
(0.33639623 -0.00032843976 0)
(0.33324896 -0.00034888294 0)
(0.33038779 -0.00035693663 0)
(0.32777097 -0.00035546657 0)
(0.32536798 -0.00034724124 0)
(0.32315538 -0.00033457963 0)
(0.32111429 -0.00031926866 0)
(0.31922887 -0.00030260489 0)
(0.31748536 -0.00028548214 0)
(0.31587163 -0.00026848655 0)
(0.31437679 -0.00025198149 0)
(0.31299103 -0.00023617619 0)
(0.31170546 -0.00022117725 0)
(0.31051204 -0.00020702549 0)
(0.30940346 -0.00019372127 0)
(0.30837305 -0.0001812413 0)
(0.3074148 -0.00016954954 0)
(0.30652319 -0.00015860397 0)
(0.30569321 -0.00014836064 0)
(0.30492028 -0.00013877603 0)
(0.30420021 -0.00012980821 0)
(0.30352916 -0.00012141742 0)
(0.30290362 -0.00011356633 0)
(0.30232035 -0.00010621997 0)
(0.30177636 -9.9345759e-05 0)
(0.30126891 -9.291328e-05 0)
(0.30079546 -8.6894165e-05 0)
(0.30035366 -8.1261893e-05 0)
(0.29994133 -7.5991645e-05 0)
(0.29955648 -7.1060184e-05 0)
(0.29919722 -6.6445772e-05 0)
(0.29886182 -6.2128117e-05 0)
(0.29854868 -5.8088337e-05 0)
(0.2982563 -5.4308863e-05 0)
(0.29798328 -5.077333e-05 0)
(0.29772833 -4.7466391e-05 0)
(0.29749024 -4.4373569e-05 0)
(0.29726789 -4.1481119e-05 0)
(0.29706022 -3.8775991e-05 0)
(0.29686627 -3.6245863e-05 0)
(0.29668512 -3.387922e-05 0)
(0.29651592 -3.1665446e-05 0)
(0.29635788 -2.9594867e-05 0)
(0.29621027 -2.7658629e-05 0)
(0.29607239 -2.5848564e-05 0)
(0.29594361 -2.4156891e-05 0)
(0.29582331 -2.2576107e-05 0)
(0.29571094 -2.1098821e-05 0)
(0.29560597 -1.9717919e-05 0)
(0.29550792 -1.8426604e-05 0)
(0.29541633 -1.7218759e-05 0)
(0.29533077 -1.6088819e-05 0)
(0.29525086 -1.5032153e-05 0)
(0.2951762 -1.4044368e-05 0)
(0.29510647 -1.3121822e-05 0)
(0.29504133 -1.2260345e-05 0)
(0.29498048 -1.1456452e-05 0)
(0.29492364 -1.0705506e-05 0)
(0.29487054 -1.0004284e-05 0)
(0.29482094 -9.347903e-06 0)
(0.2947746 -8.734404e-06 0)
(0.29473132 -8.1589567e-06 0)
(0.29469089 -7.6218674e-06 0)
(0.29465312 -7.1177589e-06 0)
(0.29461784 -6.6496979e-06 0)
(0.2945849 -6.20993e-06 0)
(0.29455411 -5.8047892e-06 0)
(0.29452536 -5.4215588e-06 0)
(0.29449849 -5.0716409e-06 0)
(0.29447341 -4.7348673e-06 0)
(0.29444995 -4.43137e-06 0)
(0.29442807 -4.131132e-06 0)
(0.29440759 -3.867145e-06 0)
(0.29438851 -3.5984736e-06 0)
(0.29437066 -3.3694294e-06 0)
(0.294354 -3.1368833e-06 0)
(0.2943385 -2.9347422e-06 0)
(0.29432382 -2.7696273e-06 0)
(0.29431056 -2.5517595e-06 0)
(0.29429705 -2.5819382e-06 0)
(0.29428656 -2.0629567e-06 0)
(0.29426936 -2.9030698e-06 0)
)
;

boundaryField
{
    top
    {
        type            fixedValue;
        value           uniform (0 0 0);
    }
    bottom
    {
        type            fixedValue;
        value           uniform (0 0 0);
    }
    inlet
    {
        type            fixedValue;
        value           uniform (1 0 0);
    }
    outlet
    {
        type            zeroGradient;
    }
    front
    {
        type            empty;
    }
    back
    {
        type            empty;
    }
}


// ************************************************************************* //
