/*--------------------------------*- C++ -*----------------------------------*\
  =========                 |
  \\      /  F ield         | OpenFOAM: The Open Source CFD Toolbox
   \\    /   O peration     | Website:  https://openfoam.org
    \\  /    A nd           | Version:  13
     \\/     M anipulation  |
\*---------------------------------------------------------------------------*/
FoamFile
{
    format      ascii;
    class       volScalarField;
    location    "19";
    object      p;
}
// * * * * * * * * * * * * * * * * * * * * * * * * * * * * * * * * * * * * * //

dimensions      [0 2 -2 0 0 0 0];

internalField   nonuniform List<scalar> 
1000
(
1.6803194
1.5603211
1.4644465
1.4005789
1.3519822
1.3093855
1.2715546
1.2388439
1.2107359
1.1861473
1.1640603
1.143713
1.1245749
1.1062892
1.0886247
1.0714367
1.0546371
1.0381721
1.0220081
1.006122
0.99049642
0.9751163
0.95996788
0.94503791
0.93031351
0.91578214
0.90143168
0.88725056
0.87322774
0.85935284
0.84561608
0.83200833
0.81852103
0.80514622
0.79187647
0.77870487
0.76562497
0.75263075
0.73971663
0.72687736
0.71410807
0.7014042
0.68876151
0.67617602
0.66364401
0.65116202
0.63872679
0.6263353
0.61398471
0.60167235
0.58939575
0.57715259
0.56494069
0.55275802
0.54060269
0.5284729
0.51636701
0.50428345
0.49222077
0.4801776
0.46815269
0.45614482
0.4441529
0.43217588
0.42021278
0.4082627
0.39632479
0.38439825
0.37248233
0.36057633
0.34867963
0.3367916
0.32491167
0.3130393
0.30117401
0.28931534
0.27746286
0.26561614
0.25377481
0.24193851
0.23010693
0.21827975
0.20645669
0.19463746
0.1828218
0.17100951
0.15920035
0.14739413
0.13559063
0.12378968
0.11199111
0.10019478
0.088400534
0.076608235
0.06481775
0.053028953
0.04124178
0.029456016
0.017671909
0.0058888682
1.5585792
1.5038362
1.4426761
1.390847
1.3478247
1.309528
1.274526
1.2430398
1.2151078
1.1902085
1.167609
1.1466816
1.1269784
1.1081945
1.0901206
1.0726119
1.0555684
1.038921
1.0226214
1.0066342
0.99093237
0.97549376
0.96029946
0.94533261
0.93057784
0.91602088
0.90164846
0.88744819
0.87340848
0.85951855
0.84576832
0.83214842
0.81865013
0.80526536
0.79198654
0.77880666
0.76571919
0.75271805
0.73979756
0.72695245
0.71417778
0.70146897
0.6888217
0.67623199
0.66369608
0.65121047
0.6387719
0.62637731
0.61402383
0.6017088
0.58942972
0.57718426
0.56497021
0.55278555
0.54062836
0.52849685
0.51638935
0.50430429
0.49224021
0.48019575
0.46816962
0.45616063
0.44416765
0.43218964
0.42022563
0.4082747
0.39633599
0.38440871
0.37249209
0.36058545
0.34868814
0.33679955
0.32491909
0.31304623
0.30118048
0.28932138
0.27746851
0.26562142
0.25377973
0.2419431
0.23011122
0.21828377
0.20646044
0.19464095
0.18282506
0.17101255
0.15920321
0.1473968
0.13559311
0.12379199
0.11199327
0.10019681
0.088402432
0.076610004
0.064819396
0.053030466
0.041243198
0.029457224
0.017672982
0.0058894561
1.4970637
1.470707
1.4325515
1.3918512
1.3533091
1.3173114
1.2834949
1.2520437
1.2232435
1.1970456
1.1731023
1.1509794
1.1302906
1.1107303
1.0920642
1.0741144
1.0567474
1.0398644
1.0233928
1.0072787
0.99148148
0.97596954
0.96071737
0.94570362
0.93090987
0.91631984
0.90191887
0.88769362
0.87363186
0.85972232
0.84595457
0.83231896
0.81880654
0.80540901
0.79211867
0.77892834
0.76583139
0.75282162
0.73989327
0.72704097
0.71425974
0.7015449
0.68889211
0.67629731
0.66375673
0.65126681
0.63882426
0.62642599
0.61406912
0.60175094
0.58946895
0.57722078
0.56500424
0.55281725
0.5406579
0.52852438
0.51641501
0.50432822
0.49226253
0.48021656
0.46818903
0.45617874
0.44418455
0.43220541
0.42024034
0.40828843
0.39634881
0.38442067
0.37250326
0.36059587
0.34869787
0.33680864
0.32492758
0.31305415
0.30118787
0.28932828
0.27747496
0.26562745
0.25378535
0.24194834
0.23011611
0.21828835
0.20646473
0.19464495
0.18282878
0.17101603
0.15920646
0.14739985
0.13559595
0.12379464
0.11199573
0.10019913
0.088404596
0.076612031
0.064821263
0.053032218
0.041244793
0.029458732
0.017674164
0.0058904125
1.4680478
1.452202
1.4255489
1.3921888
1.3569489
1.3224388
1.2894499
1.2582745
1.2291836
1.2023138
1.1775653
1.154668
1.1333008
1.1131697
1.094035
1.0757088
1.0580451
1.0409312
1.0242805
1.0080272
0.99212068
0.97652194
0.96119985
0.94612892
0.93128768
0.91665762
0.90222245
0.88796766
0.87388014
0.85994796
0.84616017
0.83250674
0.81897839
0.80556658
0.79226337
0.77906144
0.76595398
0.75293468
0.73999765
0.72713745
0.71434899
0.70162754
0.68896869
0.67636833
0.66382262
0.65132799
0.6388811
0.62647882
0.61411824
0.60179664
0.58951148
0.57726037
0.5650411
0.55285158
0.54068988
0.52855418
0.51644279
0.50435412
0.49228667
0.48023908
0.46821003
0.45619832
0.44420282
0.43222247
0.42025626
0.40830327
0.39636265
0.38443359
0.37251533
0.36060715
0.34870838
0.33681843
0.32493673
0.31306272
0.30119589
0.28933575
0.27748189
0.26563392
0.25379143
0.24195405
0.23012143
0.21829327
0.20646931
0.19464926
0.18283284
0.17101982
0.15920996
0.1474031
0.135599
0.12379752
0.11199842
0.10020163
0.088406894
0.076614211
0.064823273
0.053034167
0.041246506
0.029460497
0.01767555
0.0058919689
1.4555001
1.443258
1.4211848
1.391381
1.3580179
1.3243873
1.2919308
1.2610705
1.2320218
1.2049594
1.1799014
1.1566743
1.1350002
1.114597
1.0952272
1.076703
1.0588769
1.0416323
1.0248771
1.00854
0.99256615
0.97691256
0.96154529
0.94643665
0.93156352
0.91690612
0.90244727
0.88817174
0.87406592
0.86011747
0.84631516
0.8326487
0.81910862
0.80568622
0.79237343
0.7791628
0.76604743
0.75302092
0.74007733
0.72721112
0.71441717
0.70169068
0.68902721
0.6764226
0.66387298
0.65137475
0.63892453
0.62651918
0.61415576
0.60183154
0.58954395
0.57729059
0.56506923
0.55287778
0.54071429
0.52857692
0.51646398
0.50437387
0.49230509
0.48025625
0.46822604
0.45621325
0.44421675
0.43223547
0.42026839
0.40831458
0.39637318
0.38444343
0.37252455
0.36061576
0.34871639
0.33682586
0.32494368
0.31306927
0.30120203
0.28934144
0.27748713
0.26563881
0.25379608
0.24195845
0.23012549
0.21829697
0.20647274
0.19465254
0.18283599
0.17102274
0.15921259
0.14740552
0.13560131
0.12379976
0.1120005
0.10020352
0.088408608
0.076615861
0.064824811
0.053035679
0.041247815
0.029461884
0.017676701
0.0058933716
1.4555001
1.443258
1.4211848
1.391381
1.3580179
1.3243873
1.2919308
1.2610705
1.2320218
1.2049594
1.1799014
1.1566743
1.1350002
1.114597
1.0952272
1.076703
1.0588769
1.0416323
1.0248771
1.00854
0.99256615
0.97691256
0.96154529
0.94643665
0.93156352
0.91690612
0.90244727
0.88817174
0.87406592
0.86011747
0.84631516
0.8326487
0.81910862
0.80568622
0.79237343
0.7791628
0.76604743
0.75302092
0.74007733
0.72721112
0.71441717
0.70169068
0.68902721
0.6764226
0.66387298
0.65137475
0.63892453
0.62651918
0.61415576
0.60183154
0.58954395
0.57729059
0.56506923
0.55287778
0.54071429
0.52857692
0.51646398
0.50437387
0.49230509
0.48025625
0.46822604
0.45621325
0.44421675
0.43223547
0.42026839
0.40831457
0.39637318
0.38444344
0.37252456
0.36061577
0.34871637
0.33682584
0.32494368
0.3130693
0.30120205
0.28934142
0.27748709
0.2656388
0.25379612
0.24195849
0.23012548
0.21829693
0.20647271
0.19465257
0.18283603
0.17102275
0.15921256
0.14740549
0.13560132
0.12379979
0.11200052
0.10020351
0.088408583
0.076615855
0.064824824
0.053035691
0.041247815
0.029461877
0.017676697
0.0058933712
1.4680478
1.452202
1.4255489
1.3921888
1.3569489
1.3224388
1.2894499
1.2582745
1.2291836
1.2023138
1.1775653
1.154668
1.1333008
1.1131697
1.094035
1.0757088
1.0580451
1.0409312
1.0242805
1.0080272
0.99212068
0.97652194
0.96119985
0.94612892
0.93128768
0.91665762
0.90222245
0.88796766
0.87388014
0.85994796
0.84616017
0.83250674
0.81897839
0.80556658
0.79226337
0.77906144
0.76595398
0.75293468
0.73999765
0.72713745
0.71434899
0.70162754
0.68896869
0.67636833
0.66382262
0.65132799
0.6388811
0.62647882
0.61411824
0.60179664
0.58951148
0.57726037
0.5650411
0.55285158
0.54068988
0.52855418
0.51644279
0.50435412
0.49228668
0.48023908
0.46821003
0.45619832
0.44420283
0.43222247
0.42025625
0.40830326
0.39636264
0.38443361
0.37251536
0.36060715
0.34870835
0.3368184
0.32493674
0.31306278
0.30119592
0.28933571
0.27748182
0.26563391
0.2537915
0.24195412
0.2301214
0.21829319
0.20646926
0.19464931
0.18283292
0.17101983
0.15920989
0.14740304
0.13559902
0.12379759
0.11199846
0.1002016
0.088406847
0.076614201
0.064823299
0.053034191
0.041246506
0.029460483
0.017675542
0.0058919679
1.4970637
1.470707
1.4325515
1.3918512
1.3533091
1.3173114
1.2834949
1.2520437
1.2232435
1.1970456
1.1731023
1.1509794
1.1302906
1.1107303
1.0920642
1.0741144
1.0567474
1.0398644
1.0233928
1.0072787
0.99148148
0.97596954
0.96071737
0.94570362
0.93090987
0.91631984
0.90191887
0.88769362
0.87363186
0.85972232
0.84595457
0.83231896
0.81880654
0.80540901
0.79211867
0.77892834
0.76583139
0.75282162
0.73989327
0.72704097
0.71425974
0.7015449
0.68889211
0.67629731
0.66375673
0.65126681
0.63882426
0.62642599
0.61406912
0.60175094
0.58946895
0.57722078
0.56500424
0.55281725
0.5406579
0.52852438
0.51641501
0.50432822
0.49226253
0.48021656
0.46818903
0.45617874
0.44418455
0.43220541
0.42024034
0.40828842
0.39634881
0.38442068
0.37250327
0.36059586
0.34869785
0.33680862
0.3249276
0.31305418
0.30118788
0.28932825
0.27747492
0.26562746
0.2537854
0.24194837
0.23011608
0.2182883
0.20646472
0.19464499
0.18282882
0.17101602
0.15920641
0.14739982
0.13559597
0.12379468
0.11199574
0.1001991
0.08840457
0.076612029
0.06482128
0.053032231
0.041244792
0.029458724
0.017674159
0.0058904117
1.5585792
1.5038362
1.4426761
1.390847
1.3478247
1.309528
1.274526
1.2430398
1.2151078
1.1902085
1.167609
1.1466816
1.1269784
1.1081945
1.0901206
1.0726119
1.0555684
1.038921
1.0226214
1.0066342
0.99093237
0.97549376
0.96029946
0.94533261
0.93057784
0.91602088
0.90164846
0.88744819
0.87340848
0.85951855
0.84576832
0.83214842
0.81865014
0.80526536
0.79198654
0.77880666
0.76571919
0.75271805
0.73979756
0.72695245
0.71417778
0.70146897
0.6888217
0.67623199
0.66369608
0.65121047
0.6387719
0.62637731
0.61402383
0.6017088
0.58942972
0.57718426
0.56497021
0.55278555
0.54062836
0.52849685
0.51638935
0.50430429
0.49224021
0.48019575
0.46816962
0.45616063
0.44416765
0.43218964
0.42022563
0.4082747
0.396336
0.38440871
0.37249208
0.36058544
0.34868814
0.33679956
0.3249191
0.31304623
0.30118047
0.28932137
0.27746851
0.26562143
0.25377974
0.24194309
0.2301112
0.21828376
0.20646045
0.19464097
0.18282506
0.17101254
0.1592032
0.1473968
0.13559312
0.123792
0.11199327
0.10019681
0.088402432
0.076610007
0.064819399
0.053030466
0.041243197
0.029457223
0.017672982
0.0058894561
1.6803194
1.5603211
1.4644465
1.4005789
1.3519822
1.3093855
1.2715546
1.2388439
1.2107359
1.1861473
1.1640603
1.143713
1.1245749
1.1062892
1.0886247
1.0714367
1.0546371
1.0381721
1.0220081
1.006122
0.99049642
0.9751163
0.95996788
0.94503791
0.93031351
0.91578214
0.90143168
0.88725056
0.87322774
0.85935284
0.84561608
0.83200833
0.81852103
0.80514622
0.79187647
0.77870487
0.76562497
0.75263075
0.73971663
0.72687736
0.71410807
0.7014042
0.68876151
0.67617602
0.66364401
0.65116202
0.63872679
0.6263353
0.61398471
0.60167235
0.58939575
0.57715259
0.56494069
0.55275802
0.54060269
0.5284729
0.51636701
0.50428345
0.49222077
0.4801776
0.46815269
0.45614482
0.4441529
0.43217587
0.42021278
0.4082627
0.39632479
0.38439824
0.37248232
0.36057633
0.34867963
0.3367916
0.32491167
0.3130393
0.30117401
0.28931535
0.27746287
0.26561614
0.2537748
0.2419385
0.23010693
0.21827976
0.20645669
0.19463745
0.18282179
0.17100951
0.15920036
0.14739413
0.13559062
0.12378967
0.11199111
0.10019479
0.08840054
0.076608236
0.064817747
0.05302895
0.04124178
0.029456018
0.01767191
0.0058888688
)
;

boundaryField
{
    top
    {
        type            zeroGradient;
    }
    bottom
    {
        type            zeroGradient;
    }
    inlet
    {
        type            zeroGradient;
    }
    outlet
    {
        type            fixedValue;
        value           uniform 0;
    }
    front
    {
        type            empty;
    }
    back
    {
        type            empty;
    }
}


// ************************************************************************* //
