/*--------------------------------*- C++ -*----------------------------------*\
  =========                 |
  \\      /  F ield         | OpenFOAM: The Open Source CFD Toolbox
   \\    /   O peration     | Website:  https://openfoam.org
    \\  /    A nd           | Version:  13
     \\/     M anipulation  |
\*---------------------------------------------------------------------------*/
FoamFile
{
    format      ascii;
    class       surfaceScalarField;
    location    "19";
    object      phi;
}
// * * * * * * * * * * * * * * * * * * * * * * * * * * * * * * * * * * * * * //

dimensions      [0 3 -1 0 0 0 0];

internalField   nonuniform List<scalar> 
1890
(
0.0093140727
0.00068592734
0.0082963401
0.0010177326
0.0073480838
0.00094825625
0.0065167791
0.00083130473
0.0058112103
0.00070556886
0.0052369127
0.00057429754
0.0047862484
0.00045066426
0.004441012
0.00034523641
0.0041802971
0.0002607149
0.0039843511
0.00019594607
0.0038366531
0.00014769799
0.003724003
0.00011265009
0.0036363473
8.7655673e-05
0.0035663586
6.9988766e-05
0.0035088729
5.748561e-05
0.0034603388
4.8534122e-05
0.0034183544
4.1984433e-05
0.0033813121
3.7042264e-05
0.0033481383
3.3173823e-05
0.003318109
3.002929e-05
0.0032907248
2.7384168e-05
0.0032656285
2.5096349e-05
0.0032425523
2.3076191e-05
0.0032212857
2.1266629e-05
0.0032016553
1.9630402e-05
0.0031835132
1.8142096e-05
0.0031667299
1.6783304e-05
0.0031511901
1.5539787e-05
0.0031367902
1.439986e-05
0.0031234367
1.3353503e-05
0.0031110448
1.2391898e-05
0.0030995377
1.1507168e-05
0.0030888454
1.069224e-05
0.0030789047
9.9407484e-06
0.0030696577
9.2469711e-06
0.0030610519
8.6057683e-06
0.0030530394
8.0125284e-06
0.0030455763
7.4631149e-06
0.0030386225
6.9538166e-06
0.0030321412
6.4812997e-06
0.0030260986
6.0425658e-06
0.0030204637
5.6349121e-06
0.0030152078
5.255897e-06
0.0030103045
4.9033091e-06
0.0030057293
4.5751407e-06
0.0030014598
4.2695641e-06
0.0029974749
3.9849113e-06
0.0029937552
3.7196574e-06
0.0029902828
3.4724043e-06
0.0029870409
3.2418683e-06
0.0029840141
3.0268677e-06
0.0029811878
2.8263134e-06
0.0029785486
2.6392004e-06
0.002976084
2.4645999e-06
0.0029737823
2.3016519e-06
0.0029716328
2.1495591e-06
0.0029696252
2.0075833e-06
0.0029677501
1.8750397e-06
0.0029659988
1.7512921e-06
0.0029643631
1.6357466e-06
0.0029628352
1.5278502e-06
0.0029614082
1.4270917e-06
0.0029600752
1.3330001e-06
0.00295883
1.2451324e-06
0.002957667
1.1630675e-06
0.0029565805
1.0864106e-06
0.0029555657
1.014808e-06
0.0029546178
9.4793827e-07
0.0029537323
8.8549656e-07
0.0029529051
8.2717113e-07
0.0029521324
7.7266997e-07
0.0029514107
7.2173891e-07
0.0029507366
6.7418336e-07
0.0029501068
6.2979432e-07
0.0029495184
5.8834808e-07
0.0029489688
5.4958795e-07
0.0029484554
5.1334724e-07
0.002947976
4.7948388e-07
0.0029475281
4.4792791e-07
0.0029471096
4.1846648e-07
0.0029467186
3.9094828e-07
0.0029463535
3.6512868e-07
0.0029460124
3.4104744e-07
0.0029456939
3.185263e-07
0.0029453963
2.9765591e-07
0.0029451183
2.7802478e-07
0.0029448584
2.5980125e-07
0.0029446159
2.4250245e-07
0.0029443893
2.2665951e-07
0.0029441778
2.1154109e-07
0.0029439799
1.9791527e-07
0.0029437953
1.8457529e-07
0.0029436224
1.7278444e-07
0.0029434615
1.6095625e-07
0.0029433107
1.5085714e-07
0.00294317
1.4067961e-07
0.002943038
1.3200122e-07
0.0029429133
1.2465143e-07
0.0029427969
1.1644903e-07
1.1717083e-07
0.010341662
0.00034426525
0.010578184
0.00078121018
0.010615671
0.00091076959
0.010553945
0.0008930309
0.010425822
0.00083369229
0.010248587
0.00075153209
0.010044962
0.0006542893
0.0098354604
0.00055473799
0.0096327827
0.00046339255
0.0094437308
0.000384998
0.0092713466
0.00032008221
0.009116574
0.00026742267
0.0089789731
0.0002252566
0.0088572402
0.0001917216
0.0087496634
0.00016506247
0.0086544455
0.00014375196
0.00856989
0.00012654001
0.0084944845
0.00011244777
0.0084269262
0.00010073204
0.0083661157
9.0839873e-05
0.0083111354
8.2364457e-05
0.0082612243
7.5007437e-05
0.0082157512
6.8549275e-05
0.0081741908
6.2827025e-05
0.0081361031
5.7718125e-05
0.0081011164
5.312876e-05
0.0080689141
4.898562e-05
0.0080392237
4.5230168e-05
0.0080118089
4.1814686e-05
0.0079864628
3.8699561e-05
0.0079630033
3.58514e-05
0.0079412688
3.3241713e-05
0.0079211151
3.0845946e-05
0.0079024131
2.8642775e-05
0.0078850465
2.6613565e-05
0.0078689103
2.4741945e-05
0.0078539093
2.3013469e-05
0.0078399571
2.141534e-05
0.0078269748
1.9936179e-05
0.0078148902
1.8565832e-05
0.0078036376
1.7295212e-05
0.0077931563
1.6116155e-05
0.0077833909
1.5021309e-05
0.0077742902
1.4004029e-05
0.007765807
1.3058297e-05
0.007757898
1.2178642e-05
0.0077505228
1.1360086e-05
0.0077436444
1.0598082e-05
0.0077372283
9.8884715e-06
0.0077312427
9.2274423e-06
0.0077256581
8.6114938e-06
0.007720447
8.0374052e-06
0.007715584
7.5022103e-06
0.0077110454
7.0031737e-06
0.0077068093
6.537769e-06
0.0077028552
6.103658e-06
0.0076991641
5.6986759e-06
0.0076957183
5.3208194e-06
0.0076925014
4.9682339e-06
0.0076894979
4.6391949e-06
0.0076866937
4.3320963e-06
0.0076840754
4.0454468e-06
0.0076816305
3.7778724e-06
0.0076793475
3.5280948e-06
0.0076772157
3.2949113e-06
0.0076752249
3.0771892e-06
0.0076733658
2.8738946e-06
0.0076716297
2.6840846e-06
0.0076700083
2.5068775e-06
0.007668494
2.3414003e-06
0.0076670798
2.1868392e-06
0.0076657592
2.0424692e-06
0.0076645257
1.9076885e-06
0.0076633736
1.7818695e-06
0.0076622975
1.6643809e-06
0.0076612925
1.5545555e-06
0.0076603539
1.4519472e-06
0.0076594774
1.3561287e-06
0.0076586585
1.2667955e-06
0.0076578936
1.1833272e-06
0.0076571791
1.105345e-06
0.007656512
1.0322864e-06
0.0076558889
9.6422646e-07
0.0076553069
9.0059572e-07
0.007654763
8.4149658e-07
0.0076542551
7.858564e-07
0.0076537806
7.3423397e-07
0.0076533378
6.8538477e-07
0.0076529238
6.4070265e-07
0.0076525374
5.9792261e-07
0.0076521759
5.5940373e-07
0.0076518391
5.2137635e-07
0.0076515234
4.8847297e-07
0.00765123
4.5431924e-07
0.0076509538
4.2710849e-07
0.0076506989
3.9553782e-07
0.0076504565
3.7445978e-07
0.0076502372
3.4392615e-07
0.007650022
3.3166921e-07
3.0213814e-07
0.010181464
0.00016280099
0.010521798
0.00044087647
0.010842482
0.00059008571
0.011112769
0.00062274377
0.01133602
0.00061044159
0.011508579
0.00057897246
0.011630744
0.0005321246
0.011709907
0.00047557512
0.011755697
0.00041760214
0.011776644
0.00036405133
0.011779503
0.0003172236
0.011769652
0.0002772735
0.01175133
0.00024357852
0.011727726
0.00021532526
0.011701127
0.00019166163
0.011673116
0.00017176285
0.011644765
0.00015489117
0.011616781
0.00014043211
0.011589614
0.00012789905
0.011563536
0.00011691718
0.0115387
0.00010720077
0.011515175
9.8531963e-05
0.011492981
9.0743681e-05
0.011472102
8.3706556e-05
0.011452501
7.731903e-05
0.011434129
7.149998e-05
0.011416932
6.6183318e-05
0.011400848
6.131413e-05
0.011385816
5.6845966e-05
0.011371777
5.2738935e-05
0.01135867
4.8958372e-05
0.011346438
4.5473859e-05
0.011335025
4.2258519e-05
0.01132438
3.928846e-05
0.011314451
3.6542354e-05
0.011305192
3.4001095e-05
0.011296558
3.1647509e-05
0.011288507
2.9466127e-05
0.011281
2.7442975e-05
0.011274001
2.5565409e-05
0.011267474
2.3821957e-05
0.011261388
2.2202196e-05
0.011255712
2.0696634e-05
0.01125042
1.9296609e-05
0.011245484
1.7994208e-05
0.01124088
1.6782186e-05
0.011236587
1.5653901e-05
0.011232581
1.4603255e-05
0.011228845
1.3624638e-05
0.01122536
1.2712886e-05
0.011222108
1.1863241e-05
0.011219074
1.1071309e-05
0.011216243
1.0333032e-05
0.011213602
9.6446577e-06
0.011211137
9.002715e-06
0.011208837
8.4039898e-06
0.01120669
7.8455008e-06
0.011204686
7.3244791e-06
0.011202816
6.8383568e-06
0.01120107
6.3847562e-06
0.011199441
5.9614738e-06
0.01119792
5.56645e-06
0.0111965
5.1977571e-06
0.011195175
4.8536031e-06
0.011193937
4.5323498e-06
0.011192782
4.2324847e-06
0.011191703
3.9525779e-06
0.011190696
3.6912462e-06
0.011189756
3.4472092e-06
0.011188878
3.2193239e-06
0.011188058
3.0065974e-06
0.011187292
2.808037e-06
0.011186578
2.6226502e-06
0.01118591
2.4494294e-06
0.011185287
2.2876097e-06
0.011184704
2.136506e-06
0.011184161
1.9955697e-06
0.011183654
1.863961e-06
0.011183179
1.7410184e-06
0.011182736
1.625964e-06
0.011182323
1.5186386e-06
0.011181937
1.4183902e-06
0.011181576
1.3251038e-06
0.01118124
1.2375856e-06
0.011180925
1.1561033e-06
0.011180631
1.0793743e-06
0.011180356
1.0086439e-06
0.011180101
9.4163492e-07
0.011179861
8.8049699e-07
0.011179637
8.2121611e-07
0.011179428
7.6854168e-07
0.011179234
7.1566607e-07
0.011179051
6.7156252e-07
0.011178882
6.2336155e-07
0.011178721
5.8777993e-07
0.011178575
5.4155147e-07
0.011178434
5.1573605e-07
0.011178309
4.6849527e-07
0.011178186
4.5460955e-07
4.0598512e-07
0.010094914
6.7887459e-05
0.010340233
0.00019555688
0.01065185
0.00027846872
0.010969203
0.00030539076
0.011273712
0.00030593223
0.01155641
0.00029627538
0.011809194
0.00027934034
0.012028326
0.00025644286
0.012214936
0.00023099242
0.012372692
0.00020629519
0.012505836
0.00018407978
0.012618428
0.00016468134
0.012714101
0.00014790567
0.012795956
0.00013346964
0.012866554
0.00012106423
0.01292795
0.00011036698
0.012981772
0.00010106928
0.0130293
9.2903862e-05
0.013071543
8.5655965e-05
0.0131093
7.915984e-05
0.013143212
7.328923e-05
0.013173796
6.7947852e-05
0.013201478
6.3061779e-05
0.013226611
5.8573655e-05
0.013249491
5.4438274e-05
0.013270372
5.0619238e-05
0.013289469
4.7086496e-05
0.013306969
4.3814607e-05
0.013323033
4.0781545e-05
0.013337804
3.7967897e-05
0.013351406
3.535632e-05
0.013363949
3.2931162e-05
0.013375529
3.0678203e-05
0.013386233
2.8584457e-05
0.013396137
2.6638031e-05
0.01340531
2.4828002e-05
0.013413814
2.314433e-05
0.013421702
2.1577771e-05
0.013429025
2.0119808e-05
0.013435828
1.8762589e-05
0.013442151
1.7498869e-05
0.013448031
1.6321959e-05
0.013453502
1.5225679e-05
0.013458595
1.4204314e-05
0.013463336
1.3252581e-05
0.013467753
1.2365589e-05
0.013471868
1.1538811e-05
0.013475703
1.0768049e-05
0.013479278
1.0049414e-05
0.013482612
9.379296e-06
0.013485721
8.7543504e-06
0.013488621
8.1714702e-06
0.013491326
7.6277684e-06
0.01349385
7.1205621e-06
0.013496205
6.647362e-06
0.013498403
6.2058577e-06
0.013500455
5.7938953e-06
0.01350237
5.4094603e-06
0.013504158
5.0506822e-06
0.013505827
4.7158418e-06
0.013507385
4.4033476e-06
0.01350884
4.1116847e-06
0.013510198
3.8394077e-06
0.013511466
3.5851938e-06
0.013512651
3.3478902e-06
0.013513757
3.1264321e-06
0.01351479
2.9197322e-06
0.013515754
2.7266723e-06
0.013516655
2.5462922e-06
0.013517497
2.3778732e-06
0.013518282
2.2207988e-06
0.013519016
2.0742593e-06
0.013519702
1.9373114e-06
0.013520342
1.8091599e-06
0.01352094
1.6894559e-06
0.013521498
1.5779233e-06
0.01352202
1.4740692e-06
0.013522507
1.3769283e-06
0.013522962
1.285884e-06
0.013523387
1.2006128e-06
0.013523785
1.1213888e-06
0.013524156
1.0476451e-06
0.013524502
9.7894581e-07
0.013524825
9.140791e-07
0.013525128
8.5360203e-07
0.01352541
7.9682243e-07
0.013525674
7.4492869e-07
0.01352592
6.9556403e-07
0.01352615
6.5047665e-07
0.013526365
6.0622127e-07
0.013526566
5.6750426e-07
0.013526753
5.2819946e-07
0.013526929
4.9633246e-07
0.013527092
4.6004796e-07
0.013527245
4.3452159e-07
0.013527388
3.9919826e-07
0.013527522
3.8132044e-07
0.013527646
3.4473441e-07
0.013527765
3.3506259e-07
2.9848762e-07
0.010067887
-6.4118959e-15
0.010263444
-3.1537721e-14
0.010541913
-4.6713862e-14
0.010847304
-4.4721336e-14
0.011153236
-1.9056874e-14
0.011449511
1.3470526e-14
0.011728852
4.1245676e-14
0.011985295
4.0753302e-14
0.012216287
1.6111624e-14
0.012422582
-2.5305398e-14
0.012606662
-6.0887409e-14
0.012771343
-8.4622872e-14
0.012919249
-9.0112186e-14
0.013052719
-9.898459e-14
0.013173783
-9.4441966e-14
0.01328415
-9.458708e-14
0.013385219
-8.6766978e-14
0.013478123
-8.1360523e-14
0.013563779
-9.7572323e-14
0.013642939
-1.4156508e-13
0.013716228
-1.7380243e-13
0.013784176
-1.6352349e-13
0.013847238
-9.5094027e-14
0.013905811
4.7230905e-15
0.01396025
5.6508708e-14
0.014010869
4.0210825e-14
0.014057955
-1.9288614e-14
0.01410177
-6.2079248e-14
0.014142552
-8.1340265e-15
0.014180519
8.3075673e-14
0.014215876
1.3944668e-13
0.014248807
8.9630978e-14
0.014279485
-4.1193318e-14
0.01430807
-8.2629958e-14
0.014334708
-2.5108466e-14
0.014359536
2.5692677e-14
0.01438268
-4.2400844e-14
0.014404258
-2.5768849e-13
0.014424378
-4.9083586e-13
0.01444314
-4.9029681e-13
0.014460639
-2.3701292e-13
0.014476961
-5.9475538e-14
0.014492187
-7.9518719e-14
0.014506391
-3.7210034e-13
0.014519643
-6.4894095e-13
0.014532009
-5.9756466e-13
0.014543548
-1.8192076e-13
0.014554316
1.0260753e-13
0.014564365
7.2102674e-14
0.014573745
-1.7198338e-14
0.014582499
1.1183666e-13
0.01459067
3.3962183e-13
0.014598298
3.9841006e-14
0.014605419
-4.58442e-13
0.014612066
4.4266589e-14
0.014618272
1.7410994e-12
0.014624066
1.4743386e-12
0.014629475
-1.8348614e-12
0.014634526
-4.644377e-12
0.014639242
-7.4904377e-13
0.014643645
7.2637179e-12
0.014647757
7.678479e-12
0.014651596
-4.7545865e-12
0.014655182
-1.6996748e-11
0.01465853
-6.9500238e-12
0.014661656
2.1128623e-11
0.014664576
2.8991686e-11
0.014667302
8.0494732e-13
0.014669848
-3.9764031e-11
0.014672227
-3.2433795e-11
0.014674448
3.1194886e-11
0.014676521
6.4882582e-11
0.014678458
2.9887575e-11
0.014680268
-6.2665739e-11
0.014681958
-7.8467551e-11
0.014683536
7.2537182e-13
0.014685009
9.6207688e-11
0.014686386
8.8803507e-11
0.014687672
-5.2374453e-11
0.014688873
-1.1646075e-10
0.014689995
-6.3680096e-11
0.014691042
8.4599965e-11
0.01469202
1.169402e-10
0.014692934
1.4043693e-11
0.014693789
-1.1488477e-10
0.014694586
-1.2749072e-10
0.014695331
2.4844165e-11
0.014696025
1.0327455e-10
0.014696676
7.8127622e-11
0.014697282
-4.3818303e-11
0.01469785
-9.6764214e-11
0.014698379
-2.9443027e-11
0.014698874
5.7566085e-11
0.014699334
8.9713915e-11
0.014699769
2.0374808e-11
0.014700168
-2.5630781e-11
0.01470055
-4.1956998e-11
0.014700894
-2.7194093e-12
0.014701229
3.0916481e-11
1.9525752e-11
0.010067887
-6.7887459e-05
0.010263444
-0.00019555688
0.010541913
-0.00027846872
0.010847304
-0.00030539076
0.011153236
-0.00030593223
0.011449511
-0.00029627538
0.011728852
-0.00027934034
0.011985295
-0.00025644286
0.012216287
-0.00023099242
0.012422582
-0.00020629519
0.012606662
-0.00018407978
0.012771343
-0.00016468134
0.012919249
-0.00014790567
0.013052719
-0.00013346964
0.013173783
-0.00012106423
0.01328415
-0.00011036698
0.013385219
-0.00010106928
0.013478123
-9.2903862e-05
0.013563779
-8.5655966e-05
0.013642939
-7.915984e-05
0.013716228
-7.3289231e-05
0.013784176
-6.7947852e-05
0.013847238
-6.3061779e-05
0.013905811
-5.8573655e-05
0.01396025
-5.4438274e-05
0.014010869
-5.0619238e-05
0.014057955
-4.7086496e-05
0.01410177
-4.3814607e-05
0.014142552
-4.0781545e-05
0.014180519
-3.7967897e-05
0.014215876
-3.535632e-05
0.014248807
-3.2931162e-05
0.014279485
-3.0678203e-05
0.01430807
-2.8584457e-05
0.014334708
-2.6638031e-05
0.014359536
-2.4828002e-05
0.01438268
-2.314433e-05
0.014404258
-2.1577771e-05
0.014424378
-2.0119808e-05
0.01444314
-1.876259e-05
0.014460639
-1.749887e-05
0.014476961
-1.632196e-05
0.014492187
-1.5225679e-05
0.014506391
-1.4204314e-05
0.014519643
-1.3252582e-05
0.014532009
-1.236559e-05
0.014543548
-1.1538811e-05
0.014554316
-1.0768049e-05
0.014564365
-1.0049413e-05
0.014573745
-9.3792958e-06
0.014582499
-8.75435e-06
0.01459067
-8.1714697e-06
0.014598298
-7.627768e-06
0.014605419
-7.1205618e-06
0.014612066
-6.6473612e-06
0.014618272
-6.2058563e-06
0.014624066
-5.7938948e-06
0.014629475
-5.4094622e-06
0.014634526
-5.0506854e-06
0.014639242
-4.7158412e-06
0.014643645
-4.4033413e-06
0.014647757
-4.1116796e-06
0.014651596
-3.8394136e-06
0.014655182
-3.5852081e-06
0.01465853
-3.3478924e-06
0.014661656
-3.1264109e-06
0.014664575
-2.9197058e-06
0.014667302
-2.7266761e-06
0.014669848
-2.5463299e-06
0.014672227
-2.377897e-06
0.014674448
-2.2207664e-06
0.014676521
-2.0741945e-06
0.014678458
-1.9372973e-06
0.014680268
-1.8092272e-06
0.014681958
-1.6895329e-06
0.014683536
-1.5779071e-06
0.014685009
-1.4739622e-06
0.014686385
-1.3768569e-06
0.014687672
-1.2859411e-06
0.014688873
-1.2007415e-06
0.014689995
-1.1214276e-06
0.014691042
-1.0475366e-06
0.01469202
-9.78814e-07
0.014692934
-9.1408504e-07
0.014693789
-8.5374539e-07
0.014694586
-7.9694252e-07
0.014695331
-7.448992e-07
0.014696025
-6.9543506e-07
0.014696675
-6.5040894e-07
0.014697283
-6.062877e-07
0.014697851
-5.6761437e-07
0.014698379
-5.2822706e-07
0.014698874
-4.9625323e-07
0.014699334
-4.5994792e-07
0.014699769
-4.3448985e-07
0.014700168
-3.9923505e-07
0.01470055
-3.8136586e-07
0.014700894
-3.4473796e-07
0.014701229
-3.3502544e-07
-2.984612e-07
0.010094914
-0.00016280099
0.010340233
-0.00044087647
0.01065185
-0.00059008571
0.010969203
-0.00062274377
0.011273712
-0.00061044159
0.01155641
-0.00057897246
0.011809194
-0.0005321246
0.012028326
-0.00047557512
0.012214936
-0.00041760214
0.012372692
-0.00036405133
0.012505836
-0.0003172236
0.012618428
-0.0002772735
0.012714101
-0.00024357852
0.012795956
-0.00021532526
0.012866554
-0.00019166163
0.01292795
-0.00017176286
0.012981772
-0.00015489117
0.0130293
-0.00014043211
0.013071543
-0.00012789905
0.0131093
-0.00011691718
0.013143212
-0.00010720077
0.013173796
-9.8531963e-05
0.013201478
-9.0743681e-05
0.013226611
-8.3706557e-05
0.013249491
-7.731903e-05
0.013270372
-7.149998e-05
0.013289469
-6.6183318e-05
0.013306969
-6.131413e-05
0.013323033
-5.6845965e-05
0.013337804
-5.2738935e-05
0.013351406
-4.8958372e-05
0.013363949
-4.5473859e-05
0.013375529
-4.2258519e-05
0.013386233
-3.9288459e-05
0.013396137
-3.6542354e-05
0.01340531
-3.4001095e-05
0.013413814
-3.164751e-05
0.013421702
-2.9466127e-05
0.013429025
-2.7442975e-05
0.013435828
-2.5565409e-05
0.013442151
-2.3821958e-05
0.013448031
-2.2202197e-05
0.013453502
-2.0696634e-05
0.013458595
-1.9296609e-05
0.013463336
-1.7994208e-05
0.013467753
-1.6782186e-05
0.013471868
-1.5653902e-05
0.013475703
-1.4603255e-05
0.013479278
-1.3624638e-05
0.013482612
-1.2712886e-05
0.013485721
-1.186324e-05
0.013488621
-1.1071308e-05
0.013491326
-1.0333031e-05
0.01349385
-9.6446561e-06
0.013496205
-9.0027138e-06
0.013498403
-8.4039914e-06
0.013500455
-7.8455043e-06
0.01350237
-7.3244786e-06
0.013504158
-6.8383491e-06
0.013505827
-6.3847503e-06
0.013507385
-5.9614819e-06
0.01350884
-5.5664672e-06
0.013510198
-5.197758e-06
0.013511466
-4.8535756e-06
0.013512651
-4.532324e-06
0.013513757
-4.232503e-06
0.01351479
-3.9526305e-06
0.013515754
-3.6912608e-06
0.013516655
-3.4471444e-06
0.013517497
-3.2192444e-06
0.013518282
-3.0066137e-06
0.013519016
-2.8081525e-06
0.013519701
-2.6227236e-06
0.013520342
-2.4493461e-06
0.01352094
-2.2874469e-06
0.013521499
-2.1364716e-06
0.01352202
-1.9957284e-06
0.013522507
-1.8641316e-06
0.013522962
-1.7409817e-06
0.013523388
-1.6257516e-06
0.013523785
-1.5185147e-06
0.013524155
-1.4185126e-06
0.013524501
-1.3253275e-06
0.013524825
-1.2376352e-06
0.013525128
-1.1559309e-06
0.013525411
-1.079202e-06
0.013525674
-1.0086772e-06
0.01352592
-9.4181102e-07
0.01352615
-8.8058804e-07
0.013526365
-8.2113079e-07
0.013526566
-7.6840723e-07
0.013526754
-7.1564342e-07
0.013526929
-6.7164425e-07
0.013527092
-6.2342023e-07
0.013527245
-5.877521e-07
0.013527388
-5.4148916e-07
0.013527522
-5.1571468e-07
0.013527646
-4.6851552e-07
0.013527765
-4.5462178e-07
-4.0598163e-07
0.010181464
-0.00034426525
0.010521798
-0.00078121018
0.010842482
-0.00091076959
0.011112769
-0.0008930309
0.01133602
-0.00083369229
0.011508579
-0.00075153209
0.011630744
-0.0006542893
0.011709907
-0.00055473799
0.011755697
-0.00046339255
0.011776644
-0.000384998
0.011779503
-0.00032008221
0.011769652
-0.00026742267
0.01175133
-0.0002252566
0.011727726
-0.0001917216
0.011701127
-0.00016506247
0.011673116
-0.00014375196
0.011644765
-0.00012654001
0.011616781
-0.00011244777
0.011589614
-0.00010073204
0.011563536
-9.0839873e-05
0.0115387
-8.2364457e-05
0.011515175
-7.5007437e-05
0.011492981
-6.8549275e-05
0.011472102
-6.2827025e-05
0.011452501
-5.7718125e-05
0.011434129
-5.312876e-05
0.011416932
-4.898562e-05
0.011400848
-4.5230168e-05
0.011385816
-4.1814686e-05
0.011371777
-3.8699561e-05
0.01135867
-3.58514e-05
0.011346438
-3.3241713e-05
0.011335025
-3.0845946e-05
0.01132438
-2.8642775e-05
0.011314451
-2.6613565e-05
0.011305192
-2.4741945e-05
0.011296558
-2.3013469e-05
0.011288507
-2.141534e-05
0.011281
-1.9936179e-05
0.011274001
-1.8565833e-05
0.011267474
-1.7295213e-05
0.011261388
-1.6116156e-05
0.011255712
-1.502131e-05
0.01125042
-1.4004029e-05
0.011245484
-1.3058296e-05
0.01124088
-1.2178642e-05
0.011236587
-1.1360086e-05
0.011232581
-1.0598083e-05
0.011228845
-9.8884716e-06
0.01122536
-9.227442e-06
0.011222108
-8.6114931e-06
0.011219074
-8.0374045e-06
0.011216243
-7.5022093e-06
0.011213602
-7.0031728e-06
0.011211137
-6.5377693e-06
0.011208837
-6.1036601e-06
0.01120669
-5.6986772e-06
0.011204686
-5.3208161e-06
0.011202816
-4.9682276e-06
0.01120107
-4.6391943e-06
0.011199441
-4.3321064e-06
0.01119792
-4.0454571e-06
0.0111965
-3.7778643e-06
0.011195175
-3.5280697e-06
0.011193937
-3.2949005e-06
0.011192782
-3.077217e-06
0.011191703
-2.8739354e-06
0.011190696
-2.6840782e-06
0.011189756
-2.5068106e-06
0.011188878
-2.3413451e-06
0.011188058
-2.1868789e-06
0.011187292
-2.0425764e-06
0.011186578
-1.9077308e-06
0.01118591
-1.7817697e-06
0.011185287
-1.6642388e-06
0.011184705
-1.5545518e-06
0.011184161
-1.4521118e-06
0.011183653
-1.3562774e-06
0.011183179
-1.2667402e-06
0.011182737
-1.1831217e-06
0.011182323
-1.105238e-06
0.011181937
-1.0324153e-06
0.011181576
-9.644411e-07
0.01118124
-9.0064081e-07
0.011180925
-8.4132277e-07
0.011180631
-7.8567585e-07
0.011180356
-7.3425125e-07
0.0111801
-6.8555652e-07
0.011179861
-6.408116e-07
0.011179638
-5.9785575e-07
0.011179428
-5.5926572e-07
0.011179234
-5.2133181e-07
0.011179051
-4.8854701e-07
0.011178882
-4.5439983e-07
0.011178721
-4.2710981e-07
0.011178575
-3.9547925e-07
0.011178434
-3.7442074e-07
0.011178309
-3.4393464e-07
0.011178186
-3.3168751e-07
-3.0214543e-07
0.010341662
-0.00068592735
0.010578184
-0.0010177326
0.010615671
-0.00094825625
0.010553945
-0.00083130473
0.010425822
-0.00070556886
0.010248587
-0.00057429754
0.010044962
-0.00045066426
0.0098354604
-0.00034523641
0.0096327827
-0.0002607149
0.0094437308
-0.00019594607
0.0092713466
-0.00014769799
0.009116574
-0.00011265009
0.0089789731
-8.7655673e-05
0.0088572402
-6.9988766e-05
0.0087496634
-5.748561e-05
0.0086544455
-4.8534122e-05
0.00856989
-4.1984433e-05
0.0084944845
-3.7042263e-05
0.0084269262
-3.3173823e-05
0.0083661157
-3.002929e-05
0.0083111354
-2.7384168e-05
0.0082612243
-2.5096349e-05
0.0082157512
-2.3076191e-05
0.0081741908
-2.1266629e-05
0.0081361031
-1.9630402e-05
0.0081011164
-1.8142096e-05
0.0080689141
-1.6783304e-05
0.0080392237
-1.5539787e-05
0.0080118089
-1.439986e-05
0.0079864628
-1.3353503e-05
0.0079630033
-1.2391898e-05
0.0079412688
-1.1507168e-05
0.0079211151
-1.069224e-05
0.0079024131
-9.9407485e-06
0.0078850465
-9.2469712e-06
0.0078689103
-8.6057685e-06
0.0078539093
-8.0125286e-06
0.0078399571
-7.4631152e-06
0.0078269748
-6.9538167e-06
0.0078148902
-6.4812999e-06
0.0078036376
-6.0425661e-06
0.0077931563
-5.6349124e-06
0.0077833909
-5.2558972e-06
0.0077742902
-4.9033092e-06
0.007765807
-4.5751407e-06
0.007757898
-4.269564e-06
0.0077505228
-3.9849113e-06
0.0077436444
-3.7196574e-06
0.0077372283
-3.4724043e-06
0.0077312427
-3.2418682e-06
0.0077256581
-3.0268675e-06
0.007720447
-2.8263129e-06
0.007715584
-2.6391997e-06
0.0077110454
-2.4645995e-06
0.0077068093
-2.3016524e-06
0.0077028552
-2.1495598e-06
0.0076991641
-2.0075822e-06
0.0076957184
-1.8750368e-06
0.0076925014
-1.7512907e-06
0.0076894979
-1.6357493e-06
0.0076866937
-1.527854e-06
0.0076840754
-1.4270898e-06
0.0076816305
-1.3329915e-06
0.0076793475
-1.2451267e-06
0.0076772157
-1.1630744e-06
0.0076752249
-1.0864237e-06
0.0076733658
-1.0148087e-06
0.0076716297
-9.4792032e-07
0.0076700083
-8.8547935e-07
0.007668494
-8.2717767e-07
0.0076670798
-7.7269633e-07
0.0076657591
-7.2175457e-07
0.0076645257
-6.7416644e-07
0.0076633737
-6.2976236e-07
0.0076622976
-5.8833934e-07
0.0076612925
-5.4961489e-07
0.0076603539
-5.133797e-07
0.0076594774
-4.7948631e-07
0.0076586585
-4.4789968e-07
0.0076578936
-4.184403e-07
0.0076571792
-3.9095262e-07
0.007656512
-3.6515516e-07
0.0076558889
-3.410664e-07
0.0076553068
-3.1852089e-07
0.007654763
-2.976358e-07
0.0076542551
-2.7800845e-07
0.0076537807
-2.5980133e-07
0.0076533378
-2.4251694e-07
0.0076529238
-2.2667428e-07
0.0076525374
-2.1154312e-07
0.0076521759
-1.9790329e-07
0.0076518391
-1.8456226e-07
0.0076515234
-1.7278335e-07
0.0076512301
-1.6096696e-07
0.0076509538
-1.5086654e-07
0.0076506989
-1.4067507e-07
0.0076504565
-1.3198938e-07
0.0076502372
-1.246442e-07
0.007650022
-1.1645065e-07
-1.1717659e-07
0.0093140727
0.0082963401
0.0073480838
0.0065167791
0.0058112103
0.0052369127
0.0047862484
0.004441012
0.0041802971
0.0039843511
0.0038366531
0.003724003
0.0036363473
0.0035663586
0.0035088729
0.0034603388
0.0034183544
0.0033813121
0.0033481383
0.003318109
0.0032907248
0.0032656285
0.0032425523
0.0032212857
0.0032016553
0.0031835132
0.0031667299
0.0031511901
0.0031367902
0.0031234367
0.0031110448
0.0030995377
0.0030888454
0.0030789047
0.0030696577
0.0030610519
0.0030530394
0.0030455763
0.0030386225
0.0030321412
0.0030260986
0.0030204637
0.0030152078
0.0030103045
0.0030057293
0.0030014598
0.0029974749
0.0029937552
0.0029902828
0.0029870409
0.0029840141
0.0029811878
0.0029785486
0.002976084
0.0029737823
0.0029716328
0.0029696252
0.0029677501
0.0029659988
0.0029643631
0.0029628352
0.0029614082
0.0029600752
0.00295883
0.0029576669
0.0029565805
0.0029555658
0.0029546178
0.0029537323
0.0029529051
0.0029521324
0.0029514107
0.0029507366
0.0029501068
0.0029495184
0.0029489688
0.0029484555
0.002947976
0.0029475281
0.0029471095
0.0029467186
0.0029463535
0.0029460125
0.0029456939
0.0029453962
0.0029451182
0.0029448585
0.002944616
0.0029443893
0.0029441777
0.0029439798
0.0029437953
0.0029436225
0.0029434615
0.0029433106
0.00294317
0.002943038
0.0029429133
0.0029427969
)
;

boundaryField
{
    top
    {
        type            calculated;
        value           uniform 0;
    }
    bottom
    {
        type            calculated;
        value           uniform 0;
    }
    inlet
    {
        type            calculated;
        value           nonuniform List<scalar> 10(-0.01 -0.01 -0.01 -0.01 -0.01 -0.01 -0.01 -0.01 -0.01 -0.01);
    }
    outlet
    {
        type            calculated;
        value           nonuniform List<scalar> 10(0.0029426797 0.007649837 0.011178082 0.013527873 0.014701528 0.014701528 0.013527873 0.011178082 0.007649837 0.0029426797);
    }
    front
    {
        type            empty;
    }
    back
    {
        type            empty;
    }
}


// ************************************************************************* //
