/*--------------------------------*- C++ -*----------------------------------*\
  =========                 |
  \\      /  F ield         | OpenFOAM: The Open Source CFD Toolbox
   \\    /   O peration     | Website:  https://openfoam.org
    \\  /    A nd           | Version:  13
     \\/     M anipulation  |
\*---------------------------------------------------------------------------*/
FoamFile
{
    format      ascii;
    class       volVectorField;
    location    "19";
    object      U;
}
// * * * * * * * * * * * * * * * * * * * * * * * * * * * * * * * * * * * * * //

dimensions      [0 1 -1 0 0 0 0];

internalField   nonuniform List<vector> 
1000
(
(0.92074242 0.03382768 0)
(0.8635379 0.056684191 0)
(0.78799127 0.052753994 0)
(0.69766161 0.041237061 0)
(0.61471542 0.03020314 0)
(0.54875554 0.020988077 0)
(0.49827309 0.013660659 0)
(0.45949312 0.0082997554 0)
(0.42978721 0.004735884 0)
(0.4072852 0.002532184 0)
(0.39034402 0.0012497964 0)
(0.37751559 0.00056180319 0)
(0.36764107 0.0002426144 0)
(0.35985945 0.00013663719 0)
(0.35355677 0.00013976101 0)
(0.34830594 0.00018761024 0)
(0.34381545 0.00024452974 0)
(0.33988918 0.00029351239 0)
(0.33639623 0.00032844055 0)
(0.33324896 0.00034888365 0)
(0.33038779 0.00035693704 0)
(0.32777097 0.00035546655 0)
(0.32536798 0.0003472408 0)
(0.32315538 0.00033457889 0)
(0.32111429 0.00031926785 0)
(0.31922887 0.00030260427 0)
(0.31748536 0.00028548191 0)
(0.31587163 0.00026848675 0)
(0.31437679 0.00025198206 0)
(0.31299103 0.00023617692 0)
(0.31170546 0.00022117789 0)
(0.31051204 0.00020702586 0)
(0.30940346 0.00019372128 0)
(0.30837305 0.00018124098 0)
(0.3074148 0.00016954903 0)
(0.30652319 0.00015860342 0)
(0.30569321 0.00014836022 0)
(0.30492028 0.00013877582 0)
(0.30420021 0.00012980824 0)
(0.30352916 0.00012141766 0)
(0.30290362 0.00011356671 0)
(0.30232035 0.00010622043 0)
(0.30177636 9.93462e-05 0)
(0.30126891 9.2913606e-05 0)
(0.30079546 8.6894262e-05 0)
(0.30035366 8.1261672e-05 0)
(0.29994133 7.599109e-05 0)
(0.29955648 7.1059399e-05 0)
(0.29919722 6.6444989e-05 0)
(0.29886183 6.2127636e-05 0)
(0.29854869 5.8088393e-05 0)
(0.2982563 5.4309517e-05 0)
(0.29798328 5.0774412e-05 0)
(0.29772833 4.7467554e-05 0)
(0.29749024 4.4374372e-05 0)
(0.29726789 4.1481171e-05 0)
(0.29706022 3.877514e-05 0)
(0.29686627 3.6244366e-05 0)
(0.29668512 3.3877722e-05 0)
(0.29651592 3.1664628e-05 0)
(0.29635789 2.9595019e-05 0)
(0.29621028 2.7659617e-05 0)
(0.2960724 2.5850158e-05 0)
(0.29594361 2.4158845e-05 0)
(0.29582331 2.2577747e-05 0)
(0.29571094 2.1098972e-05 0)
(0.29560597 1.9715928e-05 0)
(0.29550792 1.8423442e-05 0)
(0.29541633 1.7216661e-05 0)
(0.29533078 1.6089022e-05 0)
(0.29525086 1.5033578e-05 0)
(0.2951762 1.4045168e-05 0)
(0.29510647 1.3122274e-05 0)
(0.29504133 1.2262397e-05 0)
(0.29498048 1.146032e-05 0)
(0.29492363 1.0707719e-05 0)
(0.29487053 1.0001311e-05 0)
(0.29482094 9.3409074e-06 0)
(0.29477461 8.7292552e-06 0)
(0.29473133 8.1595403e-06 0)
(0.29469089 7.6256992e-06 0)
(0.29465312 7.1193009e-06 0)
(0.29461784 6.6479873e-06 0)
(0.2945849 6.2094684e-06 0)
(0.29455412 5.8090449e-06 0)
(0.29452537 5.4271261e-06 0)
(0.29449849 5.0715404e-06 0)
(0.2944734 4.7272881e-06 0)
(0.29444995 4.4217894e-06 0)
(0.29442808 4.1270312e-06 0)
(0.29440761 3.8687656e-06 0)
(0.29438852 3.6031711e-06 0)
(0.29437066 3.3727637e-06 0)
(0.29435397 3.142585e-06 0)
(0.29433845 2.9394862e-06 0)
(0.29432374 2.7766616e-06 0)
(0.29431047 2.5518482e-06 0)
(0.29429688 2.5909762e-06 0)
(0.29428637 2.0658413e-06 0)
(0.29426901 2.9316243e-06 0)
(1.0019381 0.052732953 0)
(1.0365395 0.10225274 0)
(1.0602516 0.11315449 0)
(1.0635369 0.1090466 0)
(1.0522935 0.099516705 0)
(1.0346516 0.087114674 0)
(1.0147897 0.073373125 0)
(0.99415463 0.059906706 0)
(0.97358849 0.047880415 0)
(0.95388174 0.037787615 0)
(0.93564763 0.029665823 0)
(0.91918057 0.02332968 0)
(0.90451503 0.018503101 0)
(0.89154102 0.014887717 0)
(0.88008798 0.012203272 0)
(0.86996961 0.010210173 0)
(0.86100573 0.0087174145 0)
(0.85303279 0.007580526 0)
(0.84590822 0.0066945205 0)
(0.83951094 0.0059853885 0)
(0.8337398 0.0054021118 0)
(0.82851093 0.0049100422 0)
(0.82375499 0.0044858263 0)
(0.81941448 0.0041137186 0)
(0.81544149 0.0037830016 0)
(0.81179573 0.0034862329 0)
(0.80844305 0.0032180836 0)
(0.80535424 0.0029745881 0)
(0.80250401 0.0027526715 0)
(0.79987035 0.0025498558 0)
(0.79743393 0.0023640801 0)
(0.79517764 0.0021935892 0)
(0.79308626 0.0020368634 0)
(0.79114619 0.0018925722 0)
(0.7893452 0.0017595432 0)
(0.78767226 0.0016367381 0)
(0.7861174 0.0015232347 0)
(0.78467155 0.0014182121 0)
(0.78332647 0.0013209375 0)
(0.78207464 0.0012307555 0)
(0.78090916 0.0011470786 0)
(0.77982372 0.0010693783 0)
(0.77881255 0.00099717864 0)
(0.77787031 0.00093004922 0)
(0.7769921 0.00086760005 0)
(0.7761734 0.00080947674 0)
(0.77541002 0.00075535643 0)
(0.77469811 0.00070494427 0)
(0.7740341 0.00065797043 0)
(0.77341468 0.00061418742 0)
(0.77283678 0.00057336781 0)
(0.77229757 0.00053530215 0)
(0.77179439 0.00049979735 0)
(0.7713248 0.0004666752 0)
(0.77088652 0.00043577094 0)
(0.77047743 0.00040693199 0)
(0.77009557 0.00038001691 0)
(0.76973909 0.00035489452 0)
(0.76940629 0.00033144333 0)
(0.76909559 0.00030955044 0)
(0.7688055 0.00028911066 0)
(0.76853464 0.00027002586 0)
(0.76828174 0.00025220528 0)
(0.76804558 0.00023556483 0)
(0.76782506 0.00022002613 0)
(0.76761914 0.00020551491 0)
(0.76742684 0.00019196194 0)
(0.76724726 0.00017930352 0)
(0.76707955 0.00016748212 0)
(0.76692292 0.00015644269 0)
(0.76677665 0.00014613211 0)
(0.76664004 0.00013649903 0)
(0.76651246 0.00012750036 0)
(0.7663933 0.00011909665 0)
(0.766282 0.00011125189 0)
(0.76617805 0.00010392319 0)
(0.76608097 9.707432e-05 0)
(0.7659903 9.0670537e-05 0)
(0.76590561 8.4695044e-05 0)
(0.76582651 7.9117061e-05 0)
(0.7657526 7.391413e-05 0)
(0.7656836 6.9039831e-05 0)
(0.76561913 6.4487683e-05 0)
(0.76555896 6.0224643e-05 0)
(0.76550269 5.6269001e-05 0)
(0.76545019 5.2559547e-05 0)
(0.76540108 4.911704e-05 0)
(0.76535532 4.5854025e-05 0)
(0.76531245 4.2850369e-05 0)
(0.76527254 3.9991331e-05 0)
(0.76523511 3.7408613e-05 0)
(0.76520029 3.4895168e-05 0)
(0.76516768 3.266751e-05 0)
(0.76513716 3.0422077e-05 0)
(0.76510903 2.8528803e-05 0)
(0.76508175 2.6525057e-05 0)
(0.76505849 2.4978963e-05 0)
(0.76503225 2.3186105e-05 0)
(0.76501646 2.211783e-05 0)
(0.76498456 2.0696009e-05 0)
(1.0002467 0.026719375 0)
(1.0283936 0.06255548 0)
(1.0646999 0.077616155 0)
(1.0979952 0.080476474 0)
(1.1240764 0.078058279 0)
(1.1435812 0.07291683 0)
(1.1579044 0.065986855 0)
(1.1678877 0.0582047 0)
(1.1741544 0.050495786 0)
(1.1774192 0.043467201 0)
(1.1784517 0.037361305 0)
(1.1779313 0.032190659 0)
(1.1763807 0.027868333 0)
(1.1741779 0.024277407 0)
(1.1715897 0.021298543 0)
(1.1688025 0.018820816 0)
(1.1659442 0.016747069 0)
(1.1630997 0.014996288 0)
(1.1603237 0.013503444 0)
(1.1576498 0.012217608 0)
(1.155097 0.011099376 0)
(1.1526749 0.010118339 0)
(1.1503869 0.0092509609 0)
(1.1482324 0.0084788998 0)
(1.1462083 0.0077877246 0)
(1.1443101 0.0071659428 0)
(1.1425324 0.0066042738 0)
(1.1408692 0.0060951138 0)
(1.1393144 0.0056321455 0)
(1.1378619 0.0052100553 0)
(1.1365056 0.0048243261 0)
(1.1352396 0.0044710833 0)
(1.1340583 0.0041469784 0)
(1.1329564 0.003849099 0)
(1.1319285 0.0035748981 0)
(1.13097 0.0033221376 0)
(1.1300761 0.0030888424 0)
(1.1292426 0.002873263 0)
(1.1284655 0.0026738438 0)
(1.1277408 0.0024891969 0)
(1.1270651 0.00231808 0)
(1.1264351 0.0021593778 0)
(1.1258476 0.0020120856 0)
(1.1252997 0.0018752961 0)
(1.1247887 0.0017481876 0)
(1.1243122 0.0016300142 0)
(1.1238677 0.0015200967 0)
(1.1234532 0.0014178157 0)
(1.1230665 0.001322605 0)
(1.1227057 0.001233946 0)
(1.1223692 0.0011513628 0)
(1.1220552 0.001074418 0)
(1.1217622 0.001002709 0)
(1.1214889 0.0009358649 0)
(1.1212338 0.00087354323 0)
(1.1209957 0.00081542778 0)
(1.1207736 0.00076122592 0)
(1.1205662 0.0007106665 0)
(1.1203727 0.00066349846 0)
(1.1201921 0.00061948935 0)
(1.1200235 0.0005784238 0)
(1.1198661 0.00054010107 0)
(1.1197192 0.0005043341 0)
(1.1195821 0.00047094908 0)
(1.119454 0.00043978618 0)
(1.1193345 0.00041069713 0)
(1.1192229 0.00038354275 0)
(1.1191187 0.00035819033 0)
(1.1190214 0.00033451739 0)
(1.1189306 0.0003124125 0)
(1.1188457 0.00029177608 0)
(1.1187666 0.00027251004 0)
(1.1186926 0.00025452047 0)
(1.1186236 0.00023771483 0)
(1.118559 0.00022201939 0)
(1.1184988 0.00020736285 0)
(1.1184426 0.00019368537 0)
(1.1183901 0.00018090822 0)
(1.118341 0.00016897485 0)
(1.1182952 0.00015781652 0)
(1.1182524 0.00014740951 0)
(1.1182125 0.0001376835 0)
(1.1181752 0.00012862052 0)
(1.1181404 0.00012012152 0)
(1.1181078 0.00011221223 0)
(1.1180775 0.00010478097 0)
(1.1180489 9.7915058e-05 0)
(1.1180226 9.1417107e-05 0)
(1.1179977 8.5458484e-05 0)
(1.1179748 7.9723112e-05 0)
(1.1179529 7.4587688e-05 0)
(1.117933 6.9503806e-05 0)
(1.1179139 6.5166132e-05 0)
(1.1178965 6.0557255e-05 0)
(1.11788 5.6998959e-05 0)
(1.1178644 5.2650385e-05 0)
(1.1178509 4.9990541e-05 0)
(1.1178357 4.564716e-05 0)
(1.117827 4.4091048e-05 0)
(1.1178088 3.9601343e-05 0)
(1.0000321 0.01172771 0)
(1.0173964 0.030563016 0)
(1.0455868 0.040990665 0)
(1.0788323 0.044657243 0)
(1.1117703 0.044906518 0)
(1.1419849 0.043513626 0)
(1.1689322 0.040998751 0)
(1.1925678 0.037704081 0)
(1.2129268 0.03408959 0)
(1.2301852 0.030558837 0)
(1.2446903 0.027331285 0)
(1.256878 0.024473251 0)
(1.2671747 0.021977088 0)
(1.2759451 0.019810764 0)
(1.283481 0.017935176 0)
(1.290012 0.016308896 0)
(1.2957188 0.01489143 0)
(1.3007436 0.013646371 0)
(1.3051988 0.01254321 0)
(1.3091728 0.011557532 0)
(1.3127361 0.010670221 0)
(1.3159451 0.0098663841 0)
(1.3188459 0.0091343732 0)
(1.3214765 0.008464993 0)
(1.3238688 0.0078508904 0)
(1.3260498 0.0072860862 0)
(1.3280427 0.0067656221 0)
(1.3298674 0.0062853023 0)
(1.3315412 0.0058415096 0)
(1.3330791 0.0054310762 0)
(1.3344943 0.005051193 0)
(1.3357985 0.0046993461 0)
(1.3370019 0.0043732696 0)
(1.3381138 0.0040709109 0)
(1.339142 0.003790404 0)
(1.340094 0.0035300482 0)
(1.340976 0.0032882901 0)
(1.341794 0.0030637088 0)
(1.3425532 0.0028550035 0)
(1.3432582 0.0026609814 0)
(1.3439133 0.002480548 0)
(1.3445224 0.0023126983 0)
(1.345089 0.002156508 0)
(1.3456163 0.0020111268 0)
(1.3461071 0.0018757715 0)
(1.3465643 0.0017497204 0)
(1.3469902 0.0016323077 0)
(1.347387 0.0015229187 0)
(1.347757 0.0014209853 0)
(1.3481019 0.0013259825 0)
(1.3484235 0.0012374244 0)
(1.3487234 0.0011548612 0)
(1.3490033 0.0010778761 0)
(1.3492643 0.0010060828 0)
(1.3495079 0.0009391231 0)
(1.3497353 0.00087666481 0)
(1.3499474 0.00081839925 0)
(1.3501454 0.00076403926 0)
(1.3503303 0.00071331825 0)
(1.3505029 0.00066598925 0)
(1.350664 0.00062182315 0)
(1.3508144 0.00058060546 0)
(1.3509548 0.00054213522 0)
(1.351086 0.00050622573 0)
(1.3512084 0.00047270647 0)
(1.3513228 0.00044141974 0)
(1.3514296 0.00041221616 0)
(1.3515293 0.0003849511 0)
(1.3516224 0.00035949111 0)
(1.3517094 0.00033571714 0)
(1.3517907 0.00031352559 0)
(1.3518665 0.00029281264 0)
(1.3519374 0.00027347449 0)
(1.3520036 0.00025540586 0)
(1.3520654 0.00023852674 0)
(1.3521231 0.00022276595 0)
(1.3521771 0.00020806699 0)
(1.3522274 0.00019434167 0)
(1.3522745 0.00018152062 0)
(1.3523184 0.00016952052 0)
(1.3523594 0.00015832717 0)
(1.3523979 0.0001478717 0)
(1.3524336 0.00013814719 0)
(1.3524672 0.00012902132 0)
(1.3524982 0.00012052747 0)
(1.3525276 0.00011251986 0)
(1.3525546 0.00010514854 0)
(1.3525805 9.8154999e-05 0)
(1.3526037 9.1795624e-05 0)
(1.3526266 8.560006e-05 0)
(1.3526465 8.0127352e-05 0)
(1.352667 7.4581703e-05 0)
(1.3526837 7.0021718e-05 0)
(1.3527025 6.4950798e-05 0)
(1.3527159 6.1300802e-05 0)
(1.3527337 5.6417875e-05 0)
(1.3527436 5.3788024e-05 0)
(1.3527616 4.8815875e-05 0)
(1.3527672 4.7368466e-05 0)
(1.3527872 4.2007487e-05 0)
(1.0001568 0.0034383906 0)
(1.0134518 0.0092557598 0)
(1.036628 0.012853241 0)
(1.0666034 0.014335343 0)
(1.0987809 0.014626052 0)
(1.1300715 0.014363697 0)
(1.1593037 0.013741451 0)
(1.1861976 0.012840159 0)
(1.2106431 0.011790373 0)
(1.2325915 0.010728734 0)
(1.2521417 0.0097376724 0)
(1.2695378 0.0088459648 0)
(1.2850832 0.0080555411 0)
(1.2990634 0.0073596116 0)
(1.3117148 0.006748688 0)
(1.3232262 0.0062117872 0)
(1.3337497 0.0057373915 0)
(1.3434089 0.0053147116 0)
(1.3523048 0.0049345706 0)
(1.3605198 0.0045896477 0)
(1.3681215 0.0042742901 0)
(1.3751666 0.0039841792 0)
(1.3817032 0.003716012 0)
(1.3877733 0.0034672424 0)
(1.3934137 0.0032358808 0)
(1.3986577 0.0030203392 0)
(1.4035351 0.0028193156 0)
(1.408073 0.0026317095 0)
(1.4122964 0.0024565638 0)
(1.416228 0.0022930257 0)
(1.4198888 0.002140321 0)
(1.4232982 0.0019977378 0)
(1.4264741 0.0018646153 0)
(1.429433 0.0017403373 0)
(1.4321902 0.0016243267 0)
(1.4347599 0.0015160429 0)
(1.4371552 0.0014149788 0)
(1.4393882 0.0013206587 0)
(1.4414702 0.0012326369 0)
(1.4434117 0.0011504961 0)
(1.4452223 0.0010738452 0)
(1.4469111 0.0010023186 0)
(1.4484863 0.00093557428 0)
(1.4499558 0.00087329257 0)
(1.4513269 0.00081517482 0)
(1.4526061 0.00076094213 0)
(1.4537997 0.00071033412 0)
(1.4549136 0.00066310766 0)
(1.4559531 0.00061903586 0)
(1.4569232 0.00057790703 0)
(1.4578287 0.00053952369 0)
(1.4586739 0.00050370163 0)
(1.4594628 0.00047026894 0)
(1.4601993 0.00043906528 0)
(1.4608868 0.00040994133 0)
(1.4615286 0.00038275779 0)
(1.4621278 0.00035738447 0)
(1.4626872 0.00033369972 0)
(1.4632096 0.00031159049 0)
(1.4636973 0.00029095206 0)
(1.4641526 0.00027168656 0)
(1.4645778 0.00025370143 0)
(1.4649749 0.00023690975 0)
(1.4653456 0.00022123179 0)
(1.4656918 0.00020659556 0)
(1.4660152 0.0001929329 0)
(1.4663171 0.00018017755 0)
(1.466599 0.000168265 0)
(1.4668623 0.00015713879 0)
(1.4671082 0.00014675007 0)
(1.4673379 0.00013705494 0)
(1.4675523 0.00012800537 0)
(1.4677526 0.00011955241 0)
(1.4679397 0.00011165103 0)
(1.4681144 0.00010427061 0)
(1.4682777 9.738358e-05 0)
(1.46843 9.0962931e-05 0)
(1.4685724 8.4964454e-05 0)
(1.4687053 7.9356456e-05 0)
(1.4688295 7.4104784e-05 0)
(1.4689454 6.9211613e-05 0)
(1.4690539 6.4644316e-05 0)
(1.4691549 6.039882e-05 0)
(1.4692496 5.6406632e-05 0)
(1.4693376 5.2690312e-05 0)
(1.4694204 4.9181908e-05 0)
(1.4694969 4.5964945e-05 0)
(1.4695695 4.290699e-05 0)
(1.4696358 4.013875e-05 0)
(1.4696997 3.7417264e-05 0)
(1.4697568 3.5033965e-05 0)
(1.4698136 3.258837e-05 0)
(1.469862 3.0621767e-05 0)
(1.4699135 2.8380666e-05 0)
(1.4699531 2.6820582e-05 0)
(1.4700015 2.4642633e-05 0)
(1.4700313 2.3530826e-05 0)
(1.4700801 2.1308431e-05 0)
(1.4700974 2.0712412e-05 0)
(1.4701522 1.8291786e-05 0)
(1.0001568 -0.0034383906 0)
(1.0134518 -0.0092557598 0)
(1.036628 -0.012853241 0)
(1.0666034 -0.014335343 0)
(1.0987809 -0.014626052 0)
(1.1300715 -0.014363697 0)
(1.1593037 -0.013741451 0)
(1.1861976 -0.012840159 0)
(1.2106431 -0.011790373 0)
(1.2325915 -0.010728734 0)
(1.2521417 -0.0097376724 0)
(1.2695378 -0.0088459648 0)
(1.2850832 -0.0080555412 0)
(1.2990634 -0.0073596116 0)
(1.3117148 -0.006748688 0)
(1.3232262 -0.0062117872 0)
(1.3337497 -0.0057373915 0)
(1.3434089 -0.0053147116 0)
(1.3523048 -0.0049345706 0)
(1.3605198 -0.0045896477 0)
(1.3681215 -0.0042742901 0)
(1.3751666 -0.0039841792 0)
(1.3817032 -0.003716012 0)
(1.3877733 -0.0034672424 0)
(1.3934137 -0.0032358808 0)
(1.3986577 -0.0030203392 0)
(1.4035351 -0.0028193156 0)
(1.408073 -0.0026317095 0)
(1.4122964 -0.0024565638 0)
(1.416228 -0.0022930257 0)
(1.4198888 -0.002140321 0)
(1.4232982 -0.0019977377 0)
(1.4264741 -0.0018646153 0)
(1.429433 -0.0017403373 0)
(1.4321902 -0.0016243267 0)
(1.4347599 -0.0015160429 0)
(1.4371552 -0.0014149788 0)
(1.4393882 -0.0013206587 0)
(1.4414702 -0.001232637 0)
(1.4434117 -0.0011504961 0)
(1.4452223 -0.0010738452 0)
(1.4469111 -0.0010023186 0)
(1.4484863 -0.0009355743 0)
(1.4499558 -0.00087329263 0)
(1.4513269 -0.00081517492 0)
(1.4526061 -0.00076094223 0)
(1.4537997 -0.00071033417 0)
(1.4549136 -0.00066310767 0)
(1.4559531 -0.00061903585 0)
(1.4569232 -0.00057790701 0)
(1.4578287 -0.00053952366 0)
(1.4586739 -0.00050370158 0)
(1.4594628 -0.00047026892 0)
(1.4601993 -0.00043906532 0)
(1.4608868 -0.00040994129 0)
(1.4615286 -0.00038275758 0)
(1.4621278 -0.00035738429 0)
(1.4626872 -0.00033369992 0)
(1.4632096 -0.00031159104 0)
(1.4636973 -0.00029095218 0)
(1.4641526 -0.00027168575 0)
(1.4645778 -0.00025370047 0)
(1.4649749 -0.00023691021 0)
(1.4653456 -0.00022123377 0)
(1.4656918 -0.00020659649 0)
(1.4660152 -0.00019293076 0)
(1.4663171 -0.00018017382 0)
(1.466599 -0.00016826445 0)
(1.4668623 -0.00015714298 0)
(1.4671082 -0.00014675442 0)
(1.4673379 -0.00013705308 0)
(1.4675523 -0.00012799775 0)
(1.4677526 -0.00011954813 0)
(1.4679397 -0.00011165635 0)
(1.4681144 -0.00010428088 0)
(1.4682777 -9.7385867e-05 0)
(1.46843 -9.095301e-05 0)
(1.4685724 -8.4952693e-05 0)
(1.4687052 -7.9356993e-05 0)
(1.4688295 -7.4118189e-05 0)
(1.4689455 -6.9221444e-05 0)
(1.4690539 -6.4638218e-05 0)
(1.4691549 -6.0382982e-05 0)
(1.4692495 -5.6400243e-05 0)
(1.4693376 -5.2701907e-05 0)
(1.4694204 -4.9199346e-05 0)
(1.469497 -4.5969771e-05 0)
(1.4695695 -4.2895288e-05 0)
(1.4696358 -4.0126021e-05 0)
(1.4696997 -3.741814e-05 0)
(1.4697568 -3.5046309e-05 0)
(1.4698136 -3.2596901e-05 0)
(1.469862 -3.0616327e-05 0)
(1.4699134 -2.836766e-05 0)
(1.4699531 -2.6812427e-05 0)
(1.4700015 -2.4644906e-05 0)
(1.4700313 -2.3537996e-05 0)
(1.4700801 -2.1310866e-05 0)
(1.4700974 -2.0708032e-05 0)
(1.4701522 -1.8287971e-05 0)
(1.0000321 -0.01172771 0)
(1.0173964 -0.030563016 0)
(1.0455868 -0.040990665 0)
(1.0788323 -0.044657243 0)
(1.1117703 -0.044906518 0)
(1.1419849 -0.043513626 0)
(1.1689322 -0.040998751 0)
(1.1925678 -0.037704081 0)
(1.2129268 -0.03408959 0)
(1.2301852 -0.030558837 0)
(1.2446903 -0.027331285 0)
(1.256878 -0.024473251 0)
(1.2671747 -0.021977088 0)
(1.2759451 -0.019810764 0)
(1.283481 -0.017935176 0)
(1.290012 -0.016308896 0)
(1.2957188 -0.01489143 0)
(1.3007436 -0.013646371 0)
(1.3051988 -0.01254321 0)
(1.3091728 -0.011557532 0)
(1.3127361 -0.010670221 0)
(1.3159451 -0.0098663841 0)
(1.3188459 -0.0091343732 0)
(1.3214765 -0.008464993 0)
(1.3238688 -0.0078508904 0)
(1.3260498 -0.0072860862 0)
(1.3280427 -0.0067656221 0)
(1.3298674 -0.0062853023 0)
(1.3315412 -0.0058415096 0)
(1.3330791 -0.0054310762 0)
(1.3344943 -0.005051193 0)
(1.3357985 -0.0046993461 0)
(1.3370019 -0.0043732696 0)
(1.3381138 -0.0040709109 0)
(1.339142 -0.003790404 0)
(1.340094 -0.0035300482 0)
(1.340976 -0.0032882901 0)
(1.341794 -0.0030637089 0)
(1.3425532 -0.0028550035 0)
(1.3432582 -0.0026609814 0)
(1.3439133 -0.0024805481 0)
(1.3445224 -0.0023126984 0)
(1.345089 -0.0021565081 0)
(1.3456163 -0.0020111268 0)
(1.3461071 -0.0018757715 0)
(1.3465643 -0.0017497204 0)
(1.3469902 -0.0016323077 0)
(1.347387 -0.0015229187 0)
(1.347757 -0.0014209853 0)
(1.3481019 -0.0013259825 0)
(1.3484235 -0.0012374243 0)
(1.3487234 -0.0011548611 0)
(1.3490033 -0.0010778761 0)
(1.3492643 -0.0010060827 0)
(1.3495079 -0.00093912303 0)
(1.3497353 -0.00087666477 0)
(1.3499474 -0.0008183993 0)
(1.3501454 -0.00076403934 0)
(1.3503303 -0.00071331819 0)
(1.3505029 -0.00066598905 0)
(1.350664 -0.00062182303 0)
(1.3508144 -0.00058060568 0)
(1.3509548 -0.00054213561 0)
(1.351086 -0.00050622572 0)
(1.3512084 -0.00047270578 0)
(1.3513228 -0.00044141892 0)
(1.3514296 -0.00041221625 0)
(1.3515293 -0.00038495201 0)
(1.3516224 -0.00035949154 0)
(1.3517094 -0.00033571587 0)
(1.3517907 -0.00031352361 0)
(1.3518665 -0.00029281235 0)
(1.3519374 -0.00027347659 0)
(1.3520036 -0.00025540795 0)
(1.3520654 -0.00023852559 0)
(1.3521232 -0.00022276225 0)
(1.352177 -0.00020806479 0)
(1.3522274 -0.00019434416 0)
(1.3522744 -0.0001815253 0)
(1.3523185 -0.00016952151 0)
(1.3523595 -0.00015832301 0)
(1.3523979 -0.00014786707 0)
(1.3524336 -0.00013814815 0)
(1.3524671 -0.00012902742 0)
(1.3524982 -0.00012053226 0)
(1.3525277 -0.00011251841 0)
(1.3525546 -0.00010514308 0)
(1.3525805 -9.8152389e-05 0)
(1.3526037 -9.1798397e-05 0)
(1.3526266 -8.5604573e-05 0)
(1.3526465 -8.0128136e-05 0)
(1.352667 -7.4578068e-05 0)
(1.3526837 -7.0017641e-05 0)
(1.3527024 -6.4949441e-05 0)
(1.3527159 -6.1301969e-05 0)
(1.3527337 -5.6418803e-05 0)
(1.3527436 -5.3787421e-05 0)
(1.3527616 -4.8814618e-05 0)
(1.3527672 -4.7367168e-05 0)
(1.3527872 -4.2006489e-05 0)
(1.0002467 -0.026719375 0)
(1.0283936 -0.06255548 0)
(1.0646999 -0.077616155 0)
(1.0979952 -0.080476474 0)
(1.1240764 -0.078058279 0)
(1.1435812 -0.07291683 0)
(1.1579044 -0.065986855 0)
(1.1678877 -0.0582047 0)
(1.1741544 -0.050495786 0)
(1.1774192 -0.043467201 0)
(1.1784517 -0.037361305 0)
(1.1779313 -0.032190659 0)
(1.1763807 -0.027868333 0)
(1.1741779 -0.024277407 0)
(1.1715897 -0.021298543 0)
(1.1688025 -0.018820816 0)
(1.1659442 -0.016747069 0)
(1.1630997 -0.014996288 0)
(1.1603237 -0.013503444 0)
(1.1576498 -0.012217608 0)
(1.155097 -0.011099376 0)
(1.1526749 -0.010118339 0)
(1.1503869 -0.0092509609 0)
(1.1482324 -0.0084788998 0)
(1.1462083 -0.0077877246 0)
(1.1443101 -0.0071659428 0)
(1.1425324 -0.0066042738 0)
(1.1408692 -0.0060951138 0)
(1.1393144 -0.0056321455 0)
(1.1378619 -0.0052100553 0)
(1.1365056 -0.0048243261 0)
(1.1352396 -0.0044710833 0)
(1.1340583 -0.0041469784 0)
(1.1329564 -0.003849099 0)
(1.1319285 -0.0035748981 0)
(1.13097 -0.0033221376 0)
(1.1300761 -0.0030888425 0)
(1.1292426 -0.0028732631 0)
(1.1284655 -0.0026738439 0)
(1.1277408 -0.0024891969 0)
(1.1270651 -0.0023180801 0)
(1.1264351 -0.0021593778 0)
(1.1258476 -0.0020120856 0)
(1.1252997 -0.0018752961 0)
(1.1247887 -0.0017481877 0)
(1.1243122 -0.0016300142 0)
(1.1238677 -0.0015200967 0)
(1.1234532 -0.0014178157 0)
(1.1230665 -0.001322605 0)
(1.1227057 -0.001233946 0)
(1.1223692 -0.0011513627 0)
(1.1220552 -0.0010744179 0)
(1.1217622 -0.0010027089 0)
(1.1214889 -0.00093586477 0)
(1.1212338 -0.00087354317 0)
(1.1209957 -0.0008154279 0)
(1.1207736 -0.00076122613 0)
(1.1205662 -0.00071066646 0)
(1.1203727 -0.00066349799 0)
(1.1201921 -0.00061948895 0)
(1.1200235 -0.00057842419 0)
(1.1198661 -0.00054010211 0)
(1.1197192 -0.00050433439 0)
(1.1195821 -0.00047094761 0)
(1.119454 -0.00043978428 0)
(1.1193345 -0.00041069748 0)
(1.1192229 -0.00038354587 0)
(1.1191187 -0.00035819246 0)
(1.1190214 -0.00033451466 0)
(1.1189306 -0.00031240653 0)
(1.1188458 -0.00029177402 0)
(1.1187666 -0.0002725159 0)
(1.1186926 -0.00025452826 0)
(1.1186236 -0.00023771428 0)
(1.1185591 -0.00022200875 0)
(1.1184988 -0.00020735401 0)
(1.1184426 -0.00019369008 0)
(1.1183901 -0.000180923 0)
(1.118341 -0.0001689825 0)
(1.1182953 -0.00015780703 0)
(1.1182524 -0.00014739383 0)
(1.1182125 -0.00013768064 0)
(1.1181752 -0.00012863482 0)
(1.1181404 -0.00012013621 0)
(1.1181078 -0.00011221021 0)
(1.1180775 -0.00010476507 0)
(1.118049 -9.7904354e-05 0)
(1.1180226 -9.1423016e-05 0)
(1.1179976 -8.547174e-05 0)
(1.1179748 -7.9727431e-05 0)
(1.1179529 -7.4579414e-05 0)
(1.117933 -6.9494589e-05 0)
(1.1179139 -6.5166158e-05 0)
(1.1178965 -6.0563693e-05 0)
(1.11788 -5.7002886e-05 0)
(1.1178644 -5.2647607e-05 0)
(1.1178509 -4.9986095e-05 0)
(1.1178357 -4.5646492e-05 0)
(1.117827 -4.4092221e-05 0)
(1.1178088 -3.9601703e-05 0)
(1.0019381 -0.052732953 0)
(1.0365395 -0.10225274 0)
(1.0602516 -0.11315449 0)
(1.0635369 -0.1090466 0)
(1.0522935 -0.099516705 0)
(1.0346516 -0.087114674 0)
(1.0147897 -0.073373125 0)
(0.99415463 -0.059906706 0)
(0.97358849 -0.047880415 0)
(0.95388174 -0.037787615 0)
(0.93564763 -0.029665823 0)
(0.91918057 -0.02332968 0)
(0.90451503 -0.018503101 0)
(0.89154102 -0.014887717 0)
(0.88008798 -0.012203272 0)
(0.86996961 -0.010210173 0)
(0.86100573 -0.0087174145 0)
(0.85303279 -0.007580526 0)
(0.84590822 -0.0066945205 0)
(0.83951094 -0.0059853885 0)
(0.8337398 -0.0054021118 0)
(0.82851093 -0.0049100421 0)
(0.82375499 -0.0044858263 0)
(0.81941448 -0.0041137186 0)
(0.81544149 -0.0037830016 0)
(0.81179573 -0.0034862329 0)
(0.80844305 -0.0032180836 0)
(0.80535424 -0.0029745881 0)
(0.80250401 -0.0027526714 0)
(0.79987035 -0.0025498558 0)
(0.79743393 -0.0023640801 0)
(0.79517764 -0.0021935892 0)
(0.79308626 -0.0020368634 0)
(0.79114619 -0.0018925722 0)
(0.7893452 -0.0017595432 0)
(0.78767226 -0.0016367381 0)
(0.7861174 -0.0015232348 0)
(0.78467155 -0.0014182121 0)
(0.78332647 -0.0013209375 0)
(0.78207464 -0.0012307555 0)
(0.78090916 -0.0011470786 0)
(0.77982372 -0.0010693784 0)
(0.77881255 -0.00099717869 0)
(0.77787031 -0.00093004924 0)
(0.7769921 -0.00086760003 0)
(0.7761734 -0.00080947671 0)
(0.77541002 -0.00075535642 0)
(0.77469811 -0.00070494428 0)
(0.7740341 -0.00065797044 0)
(0.77341468 -0.0006141874 0)
(0.77283678 -0.00057336775 0)
(0.77229757 -0.00053530207 0)
(0.77179439 -0.00049979726 0)
(0.7713248 -0.00046667513 0)
(0.77088652 -0.00043577098 0)
(0.77047743 -0.00040693216 0)
(0.77009557 -0.000380017 0)
(0.76973909 -0.00035489425 0)
(0.76940629 -0.00033144284 0)
(0.76909559 -0.00030955037 0)
(0.7688055 -0.0002891114 0)
(0.76853464 -0.00027002667 0)
(0.76828174 -0.00025220474 0)
(0.76804558 -0.00023556293 0)
(0.76782506 -0.00022002511 0)
(0.76761914 -0.00020551682 0)
(0.76742684 -0.00019196517 0)
(0.76724726 -0.0001793035 0)
(0.76707955 -0.00016747722 0)
(0.76692293 -0.00015643784 0)
(0.76677665 -0.00014613423 0)
(0.76664004 -0.00013650746 0)
(0.76651245 -0.00012750523 0)
(0.7663933 -0.00011909023 0)
(0.766282 -0.00011123996 0)
(0.76617806 -0.00010392041 0)
(0.76608097 -9.7086196e-05 0)
(0.7659903 -9.0684611e-05 0)
(0.7659056 -8.4694191e-05 0)
(0.76582651 -7.9101084e-05 0)
(0.76575261 -7.390167e-05 0)
(0.76568361 -6.9046149e-05 0)
(0.76561913 -6.4505655e-05 0)
(0.76555895 -6.0233046e-05 0)
(0.76550268 -5.6258149e-05 0)
(0.7654502 -5.2542532e-05 0)
(0.76540109 -4.9113229e-05 0)
(0.76535532 -4.5865967e-05 0)
(0.76531244 -4.2862608e-05 0)
(0.76527254 -3.9990637e-05 0)
(0.76523511 -3.7398418e-05 0)
(0.76520029 -3.4888507e-05 0)
(0.76516768 -3.2670278e-05 0)
(0.76513716 -3.0428499e-05 0)
(0.76510903 -2.8531199e-05 0)
(0.76508175 -2.6522302e-05 0)
(0.76505849 -2.4975955e-05 0)
(0.76503226 -2.3185276e-05 0)
(0.76501646 -2.2118006e-05 0)
(0.76498456 -2.0696645e-05 0)
(0.92074242 -0.03382768 0)
(0.8635379 -0.056684191 0)
(0.78799127 -0.052753994 0)
(0.69766161 -0.041237061 0)
(0.61471542 -0.03020314 0)
(0.54875554 -0.020988077 0)
(0.49827309 -0.013660659 0)
(0.45949312 -0.0082997554 0)
(0.42978721 -0.004735884 0)
(0.4072852 -0.002532184 0)
(0.39034402 -0.0012497964 0)
(0.37751559 -0.00056180319 0)
(0.36764107 -0.0002426144 0)
(0.35985945 -0.00013663719 0)
(0.35355677 -0.00013976101 0)
(0.34830594 -0.00018761024 0)
(0.34381545 -0.00024452974 0)
(0.33988918 -0.00029351239 0)
(0.33639623 -0.00032844054 0)
(0.33324896 -0.00034888364 0)
(0.33038779 -0.00035693704 0)
(0.32777097 -0.00035546654 0)
(0.32536798 -0.00034724079 0)
(0.32315538 -0.00033457889 0)
(0.32111429 -0.00031926785 0)
(0.31922887 -0.00030260426 0)
(0.31748536 -0.0002854819 0)
(0.31587163 -0.00026848675 0)
(0.31437679 -0.00025198205 0)
(0.31299103 -0.00023617692 0)
(0.31170546 -0.00022117789 0)
(0.31051204 -0.00020702586 0)
(0.30940346 -0.00019372127 0)
(0.30837305 -0.00018124099 0)
(0.3074148 -0.00016954904 0)
(0.30652319 -0.00015860344 0)
(0.30569321 -0.00014836023 0)
(0.30492028 -0.00013877583 0)
(0.30420021 -0.00012980824 0)
(0.30352916 -0.00012141767 0)
(0.30290362 -0.00011356673 0)
(0.30232035 -0.00010622045 0)
(0.30177636 -9.934621e-05 0)
(0.30126891 -9.29136e-05 0)
(0.30079546 -8.6894252e-05 0)
(0.30035366 -8.126167e-05 0)
(0.29994133 -7.5991099e-05 0)
(0.29955648 -7.1059405e-05 0)
(0.29919722 -6.6444981e-05 0)
(0.29886183 -6.2127616e-05 0)
(0.29854869 -5.8088374e-05 0)
(0.2982563 -5.4309496e-05 0)
(0.29798328 -5.0774387e-05 0)
(0.29772833 -4.746754e-05 0)
(0.29749024 -4.4374407e-05 0)
(0.29726789 -4.1481219e-05 0)
(0.29706022 -3.8775084e-05 0)
(0.29686627 -3.6244172e-05 0)
(0.29668512 -3.387761e-05 0)
(0.29651592 -3.1664839e-05 0)
(0.29635789 -2.9595381e-05 0)
(0.29621028 -2.7659552e-05 0)
(0.2960724 -2.5849451e-05 0)
(0.29594361 -2.4158249e-05 0)
(0.29582331 -2.2578279e-05 0)
(0.29571093 -2.1100298e-05 0)
(0.29560597 -1.9716248e-05 0)
(0.29550792 -1.8421741e-05 0)
(0.29541633 -1.721466e-05 0)
(0.29533078 -1.6089557e-05 0)
(0.29525086 -1.5036737e-05 0)
(0.2951762 -1.404728e-05 0)
(0.29510647 -1.3120082e-05 0)
(0.29504133 -1.2257875e-05 0)
(0.29498048 -1.1459136e-05 0)
(0.29492363 -1.0712157e-05 0)
(0.29487053 -1.0006534e-05 0)
(0.29482094 -9.3403739e-06 0)
(0.29477461 -8.723054e-06 0)
(0.29473133 -8.1549279e-06 0)
(0.29469089 -7.6284665e-06 0)
(0.29465313 -7.1262963e-06 0)
(0.29461785 -6.6508423e-06 0)
(0.2945849 -6.2048452e-06 0)
(0.29455411 -5.802607e-06 0)
(0.29452536 -5.4262819e-06 0)
(0.29449849 -5.0767174e-06 0)
(0.29447341 -4.7320861e-06 0)
(0.29444996 -4.4210848e-06 0)
(0.29442808 -4.1225458e-06 0)
(0.29440761 -3.8659254e-06 0)
(0.29438852 -3.6044894e-06 0)
(0.29437066 -3.3758188e-06 0)
(0.29435397 -3.143925e-06 0)
(0.29433846 -2.9384066e-06 0)
(0.29432374 -2.7748966e-06 0)
(0.29431047 -2.5510681e-06 0)
(0.29429688 -2.5912842e-06 0)
(0.29428637 -2.0665716e-06 0)
(0.29426901 -2.9321784e-06 0)
)
;

boundaryField
{
    top
    {
        type            fixedValue;
        value           uniform (0 0 0);
    }
    bottom
    {
        type            fixedValue;
        value           uniform (0 0 0);
    }
    inlet
    {
        type            fixedValue;
        value           uniform (1 0 0);
    }
    outlet
    {
        type            zeroGradient;
    }
    front
    {
        type            empty;
    }
    back
    {
        type            empty;
    }
}


// ************************************************************************* //
