/*--------------------------------*- C++ -*----------------------------------*\
  =========                 |
  \\      /  F ield         | OpenFOAM: The Open Source CFD Toolbox
   \\    /   O peration     | Website:  https://openfoam.org
    \\  /    A nd           | Version:  13
     \\/     M anipulation  |
\*---------------------------------------------------------------------------*/
FoamFile
{
    format      ascii;
    class       volScalarField;
    location    "9";
    object      p;
}
// * * * * * * * * * * * * * * * * * * * * * * * * * * * * * * * * * * * * * //

dimensions      [0 2 -2 0 0 0 0];

internalField   nonuniform List<scalar> 
1000
(
1.6802272
1.5602289
1.4643543
1.4004867
1.35189
1.3092933
1.2714624
1.2387517
1.2106437
1.1860551
1.1639681
1.1436208
1.1244826
1.106197
1.0885325
1.0713445
1.0545449
1.0380799
1.0219159
1.0060298
0.99040423
0.9750241
0.95987568
0.94494571
0.93022131
0.91568993
0.90133949
0.88715837
0.87313556
0.85926067
0.84552391
0.83191615
0.81842885
0.80505403
0.79178428
0.77861268
0.76553277
0.75253856
0.73962444
0.72678518
0.71401589
0.70131203
0.68866934
0.67608385
0.66355184
0.65106985
0.63863462
0.62624313
0.61389253
0.60158017
0.58930357
0.5770604
0.5648485
0.55266584
0.54051052
0.52838075
0.51627487
0.50419133
0.49212866
0.48008552
0.46806063
0.4560528
0.44406093
0.432084
0.42012103
0.40817113
0.39623346
0.38430722
0.37239169
0.36048619
0.34859007
0.33670275
0.32482368
0.31295237
0.30108834
0.28923115
0.27738038
0.26553563
0.25369653
0.24186274
0.23003391
0.21820975
0.20638996
0.19457429
0.18276246
0.17095422
0.15914932
0.14734748
0.13554846
0.12375202
0.11195794
0.10016603
0.088376127
0.076588079
0.064801719
0.053016884
0.041233375
0.029451008
0.017669676
0.005889171
1.558487
1.503744
1.4425839
1.3907548
1.3477325
1.3094358
1.2744338
1.2429476
1.2150156
1.1901163
1.1675168
1.1465894
1.1268862
1.1081023
1.0900284
1.0725197
1.0554762
1.0388288
1.0225292
1.006542
0.99084019
0.97540157
0.96020726
0.94524041
0.93048563
0.91592867
0.90155626
0.887356
0.8733163
0.85942638
0.84567615
0.83205625
0.81855796
0.80517317
0.79189434
0.77871446
0.76562699
0.75262585
0.73970537
0.72686027
0.71408561
0.70137679
0.68872953
0.67613982
0.66360391
0.6511183
0.63867973
0.62628514
0.61393166
0.60161663
0.58933754
0.57709207
0.56487802
0.55269337
0.54053618
0.52840469
0.5162972
0.50421216
0.4921481
0.48010366
0.46807755
0.45606858
0.44407565
0.43209772
0.42013383
0.40818306
0.39624457
0.38431757
0.37240133
0.36049515
0.34859839
0.33671047
0.32483084
0.31295899
0.30109444
0.28923676
0.27738554
0.26554036
0.25370086
0.24186668
0.23003749
0.21821298
0.20639286
0.19457687
0.18276475
0.17095625
0.15915111
0.14734907
0.13554986
0.12375326
0.11195902
0.10016695
0.088376881
0.076588682
0.064802189
0.053017255
0.041233689
0.029451254
0.017669904
0.0058892441
1.4969715
1.4706148
1.4324593
1.391759
1.3532169
1.3172192
1.2834027
1.2519515
1.2231513
1.1969534
1.1730101
1.1508872
1.1301984
1.1106381
1.091972
1.0740222
1.0566552
1.0397722
1.0233006
1.0071865
0.9913893
0.97587736
0.96062518
0.94561142
0.93081766
0.91622763
0.90182666
0.88760142
0.87353968
0.85963015
0.84586241
0.8322268
0.81871437
0.80531683
0.79202648
0.77883615
0.76573919
0.75272942
0.73980107
0.72694879
0.71416756
0.70145272
0.68879994
0.67620514
0.66366455
0.65117464
0.63873209
0.62633382
0.61397695
0.60165877
0.58937677
0.5771286
0.56491204
0.55272506
0.54056571
0.52843221
0.51632286
0.50423609
0.49217042
0.48012448
0.46809697
0.4560867
0.44409255
0.43211348
0.42014852
0.40819676
0.39625735
0.38432949
0.37241244
0.36050551
0.34860805
0.33671947
0.3248392
0.31296676
0.30110165
0.28924344
0.27739171
0.26554607
0.25370613
0.24187154
0.23004196
0.21821707
0.2063966
0.19458026
0.18276781
0.170959
0.15915357
0.14735129
0.13555187
0.12375507
0.11196064
0.10016839
0.088378129
0.076589735
0.064803045
0.053017954
0.041234259
0.02945176
0.017670307
0.0058895219
1.4679556
1.4521098
1.4254567
1.3920966
1.3568567
1.3223466
1.2893577
1.2581823
1.2290914
1.2022216
1.1774731
1.1545758
1.1332086
1.1130775
1.0939428
1.0756166
1.0579529
1.040839
1.0241883
1.007935
0.9920285
0.97642976
0.96110766
0.94603672
0.93119547
0.9165654
0.90213024
0.88787546
0.87378795
0.85985578
0.846068
0.83241458
0.81888623
0.8054744
0.79217119
0.77896925
0.76586178
0.75284247
0.73990545
0.72704526
0.7142568
0.70153536
0.68887652
0.67627616
0.66373045
0.65123583
0.63878893
0.62638665
0.61402607
0.60170447
0.5894193
0.57716818
0.5649489
0.55275938
0.54059769
0.528462
0.51635063
0.50426198
0.49219457
0.480147
0.46811799
0.45610631
0.44411085
0.43213055
0.42016445
0.40821162
0.39627122
0.38434244
0.37242454
0.36051682
0.34861863
0.33672936
0.32484845
0.3129754
0.30110973
0.28925098
0.27739875
0.26555264
0.25371226
0.24187725
0.23004728
0.21822203
0.2064012
0.19458452
0.18277173
0.1709626
0.15915688
0.14735431
0.13555464
0.12375762
0.11196299
0.10017054
0.088380058
0.076591448
0.06480452
0.05301923
0.041235323
0.02945273
0.017671073
0.0058902434
1.4554079
1.4431658
1.4210926
1.3912888
1.3579257
1.3242951
1.2918386
1.2609783
1.2319296
1.2048672
1.1798092
1.1565821
1.134908
1.1145048
1.095135
1.0766108
1.0587847
1.0415401
1.0247849
1.0084479
0.99247398
0.97682038
0.9614531
0.94634446
0.93147131
0.91681391
0.90235505
0.88807953
0.87397372
0.86002529
0.84622299
0.83255654
0.81901646
0.80559405
0.79228125
0.77907061
0.76595523
0.75292872
0.73998513
0.72711893
0.71432498
0.7015985
0.68893503
0.67633042
0.66378081
0.65128258
0.63883236
0.62642702
0.6140636
0.60173937
0.58945177
0.5771984
0.56497704
0.55278558
0.54062209
0.52848474
0.51637182
0.50428173
0.49221299
0.48016418
0.46813401
0.45612126
0.4441248
0.43214358
0.4201766
0.40822297
0.39628181
0.38435234
0.3724338
0.36052548
0.34862673
0.33673695
0.32485557
0.31298207
0.30111598
0.28925685
0.27740425
0.26555779
0.25371709
0.24188178
0.23005152
0.218226
0.20640491
0.19458798
0.18277495
0.17096559
0.15915964
0.14735687
0.13555701
0.12375981
0.111965
0.10017239
0.088381743
0.076592968
0.064805852
0.053020411
0.041236319
0.029453654
0.017671816
0.0058909849
1.4554079
1.4431658
1.4210926
1.3912888
1.3579257
1.3242951
1.2918386
1.2609783
1.2319296
1.2048672
1.1798092
1.1565821
1.134908
1.1145048
1.095135
1.0766108
1.0587847
1.0415401
1.0247849
1.0084479
0.99247398
0.97682039
0.96145311
0.94634446
0.93147131
0.9168139
0.90235505
0.88807953
0.87397372
0.86002529
0.84622299
0.83255654
0.81901646
0.80559405
0.79228125
0.77907061
0.76595523
0.75292872
0.73998512
0.72711892
0.71432497
0.70159849
0.68893503
0.67633042
0.66378081
0.65128258
0.63883237
0.62642702
0.6140636
0.60173937
0.58945177
0.5771984
0.56497703
0.55278558
0.54062208
0.52848473
0.51637182
0.50428173
0.49221299
0.48016419
0.46813402
0.45612127
0.44412481
0.43214358
0.4201766
0.40822296
0.39628181
0.38435234
0.37243379
0.36052548
0.34862673
0.33673695
0.32485557
0.31298208
0.30111599
0.28925685
0.27740426
0.2655578
0.25371709
0.24188178
0.23005152
0.21822599
0.20640489
0.19458796
0.18277493
0.17096558
0.15915964
0.14735688
0.13555703
0.12375983
0.11196502
0.1001724
0.088381742
0.076592953
0.064805828
0.053020384
0.041236296
0.02945364
0.017671811
0.0058909846
1.4679556
1.4521098
1.4254567
1.3920966
1.3568567
1.3223466
1.2893577
1.2581823
1.2290914
1.2022216
1.1774731
1.1545758
1.1332086
1.1130775
1.0939428
1.0756166
1.0579529
1.040839
1.0241884
1.007935
0.99202851
0.97642977
0.96110767
0.94603672
0.93119547
0.91656539
0.90213023
0.88787545
0.87378795
0.85985578
0.84606801
0.83241458
0.81888624
0.80547441
0.79217119
0.77896925
0.76586178
0.75284247
0.73990544
0.72704525
0.7142568
0.70153535
0.68887651
0.67627616
0.66373046
0.65123583
0.63878894
0.62638666
0.61402608
0.60170447
0.5894193
0.57716817
0.56494889
0.55275937
0.54059767
0.52846199
0.51635063
0.50426199
0.49219458
0.48014702
0.468118
0.45610632
0.44411085
0.43213055
0.42016444
0.40821161
0.39627121
0.38434243
0.37242454
0.36051682
0.34861863
0.33672936
0.32484846
0.31297542
0.30110974
0.289251
0.27739878
0.26555266
0.25371228
0.24187726
0.23004727
0.218222
0.20640116
0.19458447
0.18277169
0.17096259
0.15915689
0.14735436
0.13555471
0.12375769
0.11196304
0.10017056
0.088380044
0.076591399
0.064804451
0.05301916
0.041235268
0.029452695
0.017671062
0.0058902444
1.4969715
1.4706148
1.4324593
1.391759
1.3532169
1.3172192
1.2834027
1.2519515
1.2231513
1.1969534
1.1730101
1.1508872
1.1301984
1.1106381
1.091972
1.0740222
1.0566552
1.0397722
1.0233006
1.0071865
0.99138931
0.97587736
0.96062518
0.94561141
0.93081765
0.91622761
0.90182665
0.88760141
0.87353968
0.85963015
0.84586242
0.83222681
0.81871439
0.80531684
0.79202648
0.77883615
0.76573918
0.75272941
0.73980106
0.72694877
0.71416754
0.70145271
0.68879993
0.67620515
0.66366456
0.65117465
0.63873211
0.62633384
0.61397696
0.60165877
0.58937676
0.57712858
0.56491202
0.55272503
0.54056569
0.5284322
0.51632286
0.5042361
0.49217044
0.4801245
0.46809699
0.45608671
0.44409256
0.43211347
0.42014851
0.40819674
0.39625733
0.38432948
0.37241243
0.36050551
0.34860806
0.33671948
0.32483922
0.31296678
0.30110168
0.28924347
0.27739175
0.2655461
0.25370615
0.24187154
0.23004193
0.21821702
0.20639653
0.1945802
0.18276777
0.170959
0.15915362
0.14735137
0.13555197
0.12375516
0.11196069
0.10016839
0.088378078
0.076589649
0.064802951
0.053017876
0.041234212
0.029451738
0.017670302
0.005889523
1.558487
1.503744
1.4425839
1.3907548
1.3477325
1.3094358
1.2744338
1.2429476
1.2150156
1.1901163
1.1675168
1.1465894
1.1268862
1.1081023
1.0900284
1.0725197
1.0554762
1.0388288
1.0225292
1.006542
0.9908402
0.97540157
0.96020726
0.9452404
0.93048561
0.91592866
0.90155625
0.88735599
0.87331631
0.85942639
0.84567616
0.83205626
0.81855797
0.80517318
0.79189435
0.77871446
0.76562698
0.75262584
0.73970536
0.72686025
0.7140856
0.70137679
0.68872953
0.67613983
0.66360392
0.65111832
0.63867975
0.62628515
0.61393166
0.60161662
0.58933753
0.57709205
0.564878
0.55269334
0.54053617
0.52840468
0.51629721
0.50421218
0.49214813
0.48010368
0.46807757
0.45606859
0.44407565
0.43209771
0.42013381
0.40818304
0.39624456
0.38431757
0.37240133
0.36049515
0.3485984
0.33671048
0.32483085
0.31295901
0.30109447
0.2892368
0.27738558
0.26554039
0.25370087
0.24186666
0.23003744
0.2182129
0.20639278
0.19457681
0.18276474
0.17095628
0.15915119
0.14734918
0.13554997
0.12375333
0.11195903
0.10016691
0.088376796
0.076588585
0.064802107
0.053017206
0.041233668
0.029451251
0.017669904
0.0058892432
1.6802272
1.5602289
1.4643543
1.4004867
1.35189
1.3092933
1.2714624
1.2387517
1.2106437
1.1860551
1.1639681
1.1436208
1.1244826
1.106197
1.0885325
1.0713445
1.0545449
1.0380799
1.0219159
1.0060299
0.99040424
0.9750241
0.95987567
0.9449457
0.93022129
0.91568992
0.90133948
0.88715837
0.87313557
0.85926068
0.84552392
0.83191616
0.81842886
0.80505404
0.79178428
0.77861267
0.76553277
0.75253855
0.73962443
0.72678516
0.71401588
0.70131203
0.68866934
0.67608386
0.66355186
0.65106986
0.63863464
0.62624314
0.61389253
0.60158016
0.58930355
0.57706038
0.56484848
0.55266582
0.54051051
0.52838075
0.51627488
0.50419135
0.49212869
0.48008554
0.46806064
0.4560528
0.44406093
0.43208398
0.42012101
0.40817112
0.39623345
0.38430722
0.37239169
0.36048619
0.34859007
0.33670276
0.3248237
0.3129524
0.30108838
0.28923119
0.27738041
0.26553565
0.25369653
0.2418627
0.23003385
0.21820967
0.20638989
0.19457425
0.18276246
0.17095428
0.15914941
0.14734758
0.13554855
0.12375206
0.11195793
0.10016598
0.088376047
0.076588002
0.064801662
0.053016851
0.04123336
0.029450998
0.017669668
0.0058891675
)
;

boundaryField
{
    top
    {
        type            zeroGradient;
    }
    bottom
    {
        type            zeroGradient;
    }
    inlet
    {
        type            zeroGradient;
    }
    outlet
    {
        type            fixedValue;
        value           uniform 0;
    }
    front
    {
        type            empty;
    }
    back
    {
        type            empty;
    }
}


// ************************************************************************* //
