/*--------------------------------*- C++ -*----------------------------------*\
  =========                 |
  \\      /  F ield         | OpenFOAM: The Open Source CFD Toolbox
   \\    /   O peration     | Website:  https://openfoam.org
    \\  /    A nd           | Version:  13
     \\/     M anipulation  |
\*---------------------------------------------------------------------------*/
FoamFile
{
    format      ascii;
    class       surfaceScalarField;
    location    "9";
    object      phi;
}
// * * * * * * * * * * * * * * * * * * * * * * * * * * * * * * * * * * * * * //

dimensions      [0 3 -1 0 0 0 0];

internalField   nonuniform List<scalar> 
1890
(
0.0093140727
0.00068592734
0.0082963401
0.0010177326
0.0073480839
0.00094825625
0.0065167791
0.00083130473
0.0058112103
0.00070556886
0.0052369127
0.00057429755
0.0047862484
0.00045066427
0.004441012
0.00034523641
0.0041802971
0.0002607149
0.0039843511
0.00019594606
0.0038366531
0.00014769798
0.003724003
0.00011265008
0.0036363473
8.7655671e-05
0.0035663586
6.9988767e-05
0.0035088729
5.7485616e-05
0.0034603388
4.853413e-05
0.0034183544
4.1984441e-05
0.0033813121
3.7042268e-05
0.0033481383
3.3173824e-05
0.003318109
3.0029286e-05
0.0032907249
2.738416e-05
0.0032656285
2.5096339e-05
0.0032425523
2.3076183e-05
0.0032212857
2.1266625e-05
0.0032016553
1.9630404e-05
0.0031835132
1.8142103e-05
0.0031667299
1.6783315e-05
0.0031511901
1.5539798e-05
0.0031367902
1.4399868e-05
0.0031234367
1.3353506e-05
0.0031110448
1.2391895e-05
0.0030995377
1.1507161e-05
0.0030888454
1.0692231e-05
0.0030789047
9.9407402e-06
0.0030696577
9.2469668e-06
0.0030610519
8.6057691e-06
0.0030530394
8.0125339e-06
0.0030455763
7.4631233e-06
0.0030386224
6.9538253e-06
0.0030321411
6.4813072e-06
0.0030260986
6.0425712e-06
0.0030204637
5.6349159e-06
0.0030152078
5.2559004e-06
0.0030103045
4.9033135e-06
0.0030057293
4.575147e-06
0.0030014597
4.2695723e-06
0.0029974748
3.9849214e-06
0.0029937551
3.7196689e-06
0.0029902827
3.4724176e-06
0.0029870408
3.2418846e-06
0.0029840139
3.0268894e-06
0.0029811876
2.8263435e-06
0.0029785483
2.639241e-06
0.0029760837
2.4646509e-06
0.002973782
2.3017105e-06
0.0029716324
2.14962e-06
0.0029696247
2.0076373e-06
0.0029677497
1.875074e-06
0.0029659984
1.7512899e-06
0.0029643627
1.6356899e-06
0.002962835
1.5277178e-06
0.0029614081
1.4268534e-06
0.0029600755
1.332608e-06
0.002958831
1.2445211e-06
0.0029576688
1.1621596e-06
0.0029565837
1.0851147e-06
0.0029555707
1.0130033e-06
0.0029546252
9.4546571e-07
0.0029537431
8.8216661e-07
0.0029529203
8.2279305e-07
0.0029521533
7.6705435e-07
0.0029514386
7.1467885e-07
0.0029507732
6.6541487e-07
0.0029501541
6.1902612e-07
0.0029495788
5.7529665e-07
0.0029490448
5.3402474e-07
0.0029485498
4.9503288e-07
0.0029480916
4.5815983e-07
0.0029476684
4.2327253e-07
0.0029472781
3.9025396e-07
0.0029469191
3.5901565e-07
0.0029465896
3.2947447e-07
0.002946288
3.0157534e-07
0.0029460127
2.7524559e-07
0.0029457622
2.5045174e-07
0.0029455351
2.2711163e-07
0.0029453299
2.0522223e-07
0.0029451453
1.8468246e-07
0.0029449798
1.6555871e-07
0.0029448321
1.4770298e-07
0.0029447008
1.3130618e-07
0.0029445846
1.1607517e-07
0.0029444821
1.0239666e-07
0.0029443923
8.9645023e-08
0.0029443137
7.8548177e-08
0.0029442458
6.7946745e-08
0.0029441866
5.9201655e-08
0.0029441362
5.0542582e-08
0.0029440922
4.3968136e-08
3.6876174e-08
0.010341662
0.00034426525
0.010578184
0.00078121018
0.010615671
0.00091076959
0.010553945
0.0008930309
0.010425822
0.00083369229
0.010248587
0.0007515321
0.010044962
0.0006542893
0.0098354604
0.00055473799
0.0096327827
0.00046339255
0.0094437308
0.000384998
0.0092713466
0.0003200822
0.009116574
0.00026742266
0.0089789731
0.00022525659
0.0088572402
0.00019172159
0.0087496634
0.00016506247
0.0086544455
0.00014375197
0.0085698899
0.00012654002
0.0084944844
0.00011244778
0.0084269262
0.00010073204
0.0083661157
9.0839871e-05
0.0083111354
8.2364448e-05
0.0082612243
7.5007425e-05
0.0082157512
6.8549261e-05
0.0081741908
6.2827015e-05
0.0081361031
5.7718122e-05
0.0081011164
5.3128766e-05
0.0080689141
4.8985633e-05
0.0080392237
4.5230185e-05
0.0080118089
4.1814703e-05
0.0079864628
3.8699572e-05
0.0079630033
3.5851404e-05
0.0079412688
3.3241708e-05
0.0079211151
3.0845935e-05
0.0079024131
2.8642762e-05
0.0078850465
2.6613554e-05
0.0078689103
2.4741941e-05
0.0078539093
2.3013473e-05
0.0078399571
2.1415351e-05
0.0078269747
1.9936194e-05
0.0078148902
1.8565849e-05
0.0078036375
1.7295227e-05
0.0077931563
1.6116168e-05
0.0077833909
1.5021321e-05
0.0077742901
1.4004041e-05
0.007765807
1.3058311e-05
0.0077578979
1.217866e-05
0.0077505227
1.1360106e-05
0.0077436443
1.0598104e-05
0.0077372282
9.8884949e-06
0.0077312426
9.2274663e-06
0.007725658
8.6115191e-06
0.0077204469
8.0374333e-06
0.0077155839
7.5022413e-06
0.0077110453
7.0032028e-06
0.0077068092
6.537784e-06
0.0077028552
6.1036392e-06
0.0076991643
5.6985946e-06
0.0076957187
5.320634e-06
0.0076925021
4.967886e-06
0.0076894992
4.6386102e-06
0.0076866958
4.3311865e-06
0.0076840785
4.0441024e-06
0.0076816352
3.7759429e-06
0.0076793543
3.5253816e-06
0.0076772252
3.2911724e-06
0.0076752382
3.0721452e-06
0.007673384
2.8672004e-06
0.0076716541
2.6753079e-06
0.0076700408
2.4955032e-06
0.0076685368
2.3268878e-06
0.0076671352
2.1686242e-06
0.00766583
2.0199366e-06
0.0076646153
1.8801048e-06
0.0076634859
1.7484658e-06
0.0076624367
1.6244082e-06
0.0076614633
1.5073756e-06
0.0076605615
1.3968644e-06
0.0076597272
1.2924266e-06
0.0076589569
1.1936732e-06
0.0076582469
1.1002657e-06
0.0076575941
1.0119313e-06
0.0076569952
9.2842591e-07
0.0076564472
8.4957586e-07
0.0076559472
7.7518894e-07
0.0076554924
7.0516788e-07
0.0076550801
6.3931317e-07
0.0076547077
5.7761379e-07
0.0076543726
5.197974e-07
0.0076540723
4.6602161e-07
0.0076538043
4.1583044e-07
0.007653566
3.6973049e-07
0.0076533553
3.2680488e-07
0.0076531693
2.88265e-07
0.0076530066
2.5208355e-07
0.0076528639
2.2099737e-07
0.0076527412
1.9046964e-07
0.0076526335
1.6690456e-07
0.0076525442
1.4005845e-07
0.0076524628
1.2551309e-07
9.8677587e-08
0.010181464
0.00016280099
0.010521798
0.00044087647
0.010842482
0.00059008571
0.011112769
0.00062274377
0.01133602
0.00061044159
0.011508579
0.00057897246
0.011630744
0.0005321246
0.011709907
0.00047557512
0.011755697
0.00041760214
0.011776644
0.00036405133
0.011779503
0.0003172236
0.011769652
0.00027727349
0.01175133
0.00024357852
0.011727726
0.00021532526
0.011701127
0.00019166164
0.011673116
0.00017176286
0.011644765
0.00015489118
0.011616781
0.00014043212
0.011589614
0.00012789905
0.011563536
0.00011691718
0.0115387
0.00010720077
0.011515175
9.8531952e-05
0.011492981
9.0743668e-05
0.011472102
8.3706545e-05
0.011452501
7.7319024e-05
0.011434129
7.1499981e-05
0.011416932
6.6183327e-05
0.011400848
6.1314146e-05
0.011385816
5.6845985e-05
0.011371777
5.2738953e-05
0.01135867
4.8958383e-05
0.011346438
4.5473862e-05
0.011335025
4.2258513e-05
0.01132438
3.9288448e-05
0.011314451
3.6542342e-05
0.011305192
3.4001087e-05
0.011296558
3.1647508e-05
0.011288507
2.9466135e-05
0.011281
2.7442991e-05
0.011274001
2.556543e-05
0.011267474
2.382198e-05
0.011261388
2.2202219e-05
0.011255712
2.0696654e-05
0.01125042
1.9296629e-05
0.011245484
1.7994228e-05
0.01124088
1.6782209e-05
0.011236587
1.5653926e-05
0.011232581
1.4603281e-05
0.011228845
1.3624665e-05
0.01122536
1.2712912e-05
0.011222108
1.1863265e-05
0.011219074
1.1071329e-05
0.011216243
1.0333047e-05
0.011213602
9.6446603e-06
0.011211137
9.0026914e-06
0.011208837
8.4039134e-06
0.01120669
7.8453325e-06
0.011204686
7.3241681e-06
0.011202816
6.8378363e-06
0.011201071
6.3839338e-06
0.011199442
5.9602222e-06
0.011197922
5.564614e-06
0.011196502
5.1951579e-06
0.011195178
4.8500275e-06
0.011193941
4.5275094e-06
0.011192787
4.2259953e-06
0.011191711
3.9439753e-06
0.011190706
3.6800324e-06
0.011189769
3.4328403e-06
0.011188894
3.2011587e-06
0.011188079
2.9838328e-06
0.011187319
2.7797885e-06
0.011186611
2.5880314e-06
0.011185952
2.4076417e-06
0.011185339
2.2377753e-06
0.011184769
2.0776558e-06
0.011184239
1.9265842e-06
0.011183747
1.783924e-06
0.011183292
1.649124e-06
0.011182871
1.521687e-06
0.011182481
1.4012118e-06
0.011182123
1.2873252e-06
0.011181792
1.179768e-06
0.011181489
1.0782428e-06
0.011181212
9.8262113e-07
0.011180958
8.9259576e-07
0.011180728
8.0819429e-07
0.011180519
7.2897267e-07
0.011180329
6.5524754e-07
0.011180159
5.8620427e-07
0.011180006
5.2280173e-07
0.01117987
4.6330547e-07
0.011179748
4.1012644e-07
0.011179641
3.5929466e-07
0.011179545
3.1653003e-07
0.011179463
2.7266476e-07
0.011179388
2.409894e-07
0.011179327
2.0088121e-07
0.011179271
1.8247635e-07
1.4269187e-07
0.010094914
6.788746e-05
0.010340233
0.00019555688
0.01065185
0.00027846872
0.010969203
0.00030539077
0.011273712
0.00030593223
0.01155641
0.00029627538
0.011809194
0.00027934034
0.012028326
0.00025644286
0.012214936
0.00023099242
0.012372692
0.00020629519
0.012505836
0.00018407978
0.012618428
0.00016468134
0.012714101
0.00014790567
0.012795956
0.00013346964
0.012866554
0.00012106424
0.01292795
0.00011036699
0.012981772
0.00010106929
0.0130293
9.2903869e-05
0.013071543
8.5655969e-05
0.0131093
7.915984e-05
0.013143212
7.3289226e-05
0.013173796
6.7947844e-05
0.013201478
6.306177e-05
0.013226611
5.8573647e-05
0.013249491
5.443827e-05
0.013270372
5.061924e-05
0.013289469
4.7086504e-05
0.013306968
4.381462e-05
0.013323033
4.0781561e-05
0.013337804
3.7967912e-05
0.013351406
3.5356331e-05
0.013363949
3.2931167e-05
0.013375529
3.0678201e-05
0.013386233
2.8584451e-05
0.013396137
2.6638023e-05
0.01340531
2.4827996e-05
0.013413814
2.314433e-05
0.013421702
2.1577778e-05
0.013429025
2.0119823e-05
0.013435828
1.876261e-05
0.013442151
1.7498894e-05
0.013448031
1.6321985e-05
0.013453502
1.5225704e-05
0.013458595
1.4204339e-05
0.013463336
1.3252605e-05
0.013467753
1.2365614e-05
0.013471868
1.1538837e-05
0.013475703
1.0768075e-05
0.013479278
1.0049441e-05
0.013482612
9.3793247e-06
0.013485721
8.7543801e-06
0.013488621
8.1714987e-06
0.013491326
7.6277938e-06
0.01349385
7.1205817e-06
0.013496205
6.6473663e-06
0.013498403
6.205825e-06
0.013500455
5.7937949e-06
0.01350237
5.4092625e-06
0.013504157
5.0503514e-06
0.013505826
4.715313e-06
0.013507384
4.4025163e-06
0.013508838
4.1104372e-06
0.013510195
3.837651e-06
0.013511462
3.5828218e-06
0.013512645
3.3446968e-06
0.013513749
3.1220991e-06
0.013514779
2.9139229e-06
0.01351574
2.7191309e-06
0.013516636
2.5367496e-06
0.013517471
2.3658695e-06
0.01351825
2.2056406e-06
0.013518974
2.0552724e-06
0.013519648
1.9140307e-06
0.013520275
1.7812374e-06
0.013520856
1.6562644e-06
0.013521395
1.5385383e-06
0.013521894
1.4275337e-06
0.013522355
1.3227777e-06
0.013522781
1.2238492e-06
0.013523172
1.1303716e-06
0.013523531
1.042032e-06
0.01352386
9.585373e-07
0.01352416
8.7968085e-07
0.013524433
8.0522179e-07
0.013524681
7.3506009e-07
0.013524904
6.689435e-07
0.013525105
6.0691518e-07
0.013525286
5.4859338e-07
0.013525447
4.9429945e-07
0.01352559
4.4327967e-07
0.013525716
3.9648121e-07
0.013525828
3.5224124e-07
0.013525925
3.129197e-07
0.01352601
2.7471611e-07
0.013526083
2.4315332e-07
0.013526145
2.0962998e-07
0.0135262
1.8651898e-07
0.013526245
1.5519635e-07
0.013526286
1.4205612e-07
1.1156693e-07
0.010067887
8.243743e-13
0.010263444
1.3404242e-12
0.010541913
1.8087681e-12
0.010847304
2.1606429e-12
0.011153236
1.9768602e-12
0.011449511
8.2680022e-13
0.011728852
-9.3827232e-13
0.011985295
-2.7602155e-12
0.012216287
-4.0310244e-12
0.012422582
-4.1766815e-12
0.012606662
-3.0485416e-12
0.012771343
-7.2638442e-13
0.012919249
2.0525448e-12
0.013052719
4.4082123e-12
0.013173783
5.8543506e-12
0.01328415
5.914022e-12
0.013385219
4.3443967e-12
0.013478123
1.4309544e-12
0.013563779
-2.0186387e-12
0.013642939
-4.6873495e-12
0.013716228
-6.3036039e-12
0.013784176
-6.1891216e-12
0.013847238
-4.4034861e-12
0.013905811
-5.9188517e-13
0.01396025
3.6200842e-12
0.014010869
7.2567418e-12
0.014057955
9.7996823e-12
0.01410177
1.0693132e-11
0.014142551
9.4860846e-12
0.014180519
6.6469001e-12
0.014215876
3.2158248e-12
0.014248807
2.3326218e-13
0.014279485
-1.9859563e-12
0.01430807
-2.4004174e-12
0.014334708
-1.0242611e-12
0.014359536
2.1387284e-12
0.01438268
6.0712912e-12
0.014404258
1.0566066e-11
0.014424377
1.4926671e-11
0.01444314
1.8723408e-11
0.014460639
2.1672299e-11
0.014476961
2.3541585e-11
0.014492187
2.4398677e-11
0.014506391
2.4204675e-11
0.014519643
2.3324075e-11
0.014532009
2.2197907e-11
0.014543548
2.1430139e-11
0.014554316
2.2055815e-11
0.014564365
2.4562208e-11
0.014573745
2.9852413e-11
0.014582499
3.7593273e-11
0.01459067
4.7436866e-11
0.014598298
5.8032336e-11
0.014605419
6.7880007e-11
0.014612066
7.5647436e-11
0.014618272
8.0106743e-11
0.014624065
8.1085417e-11
0.014629475
7.9173109e-11
0.014634525
7.5631435e-11
0.01463924
7.2523933e-11
0.014643643
7.0951667e-11
0.014647753
7.2199466e-11
0.014651591
7.5858601e-11
0.014655173
8.0822102e-11
0.014658518
8.5390498e-11
0.01466164
8.6908127e-11
0.014664554
8.4418303e-11
0.014667273
7.6628699e-11
0.014669809
6.4313078e-11
0.014672175
4.7342712e-11
0.014674381
2.9232216e-11
0.014676436
7.2607562e-12
0.01467835
-1.4997711e-11
0.014680131
-3.8856477e-11
0.014681788
-6.3028432e-11
0.014683326
-8.9954864e-11
0.014684754
-1.1642296e-10
0.014686077
-1.427618e-10
0.014687301
-1.6406848e-10
0.014688431
-1.7884094e-10
0.014689474
-1.8319293e-10
0.014690432
-1.7944484e-10
0.014691312
-1.6763929e-10
0.014692118
-1.5624005e-10
0.014692853
-1.4667593e-10
0.014693522
-1.4850032e-10
0.014694129
-1.5878022e-10
0.014694677
-1.7531143e-10
0.014695172
-1.9052399e-10
0.014695615
-1.9739738e-10
0.014696012
-1.8541613e-10
0.014696365
-1.5194408e-10
0.014696678
-9.8552107e-11
0.014696953
-3.6289509e-11
0.014697196
2.3926778e-11
0.014697405
6.8409462e-11
0.014697592
9.9405664e-11
0.014697746
1.0531746e-10
0.014697889
1.0011152e-10
9.9632166e-11
0.010067887
-6.7887458e-05
0.010263444
-0.00019555688
0.010541913
-0.00027846872
0.010847304
-0.00030539076
0.011153236
-0.00030593222
0.011449511
-0.00029627538
0.011728852
-0.00027934034
0.011985295
-0.00025644287
0.012216287
-0.00023099243
0.012422582
-0.00020629519
0.012606662
-0.00018407978
0.012771343
-0.00016468134
0.012919249
-0.00014790566
0.013052719
-0.00013346963
0.013173783
-0.00012106423
0.01328415
-0.00011036698
0.013385219
-0.00010106928
0.013478123
-9.2903868e-05
0.013563779
-8.5655975e-05
0.013642939
-7.915985e-05
0.013716228
-7.3289238e-05
0.013784176
-6.7947855e-05
0.013847238
-6.3061776e-05
0.013905811
-5.8573645e-05
0.01396025
-5.4438261e-05
0.014010869
-5.0619224e-05
0.014057955
-4.7086485e-05
0.01410177
-4.3814601e-05
0.014142551
-4.0781545e-05
0.014180519
-3.7967902e-05
0.014215876
-3.5356327e-05
0.014248807
-3.2931168e-05
0.014279485
-3.0678206e-05
0.01430807
-2.8584455e-05
0.014334708
-2.6638023e-05
0.014359536
-2.482799e-05
0.01438268
-2.3144316e-05
0.014404258
-2.1577756e-05
0.014424377
-2.0119793e-05
0.01444314
-1.8762575e-05
0.014460639
-1.7498854e-05
0.014476961
-1.6321942e-05
0.014492187
-1.522566e-05
0.014506391
-1.4204296e-05
0.014519643
-1.3252565e-05
0.014532009
-1.2365576e-05
0.014543548
-1.1538799e-05
0.014554316
-1.0768035e-05
0.014564365
-1.0049394e-05
0.014573745
-9.3792669e-06
0.014582499
-8.7543067e-06
0.014590671
-8.1714068e-06
0.014598298
-7.6276833e-06
0.014605419
-7.1204549e-06
0.014612066
-6.647228e-06
0.014618272
-6.2056813e-06
0.014624066
-5.7936517e-06
0.014629475
-5.409124e-06
0.014634525
-5.0502189e-06
0.01463924
-4.7151847e-06
0.014643643
-4.402388e-06
0.014647753
-4.110304e-06
0.014651591
-3.8375089e-06
0.014655174
-3.5826697e-06
0.014658518
-3.3445373e-06
0.01466164
-3.1219383e-06
0.014664554
-2.9137691e-06
0.014667273
-2.7189933e-06
0.01466981
-2.5366358e-06
0.014672175
-2.365786e-06
0.014674381
-2.2055907e-06
0.014676436
-2.0552602e-06
0.01467835
-1.9140578e-06
0.014680132
-1.7813071e-06
0.014681788
-1.6563793e-06
0.014683327
-1.5387025e-06
0.014684754
-1.4277469e-06
0.014686077
-1.323037e-06
0.014687301
-1.2241438e-06
0.014688431
-1.1306874e-06
0.014689474
-1.0423507e-06
0.014690432
-9.5884476e-07
0.014691312
-8.7996849e-07
0.014692118
-8.0549285e-07
0.014692853
-7.353259e-07
0.014693522
-6.6922357e-07
0.014694129
-6.0722318e-07
0.014694677
-5.4893586e-07
0.014695172
-4.9466399e-07
0.014695615
-4.4364301e-07
0.014696012
-3.9680502e-07
0.014696365
-3.5248991e-07
0.014696678
-3.1306581e-07
0.014696953
-2.7475578e-07
0.014697196
-2.4309699e-07
0.014697405
-2.0950825e-07
0.014697591
-1.8636966e-07
0.014697746
-1.5502583e-07
0.014697888
-1.4188193e-07
-1.1139743e-07
0.010094914
-0.00016280099
0.010340233
-0.00044087646
0.01065185
-0.0005900857
0.010969203
-0.00062274377
0.011273712
-0.00061044159
0.01155641
-0.00057897246
0.011809194
-0.00053212461
0.012028326
-0.00047557512
0.012214936
-0.00041760215
0.012372692
-0.00036405133
0.012505836
-0.0003172236
0.012618428
-0.00027727349
0.012714101
-0.00024357851
0.012795956
-0.00021532525
0.012866554
-0.00019166163
0.01292795
-0.00017176286
0.012981772
-0.00015489118
0.0130293
-0.00014043212
0.013071543
-0.00012789906
0.0131093
-0.00011691719
0.013143212
-0.00010720078
0.013173796
-9.8531957e-05
0.013201478
-9.0743666e-05
0.013226611
-8.3706536e-05
0.013249491
-7.731901e-05
0.013270372
-7.1499966e-05
0.013289469
-6.6183313e-05
0.013306968
-6.1314136e-05
0.013323033
-5.684598e-05
0.013337804
-5.2738953e-05
0.013351406
-4.8958386e-05
0.013363949
-4.5473866e-05
0.013375529
-4.2258515e-05
0.013386233
-3.9288447e-05
0.013396137
-3.6542336e-05
0.01340531
-3.4001075e-05
0.013413814
-3.1647492e-05
0.013421702
-2.9466113e-05
0.013429025
-2.7442966e-05
0.013435828
-2.5565402e-05
0.013442151
-2.3821951e-05
0.013448031
-2.2202189e-05
0.013453502
-2.0696626e-05
0.013458595
-1.9296602e-05
0.013463336
-1.7994203e-05
0.013467753
-1.6782184e-05
0.013471868
-1.56539e-05
0.013475703
-1.460325e-05
0.013479278
-1.3624624e-05
0.013482612
-1.271286e-05
0.013485721
-1.1863198e-05
0.013488621
-1.1071249e-05
0.013491326
-1.0332955e-05
0.01349385
-9.6445628e-06
0.013496205
-9.0025927e-06
0.013498404
-8.4038176e-06
0.013500455
-7.8452422e-06
0.01350237
-7.3240826e-06
0.013504158
-6.8377527e-06
0.013505826
-6.3838477e-06
0.013507384
-5.9601289e-06
0.013508838
-5.5645108e-06
0.013510196
-5.1950448e-06
0.013511463
-4.8499077e-06
0.013512646
-4.5273892e-06
0.01351375
-4.2258813e-06
0.01351478
-3.943875e-06
0.013515741
-3.6799497e-06
0.013516637
-3.4327789e-06
0.013517472
-3.2011179e-06
0.01351825
-2.9838144e-06
0.013518975
-2.7797917e-06
0.013519649
-2.5880622e-06
0.013520275
-2.4077018e-06
0.013520857
-2.2378733e-06
0.013521396
-2.0777905e-06
0.013521895
-1.9267574e-06
0.013522356
-1.7841244e-06
0.013522781
-1.6493412e-06
0.013523172
-1.5219033e-06
0.013523532
-1.4014175e-06
0.01352386
-1.2875125e-06
0.01352416
-1.1799465e-06
0.013524433
-1.0784222e-06
0.013524681
-9.8282583e-07
0.013524904
-8.9283484e-07
0.013525105
-8.0847461e-07
0.013525285
-7.2927675e-07
0.013525446
-6.5554706e-07
0.013525589
-5.8646232e-07
0.013525716
-5.2298559e-07
0.013525827
-4.6340023e-07
0.013525924
-4.10138e-07
0.013526009
-3.5924959e-07
0.013526082
-3.1646318e-07
0.013526145
-2.726029e-07
0.013526199
-2.4094084e-07
0.013526245
-2.0083973e-07
0.013526285
-1.8240669e-07
-1.4258384e-07
0.010181464
-0.00034426524
0.010521798
-0.00078121018
0.010842482
-0.00091076958
0.011112769
-0.0008930309
0.01133602
-0.00083369229
0.011508579
-0.0007515321
0.011630744
-0.00065428931
0.011709907
-0.000554738
0.011755697
-0.00046339255
0.011776644
-0.000384998
0.011779503
-0.0003200822
0.011769652
-0.00026742266
0.01175133
-0.00022525658
0.011727726
-0.00019172159
0.011701127
-0.00016506247
0.011673116
-0.00014375197
0.011644765
-0.00012654003
0.011616781
-0.00011244779
0.011589614
-0.00010073205
0.011563536
-9.0839877e-05
0.0115387
-8.2364449e-05
0.011515175
-7.5007419e-05
0.011492981
-6.8549251e-05
0.011472102
-6.2827002e-05
0.011452501
-5.7718111e-05
0.011434129
-5.3128757e-05
0.011416932
-4.898563e-05
0.011400848
-4.5230187e-05
0.011385816
-4.1814709e-05
0.011371777
-3.8699579e-05
0.01135867
-3.585141e-05
0.011346438
-3.3241711e-05
0.011335025
-3.0845932e-05
0.01132438
-2.8642755e-05
0.011314451
-2.6613544e-05
0.011305192
-2.4741927e-05
0.011296558
-2.3013458e-05
0.011288507
-2.1415335e-05
0.011281
-1.9936178e-05
0.011274001
-1.8565834e-05
0.011267474
-1.7295214e-05
0.011261388
-1.6116157e-05
0.011255712
-1.5021311e-05
0.01125042
-1.4004033e-05
0.011245484
-1.3058302e-05
0.01124088
-1.2178649e-05
0.011236587
-1.1360091e-05
0.011232582
-1.0598082e-05
0.011228845
-9.8884629e-06
0.01122536
-9.2274246e-06
0.011222108
-8.6114693e-06
0.011219074
-8.0373792e-06
0.011216244
-7.5021874e-06
0.011213602
-7.0031535e-06
0.011211137
-6.5377419e-06
0.011208837
-6.1036044e-06
0.01120669
-5.6985645e-06
0.011204687
-5.3206041e-06
0.011202817
-4.9678508e-06
0.011201072
-4.6385657e-06
0.011199443
-4.3311309e-06
0.011197922
-4.0440373e-06
0.011196503
-3.775873e-06
0.011195179
-3.5253133e-06
0.011193942
-3.2911123e-06
0.011192788
-3.0720977e-06
0.011191712
-2.8671675e-06
0.011190707
-2.6752882e-06
0.01118977
-2.4954943e-06
0.011188895
-2.3268863e-06
0.01118808
-2.16863e-06
0.01118732
-2.0199514e-06
0.011186612
-1.8801345e-06
0.011185953
-1.7485149e-06
0.01118534
-1.6244812e-06
0.011184769
-1.5074701e-06
0.01118424
-1.3969751e-06
0.011183748
-1.2925405e-06
0.011183292
-1.1937797e-06
0.011182871
-1.1003554e-06
0.011182482
-1.0120053e-06
0.011182123
-9.2849286e-07
0.011181792
-8.4965414e-07
0.011181489
-7.7529666e-07
0.011181212
-7.0531844e-07
0.011180958
-6.3950364e-07
0.011180727
-5.7782672e-07
0.011180518
-5.1999941e-07
0.011180329
-4.661775e-07
0.011180159
-4.1591351e-07
0.011180006
-3.6973496e-07
0.011179869
-3.2675133e-07
0.011179748
-2.881901e-07
0.01117964
-2.5202902e-07
0.011179544
-2.2098714e-07
0.011179462
-1.9050259e-07
0.011179387
-1.6694552e-07
0.011179327
-1.4007814e-07
0.01117927
-1.2550835e-07
-9.8629573e-08
0.010341662
-0.00068592734
0.010578184
-0.0010177326
0.010615671
-0.00094825624
0.010553945
-0.00083130473
0.010425822
-0.00070556886
0.010248587
-0.00057429755
0.010044962
-0.00045066427
0.0098354604
-0.00034523642
0.0096327827
-0.00026071489
0.0094437308
-0.00019594606
0.0092713466
-0.00014769798
0.009116574
-0.00011265008
0.0089789731
-8.765567e-05
0.0088572402
-6.998877e-05
0.0087496634
-5.7485621e-05
0.0086544455
-4.8534136e-05
0.0085698899
-4.1984447e-05
0.0084944844
-3.7042272e-05
0.0084269262
-3.3173824e-05
0.0083661157
-3.0029283e-05
0.0083111354
-2.7384154e-05
0.0082612243
-2.5096332e-05
0.0082157512
-2.3076177e-05
0.0081741908
-2.1266621e-05
0.0081361031
-1.9630403e-05
0.0081011164
-1.8142105e-05
0.0080689141
-1.6783319e-05
0.0080392237
-1.5539804e-05
0.0080118089
-1.4399872e-05
0.0079864628
-1.3353508e-05
0.0079630033
-1.2391895e-05
0.0079412688
-1.1507158e-05
0.0079211151
-1.0692226e-05
0.0079024131
-9.9407341e-06
0.0078850465
-9.2469605e-06
0.0078689103
-8.6057631e-06
0.0078539094
-8.0125286e-06
0.0078399571
-7.4631188e-06
0.0078269748
-6.9538219e-06
0.0078148902
-6.4813048e-06
0.0078036376
-6.0425701e-06
0.0077931564
-5.6349162e-06
0.0077833909
-5.2559015e-06
0.0077742902
-4.9033145e-06
0.0077658071
-4.5751463e-06
0.007757898
-4.2695684e-06
0.0077505229
-3.9849129e-06
0.0077436444
-3.7196554e-06
0.0077372284
-3.4724e-06
0.0077312428
-3.2418646e-06
0.0077256582
-3.0268701e-06
0.0077204472
-2.8263276e-06
0.0077155842
-2.6392305e-06
0.0077110456
-2.4646463e-06
0.0077068095
-2.3017103e-06
0.0077028555
-2.1496215e-06
0.0076991646
-2.0076367e-06
0.0076957191
-1.875068e-06
0.0076925026
-1.7512768e-06
0.0076894998
-1.6356697e-06
0.0076866963
-1.5276929e-06
0.0076840791
-1.4268274e-06
0.0076816358
-1.3325847e-06
0.0076793549
-1.2445038e-06
0.0076772259
-1.1621489e-06
0.0076752389
-1.0851103e-06
0.0076733847
-1.0130019e-06
0.0076716548
-9.4546539e-07
0.0076700415
-8.821644e-07
0.0076685375
-8.2279027e-07
0.0076671359
-7.6705189e-07
0.0076658307
-7.1468204e-07
0.0076646159
-6.6542476e-07
0.0076634864
-6.1904644e-07
0.0076624372
-5.7532211e-07
0.0076614638
-5.3405302e-07
0.0076605619
-4.950537e-07
0.0076597276
-4.5817035e-07
0.0076589572
-4.2326886e-07
0.0076582472
-3.9024312e-07
0.0076575942
-3.5900589e-07
0.0076569952
-3.2948183e-07
0.007656447
-3.0160746e-07
0.0076559469
-2.7531014e-07
0.007655492
-2.5053645e-07
0.0076550796
-2.2720323e-07
0.0076547071
-2.0529381e-07
0.0076543721
-1.8471663e-07
0.0076540718
-1.6554587e-07
0.0076538038
-1.4765117e-07
0.0076535655
-1.3123922e-07
0.0076533548
-1.1602227e-07
0.0076531687
-1.023807e-07
0.007653006
-8.9671819e-08
0.0076528633
-7.8601251e-08
0.0076527406
-6.799828e-08
0.0076526329
-5.9233544e-08
0.0076525436
-5.0535775e-08
0.0076524623
-4.3949737e-08
-3.6860113e-08
0.0093140727
0.0082963401
0.0073480838
0.0065167791
0.0058112102
0.0052369127
0.0047862484
0.004441012
0.0041802972
0.0039843511
0.0038366531
0.003724003
0.0036363473
0.0035663586
0.0035088729
0.0034603388
0.0034183544
0.0033813121
0.0033481383
0.003318109
0.0032907249
0.0032656285
0.0032425523
0.0032212857
0.0032016553
0.0031835132
0.0031667299
0.0031511901
0.0031367902
0.0031234367
0.0031110448
0.0030995377
0.0030888454
0.0030789047
0.0030696577
0.003061052
0.0030530394
0.0030455763
0.0030386225
0.0030321412
0.0030260986
0.0030204637
0.0030152078
0.0030103045
0.0030057293
0.0030014598
0.0029974749
0.0029937552
0.0029902828
0.002987041
0.0029840141
0.0029811877
0.0029785485
0.0029760838
0.0029737821
0.0029716325
0.0029696249
0.0029677498
0.0029659986
0.0029643629
0.0029628352
0.0029614084
0.0029600757
0.0029588312
0.002957669
0.0029565839
0.0029555709
0.0029546255
0.0029537433
0.0029529206
0.0029521535
0.0029514388
0.0029507734
0.0029501543
0.002949579
0.0029490449
0.0029485499
0.0029480918
0.0029476685
0.0029472783
0.0029469192
0.0029465896
0.002946288
0.0029460126
0.002945762
0.0029455349
0.0029453297
0.0029451451
0.0029449797
0.002944832
0.0029447007
0.0029445845
0.0029444819
0.0029443921
0.0029443134
0.0029442455
0.0029441864
0.002944136
0.002944092
)
;

boundaryField
{
    top
    {
        type            calculated;
        value           uniform 0;
    }
    bottom
    {
        type            calculated;
        value           uniform 0;
    }
    inlet
    {
        type            calculated;
        value           nonuniform List<scalar> 10(-0.01 -0.01 -0.01 -0.01 -0.01 -0.01 -0.01 -0.01 -0.01 -0.01);
    }
    outlet
    {
        type            calculated;
        value           nonuniform List<scalar> 10(0.0029440553 0.007652401 0.011179227 0.013526317 0.014698 0.014698 0.013526317 0.011179226 0.0076524005 0.0029440551);
    }
    front
    {
        type            empty;
    }
    back
    {
        type            empty;
    }
}


// ************************************************************************* //
