/*--------------------------------*- C++ -*----------------------------------*\
  =========                 |
  \\      /  F ield         | OpenFOAM: The Open Source CFD Toolbox
   \\    /   O peration     | Website:  https://openfoam.org
    \\  /    A nd           | Version:  13
     \\/     M anipulation  |
\*---------------------------------------------------------------------------*/
FoamFile
{
    format      ascii;
    class       volVectorField;
    location    "9";
    object      U;
}
// * * * * * * * * * * * * * * * * * * * * * * * * * * * * * * * * * * * * * //

dimensions      [0 1 -1 0 0 0 0];

internalField   nonuniform List<vector> 
1000
(
(0.92074242 0.03382768 0)
(0.8635379 0.056684191 0)
(0.78799127 0.052753994 0)
(0.69766161 0.041237061 0)
(0.61471542 0.03020314 0)
(0.54875554 0.020988078 0)
(0.49827309 0.013660659 0)
(0.45949312 0.0082997554 0)
(0.42978721 0.0047358839 0)
(0.4072852 0.0025321838 0)
(0.39034402 0.0012497962 0)
(0.37751559 0.00056180298 0)
(0.36764107 0.00024261431 0)
(0.35985945 0.00013663728 0)
(0.35355677 0.00013976128 0)
(0.34830594 0.0001876106 0)
(0.34381544 0.00024453009 0)
(0.33988918 0.00029351261 0)
(0.33639623 0.00032844054 0)
(0.33324896 0.00034888341 0)
(0.33038779 0.00035693664 0)
(0.32777097 0.00035546608 0)
(0.32536798 0.00034724042 0)
(0.32315538 0.00033457873 0)
(0.32111429 0.00031926797 0)
(0.31922887 0.00030260465 0)
(0.31748536 0.00028548244 0)
(0.31587163 0.00026848729 0)
(0.31437679 0.00025198243 0)
(0.31299102 0.00023617703 0)
(0.31170546 0.00022117771 0)
(0.31051204 0.00020702545 0)
(0.30940346 0.00019372078 0)
(0.30837305 0.00018124056 0)
(0.3074148 0.0001695488 0)
(0.30652319 0.00015860345 0)
(0.30569321 0.00014836048 0)
(0.30492027 0.00013877621 0)
(0.30420021 0.00012980864 0)
(0.30352916 0.00012141799 0)
(0.30290362 0.00011356693 0)
(0.30232035 0.00010622056 0)
(0.30177636 9.9346304e-05 0)
(0.30126891 9.291374e-05 0)
(0.30079545 8.6894464e-05 0)
(0.30035365 8.126195e-05 0)
(0.29994133 7.5991428e-05 0)
(0.29955647 7.1059782e-05 0)
(0.29919721 6.6445422e-05 0)
(0.29886182 6.212818e-05 0)
(0.29854867 5.8089177e-05 0)
(0.29825629 5.4310708e-05 0)
(0.29798326 5.0776153e-05 0)
(0.29772831 4.7469886e-05 0)
(0.29749021 4.4377247e-05 0)
(0.29726785 4.1484487e-05 0)
(0.29706018 3.877875e-05 0)
(0.29686622 3.6248049e-05 0)
(0.29668507 3.3881174e-05 0)
(0.29651588 3.1667671e-05 0)
(0.29635785 2.9597695e-05 0)
(0.29621025 2.766196e-05 0)
(0.2960724 2.5851654e-05 0)
(0.29594366 2.415835e-05 0)
(0.29582343 2.2574062e-05 0)
(0.29571116 2.1091157e-05 0)
(0.29560635 1.9702501e-05 0)
(0.29550851 1.8401364e-05 0)
(0.29541721 1.7181528e-05 0)
(0.29533204 1.6037204e-05 0)
(0.29525261 1.4963032e-05 0)
(0.29517859 1.3953946e-05 0)
(0.29510964 1.3005204e-05 0)
(0.29504547 1.2112192e-05 0)
(0.2949858 1.1270652e-05 0)
(0.29493038 1.0476414e-05 0)
(0.29487897 9.7258653e-06 0)
(0.29483136 9.0156276e-06 0)
(0.29478733 8.3430997e-06 0)
(0.29474669 7.7059665e-06 0)
(0.29470926 7.1027454e-06 0)
(0.29467487 6.5318238e-06 0)
(0.29464335 5.9924305e-06 0)
(0.29461454 5.4827363e-06 0)
(0.29458828 5.0022997e-06 0)
(0.29456443 4.5484501e-06 0)
(0.29454285 4.1217043e-06 0)
(0.29452339 3.7185695e-06 0)
(0.29450591 3.3424399e-06 0)
(0.29449028 2.9882891e-06 0)
(0.29447635 2.6645311e-06 0)
(0.29446401 2.3610558e-06 0)
(0.29445309 2.0928314e-06 0)
(0.29444351 1.8390115e-06 0)
(0.29443511 1.6221481e-06 0)
(0.2944278 1.4126894e-06 0)
(0.2944215 1.2320232e-06 0)
(0.29441592 1.088558e-06 0)
(0.29441152 8.7114717e-07 0)
(0.29440596 9.3109217e-07 0)
(1.0019381 0.052732953 0)
(1.0365395 0.10225274 0)
(1.0602516 0.11315449 0)
(1.0635369 0.1090466 0)
(1.0522935 0.099516705 0)
(1.0346516 0.087114674 0)
(1.0147897 0.073373125 0)
(0.99415463 0.059906706 0)
(0.97358849 0.047880415 0)
(0.95388174 0.037787615 0)
(0.93564763 0.029665822 0)
(0.91918058 0.02332968 0)
(0.90451503 0.018503101 0)
(0.89154102 0.014887717 0)
(0.88008798 0.012203273 0)
(0.86996961 0.010210174 0)
(0.86100573 0.0087174154 0)
(0.85303279 0.0075805267 0)
(0.84590822 0.0066945208 0)
(0.83951094 0.0059853882 0)
(0.8337398 0.0054021109 0)
(0.82851093 0.004910041 0)
(0.82375499 0.0044858252 0)
(0.81941449 0.0041137179 0)
(0.81544149 0.0037830016 0)
(0.81179572 0.0034862336 0)
(0.80844305 0.0032180848 0)
(0.80535423 0.0029745895 0)
(0.802504 0.0027526727 0)
(0.79987035 0.0025498565 0)
(0.79743393 0.0023640802 0)
(0.79517764 0.0021935886 0)
(0.79308626 0.0020368623 0)
(0.79114619 0.0018925711 0)
(0.7893452 0.0017595424 0)
(0.78767226 0.0016367379 0)
(0.7861174 0.0015232352 0)
(0.78467155 0.0014182131 0)
(0.78332647 0.0013209387 0)
(0.78207463 0.0012307568 0)
(0.78090915 0.0011470796 0)
(0.77982372 0.0010693792 0)
(0.77881255 0.00099717949 0)
(0.77787031 0.00093005016 0)
(0.77699209 0.00086760121 0)
(0.77617339 0.00080947817 0)
(0.77541001 0.00075535811 0)
(0.7746981 0.00070494614 0)
(0.77403409 0.00065797246 0)
(0.77341467 0.00061418962 0)
(0.77283677 0.00057337026 0)
(0.77229756 0.00053530498 0)
(0.77179438 0.00049980056 0)
(0.77132479 0.00046667837 0)
(0.77088651 0.00043577304 0)
(0.77047742 0.00040693129 0)
(0.77009557 0.00038001091 0)
(0.76973911 0.00035487987 0)
(0.76940634 0.00033141544 0)
(0.76909568 0.00030950336 0)
(0.76880565 0.00028903706 0)
(0.76853489 0.00026991684 0)
(0.76828211 0.00025204927 0)
(0.76804613 0.00023534651 0)
(0.76782585 0.00021972594 0)
(0.76762024 0.00020510983 0)
(0.76742837 0.00019142514 0)
(0.76724934 0.00017860344 0)
(0.76708234 0.00016658077 0)
(0.76692662 0.00015529758 0)
(0.76678147 0.0001446986 0)
(0.76664626 0.00013473259 0)
(0.76652038 0.00012535226 0)
(0.76640328 0.00011651398 0)
(0.76629445 0.00010817786 0)
(0.76619342 0.00010030751 0)
(0.76609975 9.28705e-05 0)
(0.76601303 8.5837981e-05 0)
(0.76593288 7.9185509e-05 0)
(0.76585894 7.2891923e-05 0)
(0.76579087 6.6940651e-05 0)
(0.76572835 6.1316822e-05 0)
(0.76567107 5.6010115e-05 0)
(0.76561873 5.1008593e-05 0)
(0.76557105 4.6306123e-05 0)
(0.76552776 4.1889879e-05 0)
(0.76548858 3.7758339e-05 0)
(0.76545327 3.3894677e-05 0)
(0.76542155 3.0306989e-05 0)
(0.7653932 2.6969371e-05 0)
(0.76536792 2.3908578e-05 0)
(0.76534554 2.1075654e-05 0)
(0.76532573 1.8530004e-05 0)
(0.76530836 1.6169635e-05 0)
(0.76529315 1.4116634e-05 0)
(0.76527984 1.21628e-05 0)
(0.76526861 1.0578235e-05 0)
(0.76525814 8.9266851e-06 0)
(0.76525108 7.8931235e-06 0)
(0.7652405 6.3419082e-06 0)
(1.0002467 0.026719375 0)
(1.0283936 0.06255548 0)
(1.0646999 0.077616155 0)
(1.0979952 0.080476474 0)
(1.1240764 0.07805828 0)
(1.1435812 0.07291683 0)
(1.1579044 0.065986855 0)
(1.1678877 0.0582047 0)
(1.1741544 0.050495786 0)
(1.1774192 0.043467201 0)
(1.1784517 0.037361305 0)
(1.1779313 0.032190658 0)
(1.1763807 0.027868333 0)
(1.1741779 0.024277407 0)
(1.1715897 0.021298543 0)
(1.1688025 0.018820817 0)
(1.1659442 0.016747071 0)
(1.1630997 0.014996289 0)
(1.1603237 0.013503444 0)
(1.1576498 0.012217608 0)
(1.155097 0.011099375 0)
(1.1526749 0.010118338 0)
(1.1503869 0.0092509596 0)
(1.1482324 0.0084788987 0)
(1.1462083 0.0077877241 0)
(1.1443101 0.0071659431 0)
(1.1425324 0.006604275 0)
(1.1408692 0.0060951155 0)
(1.1393144 0.0056321473 0)
(1.1378619 0.0052100568 0)
(1.1365056 0.0048243269 0)
(1.1352396 0.0044710832 0)
(1.1340583 0.0041469776 0)
(1.1329564 0.0038490978 0)
(1.1319285 0.003574897 0)
(1.13097 0.003322137 0)
(1.1300761 0.0030888426 0)
(1.1292426 0.002873264 0)
(1.1284655 0.0026738454 0)
(1.1277408 0.0024891988 0)
(1.1270651 0.002318082 0)
(1.1264351 0.0021593796 0)
(1.1258475 0.0020120872 0)
(1.1252997 0.0018752978 0)
(1.1247887 0.0017481895 0)
(1.1243122 0.0016300163 0)
(1.1238677 0.0015200991 0)
(1.1234532 0.0014178184 0)
(1.1230665 0.0013226078 0)
(1.1227057 0.0012339489 0)
(1.1223692 0.0011513657 0)
(1.1220552 0.0010744209 0)
(1.1217622 0.0010027118 0)
(1.1214888 0.00093586699 0)
(1.1212338 0.00087354323 0)
(1.1209957 0.00081542317 0)
(1.1207736 0.00076121291 0)
(1.1205662 0.00071064 0)
(1.1203727 0.00066345167 0)
(1.1201921 0.00061941308 0)
(1.1200236 0.00057830571 0)
(1.1198662 0.00053992584 0)
(1.1197194 0.0005040831 0)
(1.1195823 0.00047059934 0)
(1.1194544 0.00043930739 0)
(1.119335 0.00041005044 0)
(1.1192235 0.00038268121 0)
(1.1191195 0.00035706164 0)
(1.1190225 0.00033306248 0)
(1.118932 0.00031056302 0)
(1.1188476 0.00028945085 0)
(1.1187689 0.00026962154 0)
(1.1186956 0.00025097842 0)
(1.1186273 0.00023343227 0)
(1.1185637 0.0002169012 0)
(1.1185046 0.00020131033 0)
(1.1184496 0.00018659227 0)
(1.1183986 0.00017268638 0)
(1.1183513 0.00015954017 0)
(1.1183075 0.0001471072 0)
(1.118267 0.00013534989 0)
(1.1182297 0.00012423421 0)
(1.1181952 0.00011373602 0)
(1.1181636 0.00010382881 0)
(1.1181346 9.4499764e-05 0)
(1.1181081 8.5722286e-05 0)
(1.1180839 7.749609e-05 0)
(1.118062 6.9784573e-05 0)
(1.118042 6.2610147e-05 0)
(1.1180241 5.5908821e-05 0)
(1.118008 4.9751873e-05 0)
(1.1179936 4.4006217e-05 0)
(1.1179806 3.885109e-05 0)
(1.1179693 3.3982634e-05 0)
(1.1179591 2.9829705e-05 0)
(1.1179502 2.5682235e-05 0)
(1.1179425 2.2572173e-05 0)
(1.1179352 1.885039e-05 0)
(1.1179306 1.6977632e-05 0)
(1.117923 1.3254235e-05 0)
(1.0000321 0.01172771 0)
(1.0173964 0.030563016 0)
(1.0455868 0.040990665 0)
(1.0788323 0.044657243 0)
(1.1117703 0.044906518 0)
(1.1419849 0.043513626 0)
(1.1689322 0.040998751 0)
(1.1925678 0.037704081 0)
(1.2129268 0.03408959 0)
(1.2301852 0.030558837 0)
(1.2446903 0.027331284 0)
(1.256878 0.024473251 0)
(1.2671747 0.021977088 0)
(1.2759451 0.019810764 0)
(1.283481 0.017935176 0)
(1.290012 0.016308897 0)
(1.2957188 0.014891431 0)
(1.3007436 0.013646372 0)
(1.3051988 0.012543211 0)
(1.3091728 0.011557532 0)
(1.3127361 0.01067022 0)
(1.3159451 0.0098663832 0)
(1.3188459 0.0091343721 0)
(1.3214765 0.008464992 0)
(1.3238688 0.0078508899 0)
(1.3260498 0.0072860863 0)
(1.3280427 0.006765623 0)
(1.3298674 0.0062853038 0)
(1.3315412 0.0058415114 0)
(1.3330791 0.0054310778 0)
(1.3344943 0.0050511941 0)
(1.3357985 0.0046993465 0)
(1.3370019 0.0043732692 0)
(1.3381138 0.00407091 0)
(1.339142 0.0037904031 0)
(1.340094 0.0035300475 0)
(1.340976 0.00328829 0)
(1.341794 0.0030637096 0)
(1.3425532 0.0028550051 0)
(1.3432582 0.0026609835 0)
(1.3439133 0.0024805505 0)
(1.3445224 0.0023127008 0)
(1.345089 0.0021565104 0)
(1.3456163 0.0020111291 0)
(1.3461071 0.0018757739 0)
(1.3465643 0.0017497229 0)
(1.3469902 0.0016323105 0)
(1.347387 0.0015229217 0)
(1.347757 0.0014209885 0)
(1.3481019 0.0013259859 0)
(1.3484235 0.001237428 0)
(1.3487234 0.001154865 0)
(1.3490033 0.0010778799 0)
(1.3492643 0.0010060863 0)
(1.3495079 0.00093912518 0)
(1.3497352 0.00087666333 0)
(1.3499474 0.00081839098 0)
(1.3501454 0.00076402014 0)
(1.3503303 0.00071328288 0)
(1.3505028 0.00066592975 0)
(1.3506639 0.00062172832 0)
(1.3508142 0.00058046168 0)
(1.3509546 0.0005419271 0)
(1.3510857 0.00050593478 0)
(1.351208 0.00047230675 0)
(1.3513221 0.00044087596 0)
(1.3514287 0.00041148556 0)
(1.3515281 0.00038398835 0)
(1.3516208 0.00035824632 0)
(1.3517072 0.00033413035 0)
(1.3517878 0.00031151987 0)
(1.3518628 0.00029030257 0)
(1.3519327 0.00027037405 0)
(1.3519976 0.00025163773 0)
(1.3520579 0.00023400446 0)
(1.3521139 0.00021739234 0)
(1.3521657 0.00020172695 0)
(1.3522136 0.0001869407 0)
(1.3522579 0.00017297418 0)
(1.3522987 0.00015977377 0)
(1.3523361 0.00014729547 0)
(1.3523705 0.00013549807 0)
(1.3524019 0.00012435255 0)
(1.3524305 0.00011382554 0)
(1.3524565 0.00010390285 0)
(1.35248 9.4550127e-05 0)
(1.3525012 8.5772269e-05 0)
(1.3525202 7.7518714e-05 0)
(1.3525372 6.9830195e-05 0)
(1.3525525 6.260967e-05 0)
(1.3525658 5.597743e-05 0)
(1.3525778 4.9720985e-05 0)
(1.3525879 4.4140975e-05 0)
(1.3525974 3.8750515e-05 0)
(1.3526047 3.4255881e-05 0)
(1.3526122 2.9551213e-05 0)
(1.352617 2.6230056e-05 0)
(1.3526233 2.1886015e-05 0)
(1.3526258 1.9941119e-05 0)
(1.3526318 1.5499668e-05 0)
(1.0001568 0.0034383907 0)
(1.0134518 0.0092557599 0)
(1.036628 0.012853242 0)
(1.0666034 0.014335343 0)
(1.0987809 0.014626052 0)
(1.1300715 0.014363698 0)
(1.1593037 0.013741451 0)
(1.1861976 0.012840159 0)
(1.2106431 0.011790373 0)
(1.2325915 0.010728734 0)
(1.2521417 0.009737672 0)
(1.2695378 0.0088459646 0)
(1.2850832 0.0080555412 0)
(1.2990634 0.0073596119 0)
(1.3117148 0.0067486885 0)
(1.3232262 0.0062117878 0)
(1.3337497 0.0057373921 0)
(1.3434089 0.005314712 0)
(1.3523048 0.0049345707 0)
(1.3605198 0.0045896475 0)
(1.3681215 0.0042742896 0)
(1.3751666 0.0039841785 0)
(1.3817032 0.0037160114 0)
(1.3877733 0.003467242 0)
(1.3934137 0.0032358808 0)
(1.3986577 0.0030203397 0)
(1.4035351 0.0028193165 0)
(1.408073 0.0026317107 0)
(1.4122964 0.0024565651 0)
(1.416228 0.0022930268 0)
(1.4198888 0.0021403217 0)
(1.4232982 0.001997738 0)
(1.4264741 0.0018646151 0)
(1.429433 0.0017403368 0)
(1.4321902 0.0016243263 0)
(1.4347599 0.0015160428 0)
(1.4371552 0.0014149791 0)
(1.4393882 0.0013206596 0)
(1.4414702 0.0012326385 0)
(1.4434117 0.0011504981 0)
(1.4452223 0.0010738476 0)
(1.4469111 0.0010023211 0)
(1.4484863 0.00093557683 0)
(1.4499558 0.00087329509 0)
(1.4513269 0.00081517731 0)
(1.4526061 0.00076094463 0)
(1.4537997 0.00071033665 0)
(1.4549136 0.0006631103 0)
(1.4559531 0.00061903875 0)
(1.4569232 0.00057791034 0)
(1.4578287 0.00053952757 0)
(1.4586739 0.00050370615 0)
(1.4594628 0.00047027414 0)
(1.4601993 0.00043907103 0)
(1.4608868 0.00040994703 0)
(1.4615286 0.00038276235 0)
(1.4621278 0.0003573865 0)
(1.4626872 0.00033369774 0)
(1.4632095 0.00031158244 0)
(1.4636971 0.00029093449 0)
(1.4641524 0.00027165477 0)
(1.4645775 0.00025365052 0)
(1.4649744 0.00023683483 0)
(1.4653449 0.00022112614 0)
(1.4656909 0.00020644786 0)
(1.4660138 0.00019272796 0)
(1.4663152 0.00017989877 0)
(1.4665965 0.00016789676 0)
(1.4668589 0.00015666234 0)
(1.4671037 0.0001461397 0)
(1.467332 0.00013627668 0)
(1.4675448 0.0001270246 0)
(1.467743 0.00011833823 0)
(1.4679276 0.00011017532 0)
(1.4680993 0.00010249696 0)
(1.4682588 9.526719e-05 0)
(1.468407 8.845336e-05 0)
(1.4685443 8.202561e-05 0)
(1.4686715 7.5957697e-05 0)
(1.4687891 7.0225588e-05 0)
(1.4688976 6.4809587e-05 0)
(1.4689975 5.9690466e-05 0)
(1.4690893 5.4855034e-05 0)
(1.4691735 5.0286755e-05 0)
(1.4692504 4.5979521e-05 0)
(1.4693205 4.191566e-05 0)
(1.4693842 3.8099507e-05 0)
(1.4694419 3.4504526e-05 0)
(1.4694939 3.1155319e-05 0)
(1.4695408 2.7999349e-05 0)
(1.4695825 2.510524e-05 0)
(1.4696203 2.2356492e-05 0)
(1.4696529 1.9918998e-05 0)
(1.469683 1.7530415e-05 0)
(1.4697077 1.55684e-05 0)
(1.4697319 1.3456274e-05 0)
(1.4697491 1.2013367e-05 0)
(1.4697698 1.0036066e-05 0)
(1.4697792 9.1986022e-06 0)
(1.4697998 7.1593992e-06 0)
(1.0001568 -0.0034383905 0)
(1.0134518 -0.0092557597 0)
(1.036628 -0.012853241 0)
(1.0666034 -0.014335342 0)
(1.0987809 -0.014626052 0)
(1.1300715 -0.014363697 0)
(1.1593037 -0.013741451 0)
(1.1861976 -0.01284016 0)
(1.2106431 -0.011790374 0)
(1.2325915 -0.010728735 0)
(1.2521417 -0.0097376726 0)
(1.2695378 -0.0088459647 0)
(1.2850832 -0.0080555407 0)
(1.2990634 -0.007359611 0)
(1.3117148 -0.0067486873 0)
(1.3232262 -0.0062117867 0)
(1.3337497 -0.0057373914 0)
(1.3434089 -0.0053147118 0)
(1.3523048 -0.0049345712 0)
(1.3605198 -0.0045896484 0)
(1.3681215 -0.0042742908 0)
(1.3751666 -0.0039841797 0)
(1.3817032 -0.0037160121 0)
(1.3877733 -0.003467242 0)
(1.3934137 -0.00323588 0)
(1.3986577 -0.0030203382 0)
(1.4035351 -0.0028193146 0)
(1.408073 -0.0026317087 0)
(1.4122964 -0.0024565634 0)
(1.416228 -0.0022930256 0)
(1.4198888 -0.0021403212 0)
(1.4232982 -0.0019977381 0)
(1.4264741 -0.0018646155 0)
(1.429433 -0.0017403373 0)
(1.4321902 -0.0016243264 0)
(1.4347599 -0.0015160423 0)
(1.4371552 -0.0014149778 0)
(1.4393882 -0.0013206574 0)
(1.4414702 -0.0012326355 0)
(1.4434117 -0.0011504944 0)
(1.4452223 -0.0010738433 0)
(1.4469111 -0.0010023166 0)
(1.4484863 -0.00093557214 0)
(1.4499558 -0.00087329046 0)
(1.4513269 -0.00081517286 0)
(1.4526061 -0.00076094037 0)
(1.4537997 -0.00071033248 0)
(1.4549136 -0.00066310594 0)
(1.4559531 -0.0006190338 0)
(1.4569232 -0.00057790426 0)
(1.4578287 -0.00053951992 0)
(1.4586739 -0.00050369657 0)
(1.4594628 -0.00047026252 0)
(1.4601993 -0.00043905756 0)
(1.4608868 -0.00040993216 0)
(1.4615286 -0.0003827467 0)
(1.4621278 -0.00035737071 0)
(1.4626872 -0.00033368231 0)
(1.4632095 -0.00031156758 0)
(1.4636971 -0.00029092009 0)
(1.4641524 -0.00027164046 0)
(1.4645775 -0.00025363576 0)
(1.4649744 -0.0002368192 0)
(1.465345 -0.00022110946 0)
(1.4656909 -0.0002064303 0)
(1.4660138 -0.00019271015 0)
(1.4663152 -0.00017988156 0)
(1.4665965 -0.00016788119 0)
(1.466859 -0.0001566493 0)
(1.4671038 -0.00014612998 0)
(1.4673321 -0.00013627075 0)
(1.4675448 -0.00012702283 0)
(1.4677431 -0.00011834064 0)
(1.4679276 -0.00011018234 0)
(1.4680993 -0.0001025088 0)
(1.4682588 -9.5284381e-05 0)
(1.468407 -8.8475881e-05 0)
(1.4685443 -8.2053318e-05 0)
(1.4686715 -7.5989584e-05 0)
(1.4687891 -7.0260285e-05 0)
(1.4688976 -6.484516e-05 0)
(1.4689975 -5.9725345e-05 0)
(1.4690893 -5.4887928e-05 0)
(1.4691735 -5.0317827e-05 0)
(1.4692504 -4.6009499e-05 0)
(1.4693205 -4.194654e-05 0)
(1.4693842 -3.813275e-05 0)
(1.4694419 -3.454113e-05 0)
(1.4694938 -3.1194487e-05 0)
(1.4695408 -2.8038816e-05 0)
(1.4695825 -2.5141274e-05 0)
(1.4696202 -2.238532e-05 0)
(1.4696529 -1.993729e-05 0)
(1.469683 -1.7536981e-05 0)
(1.4697077 -1.556384e-05 0)
(1.4697319 -1.3443776e-05 0)
(1.4697491 -1.1996455e-05 0)
(1.4697698 -1.0017052e-05 0)
(1.4697792 -9.1797214e-06 0)
(1.4697998 -7.1401315e-06 0)
(1.0000321 -0.01172771 0)
(1.0173964 -0.030563016 0)
(1.0455868 -0.040990665 0)
(1.0788323 -0.044657243 0)
(1.1117703 -0.044906517 0)
(1.1419849 -0.043513626 0)
(1.1689322 -0.040998751 0)
(1.1925678 -0.037704082 0)
(1.2129268 -0.034089591 0)
(1.2301852 -0.030558837 0)
(1.2446903 -0.027331285 0)
(1.256878 -0.02447325 0)
(1.2671747 -0.021977087 0)
(1.2759451 -0.019810763 0)
(1.283481 -0.017935175 0)
(1.290012 -0.016308896 0)
(1.2957188 -0.014891431 0)
(1.3007436 -0.013646372 0)
(1.3051988 -0.012543211 0)
(1.3091728 -0.011557533 0)
(1.3127361 -0.010670221 0)
(1.3159451 -0.009866384 0)
(1.3188459 -0.0091343723 0)
(1.3214765 -0.0084649915 0)
(1.3238688 -0.0078508887 0)
(1.3260498 -0.0072860848 0)
(1.3280427 -0.0067656213 0)
(1.3298674 -0.0062853023 0)
(1.3315412 -0.0058415103 0)
(1.3330791 -0.0054310773 0)
(1.3344943 -0.0050511941 0)
(1.3357985 -0.0046993468 0)
(1.3370019 -0.0043732696 0)
(1.3381138 -0.0040709101 0)
(1.339142 -0.0037904028 0)
(1.340094 -0.0035300467 0)
(1.340976 -0.0032882885 0)
(1.341794 -0.0030637074 0)
(1.3425532 -0.0028550023 0)
(1.3432582 -0.0026609803 0)
(1.3439133 -0.0024805469 0)
(1.3445224 -0.0023126971 0)
(1.345089 -0.0021565067 0)
(1.3456163 -0.0020111255 0)
(1.3461071 -0.0018757705 0)
(1.3465643 -0.0017497197 0)
(1.3469902 -0.0016323071 0)
(1.3473871 -0.0015229179 0)
(1.347757 -0.001420984 0)
(1.3481019 -0.0013259802 0)
(1.3484235 -0.0012374208 0)
(1.3487235 -0.0011548561 0)
(1.3490033 -0.0010778696 0)
(1.3492643 -0.0010060748 0)
(1.3495079 -0.000939113 0)
(1.3497353 -0.00087665099 0)
(1.3499474 -0.0008183789 0)
(1.3501454 -0.0007640085 0)
(1.3503303 -0.00071327159 0)
(1.3505028 -0.00066591852 0)
(1.3506639 -0.00062171669 0)
(1.3508143 -0.00058044928 0)
(1.3509547 -0.00054191375 0)
(1.3510857 -0.00050592058 0)
(1.351208 -0.00047229217 0)
(1.3513222 -0.00044086164 0)
(1.3514287 -0.0004114723 0)
(1.3515281 -0.00038397683 0)
(1.3516209 -0.00035823711 0)
(1.3517073 -0.00033412374 0)
(1.3517879 -0.00031151609 0)
(1.3518629 -0.00029030175 0)
(1.3519327 -0.00027037666 0)
(1.3519977 -0.00025164407 0)
(1.352058 -0.0002340151 0)
(1.3521139 -0.00021740745 0)
(1.3521658 -0.00020174658 0)
(1.3522137 -0.00018696418 0)
(1.3522579 -0.0001730004 0)
(1.3522987 -0.00015980117 0)
(1.3523362 -0.0001473226 0)
(1.3523705 -0.00013552382 0)
(1.3524019 -0.00012437694 0)
(1.3524305 -0.00011384921 0)
(1.3524565 -0.00010392756 0)
(1.35248 -9.4577307e-05 0)
(1.3525011 -8.5802877e-05 0)
(1.3525202 -7.7552247e-05 0)
(1.3525372 -6.9864523e-05 0)
(1.3525524 -6.2641766e-05 0)
(1.3525657 -5.6003742e-05 0)
(1.3525778 -4.9739024e-05 0)
(1.3525879 -4.4149662e-05 0)
(1.3525973 -3.8750969e-05 0)
(1.3526046 -3.4250268e-05 0)
(1.3526121 -2.9542491e-05 0)
(1.3526169 -2.6220421e-05 0)
(1.3526232 -2.1875417e-05 0)
(1.3526258 -1.9928715e-05 0)
(1.3526317 -1.5485185e-05 0)
(1.0002467 -0.026719375 0)
(1.0283936 -0.062555479 0)
(1.0646999 -0.077616155 0)
(1.0979952 -0.080476474 0)
(1.1240764 -0.078058279 0)
(1.1435812 -0.07291683 0)
(1.1579044 -0.065986855 0)
(1.1678877 -0.058204701 0)
(1.1741544 -0.050495787 0)
(1.1774192 -0.043467201 0)
(1.1784517 -0.037361305 0)
(1.1779313 -0.032190658 0)
(1.1763807 -0.027868332 0)
(1.1741779 -0.024277406 0)
(1.1715897 -0.021298543 0)
(1.1688025 -0.018820817 0)
(1.1659442 -0.016747071 0)
(1.1630997 -0.01499629 0)
(1.1603237 -0.013503445 0)
(1.1576498 -0.012217609 0)
(1.155097 -0.011099375 0)
(1.1526749 -0.010118338 0)
(1.1503869 -0.009250959 0)
(1.1482324 -0.0084788977 0)
(1.1462083 -0.0077877228 0)
(1.1443101 -0.0071659419 0)
(1.1425324 -0.0066042741 0)
(1.1408692 -0.0060951151 0)
(1.1393144 -0.0056321474 0)
(1.1378619 -0.0052100571 0)
(1.1365056 -0.0048243273 0)
(1.1352396 -0.0044710835 0)
(1.1340583 -0.0041469776 0)
(1.1329564 -0.0038490974 0)
(1.1319285 -0.0035748961 0)
(1.13097 -0.0033221357 0)
(1.1300761 -0.003088841 0)
(1.1292426 -0.0028732621 0)
(1.1284655 -0.0026738433 0)
(1.1277408 -0.0024891966 0)
(1.1270651 -0.0023180798 0)
(1.1264351 -0.0021593774 0)
(1.1258476 -0.0020120852 0)
(1.1252997 -0.0018752959 0)
(1.1247887 -0.0017481877 0)
(1.1243122 -0.0016300145 0)
(1.1238677 -0.001520097 0)
(1.1234532 -0.0014178156 0)
(1.1230665 -0.0013226041 0)
(1.1227057 -0.001233944 0)
(1.1223692 -0.0011513597 0)
(1.1220552 -0.001074414 0)
(1.1217622 -0.0010027044 0)
(1.1214889 -0.00093585948 0)
(1.1212338 -0.00087353603 0)
(1.1209958 -0.00081541649 0)
(1.1207736 -0.00076120674 0)
(1.1205663 -0.0007106341 0)
(1.1203728 -0.00066344563 0)
(1.1201922 -0.00061940647 0)
(1.1200236 -0.00057829822 0)
(1.1198663 -0.00053991742 0)
(1.1197195 -0.000504074 0)
(1.1195824 -0.00047059003 0)
(1.1194544 -0.00043929854 0)
(1.119335 -0.00041004259 0)
(1.1192236 -0.00038267484 0)
(1.1191196 -0.00035705688 0)
(1.1190226 -0.00033305936 0)
(1.1189321 -0.00031056136 0)
(1.1188477 -0.0002894507 0)
(1.118769 -0.000269623 0)
(1.1186957 -0.00025098205 0)
(1.1186274 -0.0002334384 0)
(1.1185638 -0.00021691042 0)
(1.1185047 -0.00020132249 0)
(1.1184497 -0.00018660712 0)
(1.1183987 -0.00017270275 0)
(1.1183514 -0.00015955692 0)
(1.1183076 -0.00014712301 0)
(1.1182671 -0.00013536426 0)
(1.1182297 -0.00012424722 0)
(1.1181953 -0.00011374902 0)
(1.1181636 -0.00010384325 0)
(1.1181346 -9.4517501e-05 0)
(1.1181081 -8.5743681e-05 0)
(1.1180839 -7.7520579e-05 0)
(1.1180619 -6.9809659e-05 0)
(1.118042 -6.2632603e-05 0)
(1.1180241 -5.5925504e-05 0)
(1.1180079 -4.9760824e-05 0)
(1.1179935 -4.4007737e-05 0)
(1.1179806 -3.8847319e-05 0)
(1.1179692 -3.397699e-05 0)
(1.117959 -2.9825257e-05 0)
(1.1179501 -2.568022e-05 0)
(1.1179424 -2.2571246e-05 0)
(1.1179352 -1.8848667e-05 0)
(1.1179305 -1.6973114e-05 0)
(1.1179229 -1.3246331e-05 0)
(1.0019381 -0.052732953 0)
(1.0365395 -0.10225273 0)
(1.0602516 -0.11315449 0)
(1.0635369 -0.1090466 0)
(1.0522935 -0.099516705 0)
(1.0346516 -0.087114674 0)
(1.0147897 -0.073373125 0)
(0.99415463 -0.059906706 0)
(0.97358849 -0.047880415 0)
(0.95388174 -0.037787615 0)
(0.93564763 -0.029665822 0)
(0.91918058 -0.023329679 0)
(0.90451503 -0.0185031 0)
(0.89154102 -0.014887717 0)
(0.88008798 -0.012203273 0)
(0.86996961 -0.010210175 0)
(0.86100573 -0.0087174161 0)
(0.85303279 -0.0075805274 0)
(0.84590822 -0.0066945213 0)
(0.83951094 -0.0059853883 0)
(0.8337398 -0.0054021107 0)
(0.82851093 -0.0049100404 0)
(0.82375499 -0.0044858244 0)
(0.81941449 -0.004113717 0)
(0.81544149 -0.0037830009 0)
(0.81179573 -0.0034862333 0)
(0.80844305 -0.0032180848 0)
(0.80535423 -0.0029745899 0)
(0.802504 -0.0027526732 0)
(0.79987035 -0.002549857 0)
(0.79743393 -0.0023640804 0)
(0.79517764 -0.0021935886 0)
(0.79308626 -0.002036862 0)
(0.79114619 -0.0018925705 0)
(0.7893452 -0.0017595416 0)
(0.78767226 -0.0016367369 0)
(0.7861174 -0.0015232342 0)
(0.78467156 -0.0014182121 0)
(0.78332648 -0.0013209378 0)
(0.78207464 -0.0012307559 0)
(0.78090916 -0.0011470789 0)
(0.77982373 -0.0010693786 0)
(0.77881255 -0.00099717903 0)
(0.77787031 -0.00093004978 0)
(0.7769921 -0.00086760077 0)
(0.7761734 -0.00080947748 0)
(0.77541002 -0.00075535696 0)
(0.77469812 -0.00070494437 0)
(0.77403411 -0.00065797001 0)
(0.77341469 -0.00061418657 0)
(0.7728368 -0.00057336686 0)
(0.77229758 -0.00053530155 0)
(0.7717944 -0.00049979744 0)
(0.77132482 -0.00046667583 0)
(0.77088654 -0.00043577113 0)
(0.77047746 -0.0004069299 0)
(0.7700956 -0.00038000971 0)
(0.76973915 -0.00035487848 0)
(0.76940638 -0.00033141348 0)
(0.76909573 -0.00030950063 0)
(0.76880571 -0.00028903358 0)
(0.76853495 -0.00026991289 0)
(0.76828217 -0.00025204525 0)
(0.76804619 -0.00023534293 0)
(0.76782592 -0.00021972315 0)
(0.76762031 -0.00020510803 0)
(0.76742844 -0.00019142426 0)
(0.76724941 -0.00017860329 0)
(0.76708241 -0.00016658105 0)
(0.76692669 -0.00015529818 0)
(0.76678154 -0.00014469952 0)
(0.76664633 -0.00013473418 0)
(0.76652045 -0.00012535483 0)
(0.76640334 -0.00011651794 0)
(0.76629451 -0.00010818314 0)
(0.76619347 -0.00010031387 0)
(0.76609979 -9.2877117e-05 0)
(0.76601307 -8.5844047e-05 0)
(0.76593291 -7.9190269e-05 0)
(0.76585896 -7.2895242e-05 0)
(0.76579088 -6.6943007e-05 0)
(0.76572835 -6.1319487e-05 0)
(0.76567106 -5.6014433e-05 0)
(0.76561871 -5.1015916e-05 0)
(0.76557102 -4.6316556e-05 0)
(0.76552772 -4.1902615e-05 0)
(0.76548853 -3.7771173e-05 0)
(0.76545322 -3.3905002e-05 0)
(0.76542149 -3.0312583e-05 0)
(0.76539315 -2.6969272e-05 0)
(0.76536787 -2.3903756e-05 0)
(0.76534549 -2.1068669e-05 0)
(0.76532567 -1.8523945e-05 0)
(0.7653083 -1.6166983e-05 0)
(0.76529308 -1.4117819e-05 0)
(0.76527978 -1.2166329e-05 0)
(0.76526855 -1.0581458e-05 0)
(0.76525809 -8.9271299e-06 0)
(0.76525103 -7.8920811e-06 0)
(0.76524046 -6.3395058e-06 0)
(0.92074242 -0.03382768 0)
(0.8635379 -0.056684191 0)
(0.78799127 -0.052753994 0)
(0.69766161 -0.041237061 0)
(0.61471542 -0.03020314 0)
(0.54875553 -0.020988078 0)
(0.49827309 -0.01366066 0)
(0.45949312 -0.0082997554 0)
(0.42978721 -0.0047358838 0)
(0.4072852 -0.0025321836 0)
(0.39034402 -0.0012497959 0)
(0.37751559 -0.00056180278 0)
(0.36764107 -0.00024261426 0)
(0.35985945 -0.0001366374 0)
(0.35355677 -0.00013976153 0)
(0.34830594 -0.00018761093 0)
(0.34381544 -0.00024453039 0)
(0.33988918 -0.0002935128 0)
(0.33639622 -0.00032844057 0)
(0.33324896 -0.00034888325 0)
(0.33038779 -0.00035693634 0)
(0.32777097 -0.00035546572 0)
(0.32536798 -0.00034724009 0)
(0.32315538 -0.00033457852 0)
(0.3211143 -0.00031926793 0)
(0.31922887 -0.00030260478 0)
(0.31748536 -0.00028548269 0)
(0.31587163 -0.00026848759 0)
(0.31437678 -0.00025198269 0)
(0.31299102 -0.00023617717 0)
(0.31170546 -0.00022117772 0)
(0.31051204 -0.00020702533 0)
(0.30940346 -0.00019372056 0)
(0.30837306 -0.00018124029 0)
(0.3074148 -0.00016954853 0)
(0.30652319 -0.00015860321 0)
(0.30569321 -0.00014836028 0)
(0.30492028 -0.00013877607 0)
(0.30420021 -0.00012980856 0)
(0.30352916 -0.00012141797 0)
(0.30290362 -0.00011356699 0)
(0.30232035 -0.0001062207 0)
(0.30177636 -9.9346492e-05 0)
(0.30126891 -9.291394e-05 0)
(0.30079546 -8.6894597e-05 0)
(0.30035366 -8.126194e-05 0)
(0.29994133 -7.5991214e-05 0)
(0.29955648 -7.1059339e-05 0)
(0.29919722 -6.6444805e-05 0)
(0.29886183 -6.2127478e-05 0)
(0.29854869 -5.8088542e-05 0)
(0.2982563 -5.4310274e-05 0)
(0.29798327 -5.0776019e-05 0)
(0.29772832 -4.7470076e-05 0)
(0.29749022 -4.4377678e-05 0)
(0.29726786 -4.1485025e-05 0)
(0.29706019 -3.8779199e-05 0)
(0.29686624 -3.6248251e-05 0)
(0.29668509 -3.3881035e-05 0)
(0.29651589 -3.1667192e-05 0)
(0.29635787 -2.9596987e-05 0)
(0.29621028 -2.7661198e-05 0)
(0.29607243 -2.5851014e-05 0)
(0.29594368 -2.4157985e-05 0)
(0.29582345 -2.257398e-05 0)
(0.29571119 -2.1091338e-05 0)
(0.29560637 -1.9702758e-05 0)
(0.29550854 -1.8401592e-05 0)
(0.29541723 -1.718157e-05 0)
(0.29533206 -1.6037114e-05 0)
(0.29525264 -1.4962847e-05 0)
(0.29517861 -1.3953916e-05 0)
(0.29510966 -1.3005374e-05 0)
(0.29504549 -1.2112733e-05 0)
(0.29498582 -1.1271303e-05 0)
(0.2949304 -1.0477052e-05 0)
(0.29487899 -9.7259952e-06 0)
(0.29483137 -9.0151112e-06 0)
(0.29478734 -8.341782e-06 0)
(0.2947467 -7.7042105e-06 0)
(0.29470927 -7.1010069e-06 0)
(0.29467488 -6.5309037e-06 0)
(0.29464335 -5.992745e-06 0)
(0.29461453 -5.4846518e-06 0)
(0.29458826 -5.005228e-06 0)
(0.29456441 -4.5517162e-06 0)
(0.29454282 -4.1240053e-06 0)
(0.29452337 -3.7190572e-06 0)
(0.29450589 -3.3407062e-06 0)
(0.29449027 -2.9847702e-06 0)
(0.29447634 -2.6604666e-06 0)
(0.294464 -2.3578952e-06 0)
(0.29445308 -2.0917061e-06 0)
(0.29444349 -1.8401678e-06 0)
(0.29443508 -1.6247221e-06 0)
(0.29442777 -1.4152614e-06 0)
(0.29442147 -1.2337254e-06 0)
(0.29441589 -1.0886186e-06 0)
(0.29441149 -8.7100769e-07 0)
(0.29440594 -9.3097674e-07 0)
)
;

boundaryField
{
    top
    {
        type            fixedValue;
        value           uniform (0 0 0);
    }
    bottom
    {
        type            fixedValue;
        value           uniform (0 0 0);
    }
    inlet
    {
        type            fixedValue;
        value           uniform (1 0 0);
    }
    outlet
    {
        type            zeroGradient;
    }
    front
    {
        type            empty;
    }
    back
    {
        type            empty;
    }
}


// ************************************************************************* //
