/*--------------------------------*- C++ -*----------------------------------*\
  =========                 |
  \\      /  F ield         | OpenFOAM: The Open Source CFD Toolbox
   \\    /   O peration     | Website:  https://openfoam.org
    \\  /    A nd           | Version:  13
     \\/     M anipulation  |
\*---------------------------------------------------------------------------*/
FoamFile
{
    format      ascii;
    class       volScalarField;
    location    "11";
    object      p;
}
// * * * * * * * * * * * * * * * * * * * * * * * * * * * * * * * * * * * * * //

dimensions      [0 2 -2 0 0 0 0];

internalField   nonuniform List<scalar> 
1000
(
1.6803152
1.5603169
1.4644423
1.4005747
1.351978
1.3093812
1.2715503
1.2388397
1.2107317
1.1861431
1.1640561
1.1437088
1.1245707
1.106285
1.0886205
1.0714325
1.0546329
1.0381679
1.0220039
1.0061178
0.99049222
0.9751121
0.95996367
0.94503371
0.93030931
0.91577794
0.90142749
0.88724636
0.87322355
0.85934865
0.8456119
0.83200414
0.81851684
0.80514202
0.79187228
0.77870068
0.76562078
0.75262657
0.73971244
0.72687317
0.71410389
0.70140002
0.68875733
0.67617183
0.66363982
0.65115783
0.6387226
0.62633112
0.61398052
0.60166817
0.58939158
0.57714842
0.56493652
0.55275385
0.54059851
0.52846873
0.51636283
0.50427928
0.4922166
0.48017344
0.46814853
0.45614067
0.44414875
0.43217173
0.42020863
0.40825855
0.39632063
0.3843941
0.37247819
0.36057221
0.34867551
0.33678748
0.32490755
0.31303519
0.3011699
0.28931122
0.27745873
0.26561202
0.25377071
0.24193444
0.23010289
0.21827574
0.20645269
0.1946335
0.18281789
0.17100565
0.15919656
0.14739042
0.13558704
0.12378624
0.11198784
0.1001917
0.088397663
0.076605605
0.064815401
0.053026941
0.041240151
0.029454844
0.017671211
0.0058887004
1.558575
1.503832
1.4426719
1.3908428
1.3478205
1.3095238
1.2745218
1.2430356
1.2151036
1.1902043
1.1676048
1.1466774
1.1269742
1.1081903
1.0901164
1.0726077
1.0555641
1.0389168
1.0226172
1.00663
0.99092817
0.97548956
0.96029526
0.94532841
0.93057363
0.91601668
0.90164426
0.887444
0.8734043
0.85951436
0.84576413
0.83214423
0.81864594
0.80526116
0.79198234
0.77880247
0.765715
0.75271386
0.73979338
0.72694827
0.7141736
0.70146478
0.68881752
0.6762278
0.66369189
0.65120628
0.63876771
0.62637312
0.61401965
0.60170463
0.58942555
0.57718009
0.56496604
0.55278138
0.54062418
0.52849267
0.51638517
0.50430012
0.49223604
0.48019159
0.46816547
0.45615648
0.4441635
0.43218549
0.42022148
0.40827054
0.39633183
0.38440455
0.37248795
0.36058132
0.34868402
0.33679543
0.32491497
0.31304212
0.30117637
0.28931727
0.27746437
0.26561729
0.25377563
0.24193903
0.23010718
0.21827974
0.20645643
0.19463699
0.18282114
0.17100869
0.15919939
0.14739306
0.13558949
0.12378852
0.11198997
0.10019368
0.088399493
0.0766073
0.064816968
0.05302837
0.041241474
0.029455955
0.0176722
0.0058892248
1.4970595
1.4707028
1.4325473
1.391847
1.3533049
1.3173072
1.2834907
1.2520395
1.2232393
1.1970414
1.1730981
1.1509752
1.1302864
1.1107261
1.09206
1.0741102
1.0567432
1.0398602
1.0233886
1.0072745
0.99147729
0.97596535
0.96071317
0.94569942
0.93090567
0.91631564
0.90191467
0.88768942
0.87362767
0.85971813
0.84595038
0.83231477
0.81880235
0.80540482
0.79211448
0.77892415
0.7658272
0.75281743
0.73988908
0.72703679
0.71425555
0.70154071
0.68888792
0.67629313
0.66375254
0.65126262
0.63882007
0.6264218
0.61406493
0.60174676
0.58946478
0.57721661
0.56500007
0.55281308
0.54065373
0.52852021
0.51641084
0.50432405
0.49225836
0.4802124
0.46818487
0.45617458
0.4441804
0.43220127
0.4202362
0.40828428
0.39634466
0.38441651
0.37249911
0.36059174
0.34869374
0.33680451
0.32492345
0.31305005
0.30118378
0.28932418
0.27747083
0.26562331
0.25378124
0.24194427
0.23011206
0.21828431
0.2064607
0.19464099
0.18282489
0.17101219
0.15920265
0.14739609
0.1355923
0.12379114
0.11199239
0.10019595
0.088401608
0.07660929
0.064818818
0.053030109
0.041243043
0.02945741
0.017673335
0.0058901209
1.4680436
1.4521978
1.4255447
1.3921846
1.3569447
1.3224345
1.2894457
1.2582703
1.2291794
1.2023096
1.1775611
1.1546638
1.1332966
1.1131655
1.0940308
1.0757045
1.0580408
1.040927
1.0242763
1.008023
0.99211649
0.97651776
0.96119567
0.94612474
0.93128349
0.91665342
0.90221824
0.88796345
0.87387594
0.85994375
0.84615598
0.83250255
0.81897421
0.8055624
0.7922592
0.77905726
0.7659498
0.75293048
0.73999345
0.72713325
0.71434479
0.70162335
0.68896451
0.67636415
0.66381845
0.65132382
0.63887692
0.62647464
0.61411405
0.60179245
0.58950728
0.57725618
0.56503692
0.55284742
0.54068573
0.52855003
0.51643863
0.50434994
0.49228249
0.48023489
0.46820585
0.45619416
0.44419867
0.43221833
0.42025213
0.40829915
0.39635853
0.38442945
0.37251116
0.36060298
0.34870423
0.3368143
0.32493262
0.31305862
0.3011918
0.28933168
0.27747782
0.26562981
0.25378729
0.2419499
0.23011731
0.21828922
0.20646531
0.19464532
0.18282897
0.17101601
0.15920621
0.1473994
0.13559535
0.12379395
0.11199499
0.10019839
0.088403909
0.076611515
0.064820904
0.053032146
0.041244855
0.029459221
0.017674716
0.005891625
1.4554959
1.4432538
1.4211806
1.3913768
1.3580137
1.324383
1.2919265
1.2610663
1.2320176
1.2049552
1.1798972
1.1566701
1.134996
1.1145928
1.095223
1.0766988
1.0588727
1.041628
1.0248728
1.0085358
0.99256197
0.97690839
0.96154113
0.94643248
0.93155933
0.91690192
0.90244305
0.88816751
0.87406169
0.86011325
0.84631096
0.83264452
0.81910446
0.80568206
0.79236927
0.77915863
0.76604325
0.75301672
0.74007312
0.72720691
0.71441296
0.70168648
0.68902303
0.67641843
0.66386882
0.65137059
0.63892036
0.62651499
0.61415156
0.60182733
0.58953974
0.57728639
0.56506505
0.55287363
0.54071015
0.52857279
0.51645984
0.5043697
0.49230089
0.48025204
0.46822184
0.45620907
0.4442126
0.43223134
0.42026428
0.40831049
0.3963691
0.3844393
0.37252034
0.36061153
0.34871221
0.33682176
0.3249396
0.31306515
0.30119791
0.28933739
0.27748314
0.26563476
0.25379189
0.24195417
0.2301213
0.21829295
0.20646883
0.19464865
0.1828321
0.17101895
0.15920894
0.14740192
0.13559765
0.12379607
0.11199695
0.10020025
0.088405674
0.076613255
0.064822547
0.053033776
0.041246298
0.029460684
0.017675858
0.0058929756
1.4554959
1.4432538
1.4211806
1.3913768
1.3580137
1.324383
1.2919265
1.2610663
1.2320176
1.2049552
1.1798972
1.1566701
1.134996
1.1145928
1.095223
1.0766988
1.0588727
1.041628
1.0248728
1.0085359
0.99256198
0.9769084
0.96154113
0.94643249
0.93155933
0.91690191
0.90244303
0.8881675
0.87406169
0.86011325
0.84631097
0.83264453
0.81910447
0.80568207
0.79236927
0.77915862
0.76604324
0.75301671
0.7400731
0.7272069
0.71441295
0.70168649
0.68902304
0.67641844
0.66386883
0.65137059
0.63892036
0.62651498
0.61415155
0.60182732
0.58953973
0.57728639
0.56506506
0.55287364
0.54071016
0.52857279
0.51645983
0.50436969
0.49230088
0.48025203
0.46822184
0.45620908
0.44421261
0.43223135
0.42026429
0.40831049
0.39636909
0.38443928
0.37252032
0.36061151
0.34871221
0.33682177
0.32493962
0.31306518
0.30119793
0.28933739
0.27748313
0.26563474
0.25379186
0.24195415
0.23012129
0.21829297
0.20646887
0.19464869
0.18283213
0.17101896
0.15920892
0.14740187
0.13559759
0.12379602
0.11199692
0.10020026
0.088405719
0.076613321
0.064822612
0.053033818
0.0412463
0.02946064
0.017675803
0.0058929486
1.4680436
1.4521978
1.4255447
1.3921846
1.3569447
1.3224345
1.2894457
1.2582703
1.2291794
1.2023096
1.1775611
1.1546638
1.1332966
1.1131655
1.0940308
1.0757045
1.0580408
1.0409269
1.0242763
1.008023
0.99211652
0.97651779
0.96119569
0.94612474
0.93128347
0.91665339
0.90221821
0.88796343
0.87387592
0.85994376
0.846156
0.83250258
0.81897425
0.80556242
0.7922592
0.77905725
0.76594977
0.75293045
0.73999342
0.72713323
0.71434479
0.70162337
0.68896453
0.67636418
0.66381847
0.65132383
0.63887691
0.62647461
0.61411402
0.60179243
0.58950728
0.5772562
0.56503695
0.55284745
0.54068575
0.52855003
0.51643862
0.50434992
0.49228246
0.48023487
0.46820585
0.45619418
0.4441987
0.43221836
0.42025215
0.40829915
0.3963585
0.3844294
0.37251112
0.36060295
0.34870423
0.33681434
0.32493267
0.31305867
0.30119182
0.28933167
0.27747777
0.26562974
0.25378722
0.24194986
0.23011732
0.21828928
0.20646541
0.19464542
0.18282903
0.17101602
0.15920615
0.14739927
0.13559521
0.12379384
0.11199494
0.10019844
0.088404031
0.076611675
0.064821046
0.053032221
0.041244836
0.029459111
0.017674598
0.0058915725
1.4970595
1.4707028
1.4325473
1.391847
1.3533049
1.3173072
1.2834907
1.2520395
1.2232393
1.1970414
1.1730981
1.1509752
1.1302864
1.1107261
1.09206
1.0741101
1.0567431
1.0398602
1.0233886
1.0072745
0.99147732
0.97596538
0.96071319
0.94569941
0.93090565
0.9163156
0.90191463
0.8876894
0.87362766
0.85971815
0.84595041
0.83231481
0.81880239
0.80540484
0.79211447
0.77892413
0.76582717
0.7528174
0.73988906
0.72703678
0.71425556
0.70154074
0.68888795
0.67629315
0.66375255
0.65126262
0.63882005
0.62642178
0.61406491
0.60174675
0.58946478
0.57721663
0.56500009
0.5528131
0.54065374
0.5285202
0.51641082
0.50432402
0.49225833
0.48021238
0.46818488
0.45617461
0.44418043
0.4322013
0.42023621
0.40828427
0.39634462
0.38441647
0.37249908
0.36059173
0.34869376
0.33680455
0.3249235
0.31305008
0.30118378
0.28932415
0.27747077
0.26562323
0.25378118
0.24194425
0.2301121
0.21828438
0.2064608
0.19464107
0.18282492
0.17101215
0.15920255
0.14739595
0.13559217
0.12379105
0.11199238
0.10019602
0.088401745
0.076609444
0.064818937
0.053030152
0.041243002
0.029457313
0.01767325
0.0058900878
1.558575
1.503832
1.4426719
1.3908428
1.3478205
1.3095238
1.2745218
1.2430356
1.2151037
1.1902043
1.1676048
1.1466774
1.1269742
1.1081903
1.0901164
1.0726077
1.0555641
1.0389168
1.0226172
1.00663
0.9909282
0.97548958
0.96029526
0.9453284
0.93057361
0.91601665
0.90164424
0.88744398
0.8734043
0.85951438
0.84576415
0.83214425
0.81864596
0.80526117
0.79198234
0.77880245
0.76571498
0.75271384
0.73979337
0.72694827
0.71417361
0.7014648
0.68881754
0.67622782
0.66369189
0.65120628
0.6387677
0.6263731
0.61401964
0.60170462
0.58942556
0.5771801
0.56496606
0.55278139
0.54062419
0.52849266
0.51638515
0.5043001
0.49223604
0.48019159
0.46816548
0.4561565
0.44416352
0.4321855
0.42022148
0.40827053
0.39633181
0.38440453
0.37248794
0.36058133
0.34868404
0.33679546
0.324915
0.31304212
0.30117635
0.28931723
0.27746433
0.26561725
0.25377561
0.24193905
0.23010722
0.2182798
0.20645649
0.19463702
0.18282114
0.17100863
0.1591993
0.14739296
0.13558941
0.12378849
0.11198998
0.10019375
0.088399586
0.076607391
0.06481703
0.053028389
0.041241454
0.029455919
0.017672173
0.005889213
1.6803152
1.5603169
1.4644423
1.4005747
1.351978
1.3093812
1.2715504
1.2388397
1.2107317
1.1861431
1.1640561
1.1437088
1.1245706
1.106285
1.0886205
1.0714325
1.0546329
1.0381679
1.0220039
1.0061179
0.99049223
0.9751121
0.95996367
0.9450337
0.93030929
0.91577792
0.90142747
0.88724636
0.87322355
0.85934866
0.84561191
0.83200415
0.81851685
0.80514203
0.79187227
0.77870067
0.76562077
0.75262656
0.73971244
0.72687317
0.71410389
0.70140003
0.68875734
0.67617184
0.66363982
0.65115783
0.6387226
0.62633111
0.61398052
0.60166817
0.58939158
0.57714843
0.56493653
0.55275385
0.54059851
0.52846872
0.51636283
0.50427927
0.4922166
0.48017345
0.46814854
0.45614068
0.44414876
0.43217173
0.42020862
0.40825854
0.39632062
0.38439409
0.37247819
0.36057222
0.34867553
0.33678749
0.32490756
0.31303518
0.30116988
0.2893112
0.2774587
0.265612
0.25377071
0.24193446
0.23010293
0.21827578
0.20645272
0.1946335
0.18281787
0.1710056
0.1591965
0.14739036
0.13558699
0.12378622
0.11198786
0.10019174
0.088397717
0.076605659
0.064815442
0.053026965
0.041240161
0.029454843
0.017671203
0.0058886947
)
;

boundaryField
{
    top
    {
        type            zeroGradient;
    }
    bottom
    {
        type            zeroGradient;
    }
    inlet
    {
        type            zeroGradient;
    }
    outlet
    {
        type            fixedValue;
        value           uniform 0;
    }
    front
    {
        type            empty;
    }
    back
    {
        type            empty;
    }
}


// ************************************************************************* //
