/*--------------------------------*- C++ -*----------------------------------*\
  =========                 |
  \\      /  F ield         | OpenFOAM: The Open Source CFD Toolbox
   \\    /   O peration     | Website:  https://openfoam.org
    \\  /    A nd           | Version:  13
     \\/     M anipulation  |
\*---------------------------------------------------------------------------*/
FoamFile
{
    format      ascii;
    class       surfaceScalarField;
    location    "11";
    object      phi;
}
// * * * * * * * * * * * * * * * * * * * * * * * * * * * * * * * * * * * * * //

dimensions      [0 3 -1 0 0 0 0];

internalField   nonuniform List<scalar> 
1890
(
0.0093140727
0.00068592734
0.0082963401
0.0010177326
0.0073480839
0.00094825624
0.0065167791
0.00083130473
0.0058112103
0.00070556886
0.0052369127
0.00057429755
0.0047862484
0.00045066427
0.004441012
0.00034523642
0.0041802971
0.0002607149
0.0039843511
0.00019594606
0.0038366531
0.00014769798
0.003724003
0.00011265008
0.0036363473
8.7655664e-05
0.0035663586
6.9988762e-05
0.003508873
5.7485613e-05
0.0034603388
4.853413e-05
0.0034183544
4.1984442e-05
0.0033813121
3.7042271e-05
0.0033481383
3.3173827e-05
0.003318109
3.0029289e-05
0.0032907248
2.7384164e-05
0.0032656285
2.5096343e-05
0.0032425523
2.3076187e-05
0.0032212857
2.1266627e-05
0.0032016553
1.9630403e-05
0.0031835132
1.8142098e-05
0.0031667299
1.6783306e-05
0.0031511901
1.5539789e-05
0.0031367902
1.439986e-05
0.0031234367
1.3353503e-05
0.0031110448
1.2391898e-05
0.0030995377
1.1507168e-05
0.0030888454
1.069224e-05
0.0030789047
9.9407483e-06
0.0030696577
9.2469705e-06
0.0030610519
8.6057673e-06
0.0030530394
8.0125272e-06
0.0030455763
7.4631141e-06
0.0030386225
6.9538162e-06
0.0030321412
6.4813002e-06
0.0030260986
6.0425668e-06
0.0030204637
5.6349133e-06
0.0030152078
5.2558981e-06
0.0030103045
4.9033099e-06
0.0030057293
4.5751413e-06
0.0030014598
4.2695646e-06
0.0029974749
3.9849124e-06
0.0029937552
3.7196593e-06
0.0029902828
3.4724067e-06
0.0029870409
3.2418707e-06
0.0029840141
3.0268692e-06
0.0029811877
2.8263139e-06
0.0029785485
2.6392e-06
0.0029760839
2.4645988e-06
0.0029737823
2.3016511e-06
0.0029716327
2.1495599e-06
0.0029696252
2.0075865e-06
0.0029677501
1.8750445e-06
0.0029659988
1.7512964e-06
0.0029643631
1.63575e-06
0.0029628352
1.5278545e-06
0.0029614081
1.4270981e-06
0.0029600751
1.3330046e-06
0.00295883
1.2451302e-06
0.0029576669
1.1630621e-06
0.0029565805
1.0864135e-06
0.0029555657
1.0148254e-06
0.0029546177
9.4796086e-07
0.0029537322
8.8550687e-07
0.002952905
8.2716999e-07
0.0029521323
7.7267805e-07
0.0029514106
7.2177508e-07
0.0029507363
6.7422711e-07
0.0029501065
6.2980908e-07
0.0029495182
5.8832155e-07
0.0029489687
5.4956247e-07
0.0029484553
5.1336316e-07
0.0029479758
4.7953702e-07
0.0029475278
4.4794596e-07
0.0029471094
4.1840881e-07
0.0029467186
3.908267e-07
0.0029463535
3.6500983e-07
0.0029460126
3.4091789e-07
0.0029456943
3.1832642e-07
0.002945397
2.9728332e-07
0.0029451195
2.7748235e-07
0.0029448604
2.5910803e-07
0.0029446187
2.4169711e-07
0.002944393
2.2565759e-07
0.0029441828
2.1025788e-07
0.0029439865
1.9627282e-07
0.0029438039
1.8254477e-07
0.0029436335
1.7040118e-07
0.0029434755
1.5808333e-07
0.0029433279
1.4758851e-07
0.0029431912
1.3664385e-07
0.0029430636
1.2760156e-07
0.0029429446
1.1900307e-07
0.002942834
1.106107e-07
1.0846492e-07
0.010341662
0.00034426525
0.010578184
0.00078121018
0.010615671
0.00091076958
0.010553945
0.00089303089
0.010425822
0.00083369228
0.010248587
0.0007515321
0.010044962
0.00065428931
0.0098354604
0.00055473801
0.0096327827
0.00046339257
0.0094437308
0.00038499801
0.0092713466
0.0003200822
0.009116574
0.00026742265
0.0089789731
0.00022525657
0.0088572403
0.00019172157
0.0087496634
0.00016506246
0.0086544456
0.00014375196
0.00856989
0.00012654003
0.0084944845
0.00011244779
0.0084269262
0.00010073206
0.0083661156
9.083989e-05
0.0083111353
8.2364462e-05
0.0082612243
7.500743e-05
0.0082157512
6.8549259e-05
0.0081741908
6.2827004e-05
0.0081361031
5.7718107e-05
0.0081011164
5.3128748e-05
0.0080689141
4.8985618e-05
0.0080392237
4.5230176e-05
0.0080118089
4.1814701e-05
0.0079864628
3.8699579e-05
0.0079630033
3.5851417e-05
0.0079412688
3.3241724e-05
0.0079211151
3.0845948e-05
0.007902413
2.8642768e-05
0.0078850465
2.661355e-05
0.0078689103
2.4741926e-05
0.0078539094
2.3013452e-05
0.0078399571
2.141533e-05
0.0078269748
1.9936179e-05
0.0078148902
1.8565843e-05
0.0078036376
1.729523e-05
0.0077931563
1.6116176e-05
0.0077833909
1.5021325e-05
0.0077742902
1.4004036e-05
0.007765807
1.3058292e-05
0.007757898
1.2178629e-05
0.0077505228
1.1360069e-05
0.0077436444
1.0598068e-05
0.0077372283
9.8884674e-06
0.0077312427
9.227451e-06
0.0077256581
8.6115132e-06
0.007720447
8.0374302e-06
0.007715584
7.502233e-06
0.0077110454
7.0031864e-06
0.0077068093
6.537767e-06
0.0077028552
6.1036431e-06
0.0076991641
5.6986572e-06
0.0076957183
5.3208075e-06
0.0076925014
4.968235e-06
0.0076894979
4.6392105e-06
0.0076866936
4.3321261e-06
0.0076840753
4.0454885e-06
0.0076816304
3.7779124e-06
0.0076793474
3.5281137e-06
0.0076772156
3.2949023e-06
0.0076752248
3.0771709e-06
0.0076733657
2.8738902e-06
0.0076716296
2.6840955e-06
0.0076700082
2.5068866e-06
0.0076684939
2.3414148e-06
0.0076670797
2.1868912e-06
0.0076657589
2.0425735e-06
0.0076645254
1.907784e-06
0.0076633733
1.7818807e-06
0.0076622974
1.6642926e-06
0.0076612925
1.5544563e-06
0.0076603539
1.4518926e-06
0.0076594773
1.3560834e-06
0.0076586586
1.2666283e-06
0.007657894
1.1830186e-06
0.0076571799
1.1049471e-06
0.007656513
1.0318847e-06
0.0076558903
9.6367391e-07
0.007655309
8.9971383e-07
0.0076547662
8.4009148e-07
0.0076542596
7.8401146e-07
0.0076537867
7.319461e-07
0.0076533457
6.8266459e-07
0.007652934
6.3728449e-07
0.0076525505
5.937272e-07
0.0076521925
5.5427565e-07
0.0076518598
5.153049e-07
0.007651549
4.8125556e-07
0.0076512614
4.4570787e-07
0.007650992
4.1702843e-07
0.007650745
3.8358515e-07
0.0076505114
3.6110879e-07
0.0076503023
3.2811877e-07
0.0076500982
3.146986e-07
2.8110538e-07
0.010181464
0.00016280099
0.010521798
0.00044087646
0.010842482
0.0005900857
0.011112769
0.00062274377
0.01133602
0.00061044158
0.011508579
0.00057897246
0.011630744
0.00053212461
0.011709907
0.00047557513
0.011755697
0.00041760216
0.011776644
0.00036405135
0.011779503
0.0003172236
0.011769652
0.00027727348
0.01175133
0.00024357849
0.011727726
0.00021532523
0.011701127
0.0001916616
0.011673116
0.00017176284
0.011644765
0.00015489119
0.011616781
0.00014043215
0.011589614
0.0001278991
0.011563536
0.00011691723
0.0115387
0.0001072008
0.011515175
9.8531964e-05
0.011492981
9.0743651e-05
0.011472101
8.3706504e-05
0.011452501
7.7318971e-05
0.011434129
7.1499934e-05
0.011416932
6.6183299e-05
0.011400848
6.1314145e-05
0.011385816
5.6846009e-05
0.011371777
5.2738994e-05
0.01135867
4.8958427e-05
0.011346438
4.5473896e-05
0.011335025
4.2258525e-05
0.01132438
3.9288435e-05
0.011314451
3.6542307e-05
0.011305192
3.4001038e-05
0.011296558
3.1647459e-05
0.011288507
2.9466099e-05
0.011281
2.7442979e-05
0.011274001
2.5565443e-05
0.011267474
2.3822013e-05
0.011261388
2.2202257e-05
0.011255712
2.0696681e-05
0.01125042
1.9296628e-05
0.011245484
1.7994192e-05
0.01124088
1.678214e-05
0.011236587
1.5653841e-05
0.011232581
1.4603202e-05
0.011228845
1.3624613e-05
0.01122536
1.2712902e-05
0.011222108
1.1863294e-05
0.011219074
1.1071384e-05
0.011216243
1.0333103e-05
0.011213602
9.6447004e-06
0.011211137
9.002714e-06
0.011208837
8.4039452e-06
0.01120669
7.8454301e-06
0.011204686
7.3244153e-06
0.011202816
6.8383347e-06
0.01120107
6.3847924e-06
0.011199441
5.9615558e-06
0.01119792
5.5665466e-06
0.0111965
5.1978411e-06
0.011195175
4.853662e-06
0.011193937
4.5323696e-06
0.011192782
4.2324458e-06
0.011191703
3.9524784e-06
0.011190696
3.6911415e-06
0.011189756
3.4471892e-06
0.011188878
3.2194373e-06
0.011188058
3.0067832e-06
0.011187292
2.8081838e-06
0.011186577
2.6226957e-06
0.01118591
2.4494307e-06
0.011185287
2.2876098e-06
0.011184704
2.1364709e-06
0.011184161
1.9953692e-06
0.011183653
1.8635985e-06
0.011183179
1.7406136e-06
0.011182737
1.6256924e-06
0.011182323
1.5184137e-06
0.011181937
1.4180009e-06
0.011181577
1.3242634e-06
0.01118124
1.236309e-06
0.011180926
1.1543572e-06
0.011180633
1.0771994e-06
0.011180359
1.0057214e-06
0.011180103
9.3793336e-07
0.011179865
8.758755e-07
0.011179643
8.1593191e-07
0.011179435
7.6233989e-07
0.011179241
7.0839519e-07
0.01117906
6.6265068e-07
0.011178893
6.1260119e-07
0.011178735
5.7502354e-07
0.011178592
5.2649163e-07
0.011178455
4.9874634e-07
0.011178334
4.4848326e-07
0.011178216
4.3336472e-07
3.8097553e-07
0.010094914
6.7887459e-05
0.010340233
0.00019555688
0.01065185
0.00027846872
0.010969203
0.00030539076
0.011273712
0.00030593223
0.01155641
0.00029627538
0.011809194
0.00027934035
0.012028326
0.00025644288
0.012214936
0.00023099244
0.012372692
0.0002062952
0.012505836
0.00018407978
0.012618428
0.00016468132
0.012714101
0.00014790564
0.012795956
0.0001334696
0.012866554
0.00012106421
0.01292795
0.00011036697
0.012981772
0.0001010693
0.0130293
9.2903906e-05
0.013071543
8.5656024e-05
0.0131093
7.9159895e-05
0.013143212
7.3289263e-05
0.013173796
6.7947847e-05
0.013201478
6.3061736e-05
0.013226611
5.8573585e-05
0.013249491
5.4438199e-05
0.013270372
5.0619183e-05
0.013289469
4.7086479e-05
0.013306969
4.3814635e-05
0.013323033
4.078161e-05
0.013337804
3.7967979e-05
0.013351406
3.5356392e-05
0.013363949
3.2931204e-05
0.013375529
3.0678201e-05
0.013386233
2.8584414e-05
0.013396137
2.6637959e-05
0.01340531
2.4827924e-05
0.013413814
2.3144269e-05
0.013421702
2.1577745e-05
0.013429025
2.0119825e-05
0.013435828
1.8762645e-05
0.013442151
1.7498948e-05
0.013448031
1.6322038e-05
0.013453502
1.5225734e-05
0.013458595
1.4204328e-05
0.013463336
1.325255e-05
0.013467753
1.2365523e-05
0.013471868
1.1538731e-05
0.013475703
1.0767984e-05
0.013479278
1.0049388e-05
0.013482612
9.3793233e-06
0.013485721
8.7544246e-06
0.013488621
8.1715669e-06
0.013491326
7.6278551e-06
0.01349385
7.1206102e-06
0.013496205
6.6473557e-06
0.013498403
6.2057974e-06
0.013500455
5.7938026e-06
0.01350237
5.4093803e-06
0.013504158
5.0506633e-06
0.013505827
4.7159002e-06
0.013507385
4.4034511e-06
0.01350884
4.1117871e-06
0.013510198
3.8394955e-06
0.013511466
3.5852762e-06
0.013512651
3.3479359e-06
0.013513757
3.1263706e-06
0.01351479
2.9195533e-06
0.013515754
2.7265118e-06
0.013516655
2.5463229e-06
0.013517497
2.3781033e-06
0.013518282
2.2210272e-06
0.013519016
2.0743132e-06
0.013519702
1.9372625e-06
0.013520342
1.8092236e-06
0.01352094
1.6896372e-06
0.013521498
1.5779519e-06
0.01352202
1.4737104e-06
0.013522507
1.3763888e-06
0.013522962
1.2855874e-06
0.013523387
1.2007449e-06
0.013523784
1.1215508e-06
0.013524155
1.0473895e-06
0.013524501
9.7815448e-07
0.013524824
9.1312977e-07
0.013525126
8.5259027e-07
0.013525407
7.9552989e-07
0.01352567
7.4282256e-07
0.013525915
6.9272701e-07
0.013526144
6.4715221e-07
0.013526357
6.0283067e-07
0.013526556
5.6367935e-07
0.013526741
5.2357792e-07
0.013526913
4.9038875e-07
0.013527073
4.5275172e-07
0.013527222
4.2586748e-07
0.013527359
3.8891232e-07
0.013527488
3.6963533e-07
0.013527606
3.3091758e-07
0.013527719
3.2068421e-07
2.8189439e-07
0.010067887
-4.4173828e-13
0.010263444
-3.3334276e-12
0.010541913
-3.7173843e-12
0.010847304
1.8320783e-13
0.011153236
6.6916832e-12
0.011449511
1.2427398e-11
0.011728852
1.3850234e-11
0.011985295
9.9279322e-12
0.012216287
-6.8602806e-14
0.012422582
-1.2397195e-11
0.012606662
-2.424421e-11
0.012771343
-2.8526948e-11
0.012919249
-2.5704674e-11
0.013052719
-1.3627171e-11
0.013173783
5.2262644e-12
0.01328415
2.515188e-11
0.013385219
3.9011108e-11
0.013478123
4.2517749e-11
0.013563779
3.3547677e-11
0.013642939
1.2379902e-11
0.013716228
-1.5160025e-11
0.013784176
-4.0279673e-11
0.013847238
-5.329857e-11
0.013905811
-5.1688436e-11
0.01396025
-3.3057001e-11
0.014010869
-2.5129111e-12
0.014057955
3.00662e-11
0.01410177
5.4083635e-11
0.014142551
6.0686459e-11
0.014180519
5.0649101e-11
0.014215876
2.400094e-11
0.014248807
-9.9769324e-12
0.014279485
-4.0673481e-11
0.01430807
-5.7828226e-11
0.014334708
-5.7699669e-11
0.014359536
-3.9940946e-11
0.01438268
-9.3476023e-12
0.014404258
2.3973644e-11
0.014424377
5.0092766e-11
0.01444314
6.0141811e-11
0.014460639
5.3923009e-11
0.014476961
3.096395e-11
0.014492187
-1.3907159e-12
0.014506391
-3.2290379e-11
0.014519644
-4.9874977e-11
0.014532009
-5.0972432e-11
0.014543548
-3.3122156e-11
0.014554316
-2.370037e-12
0.014564365
3.0392185e-11
0.014573745
5.3313762e-11
0.014582499
6.0342052e-11
0.01459067
4.6556952e-11
0.014598298
1.8033319e-11
0.014605419
-1.5011373e-11
0.014612066
-3.9212823e-11
0.014618272
-4.303356e-11
0.014624066
-2.5560057e-11
0.014629475
7.5441622e-12
0.014634526
4.446838e-11
0.014639242
6.8253262e-11
0.014643645
7.3759671e-11
0.014647757
5.5067021e-11
0.014651596
1.9215663e-11
0.014655182
-1.9998185e-11
0.01465853
-4.4783922e-11
0.014661656
-4.3118504e-11
0.014664576
-1.2578272e-11
0.014667302
3.4635942e-11
0.014669848
8.4210343e-11
0.014672226
1.0877134e-10
0.014674447
1.0773974e-10
0.014676521
7.392526e-11
0.014678459
1.8233809e-11
0.014680268
-3.7924117e-11
0.014681958
-7.0605389e-11
0.014683536
-6.3547908e-11
0.014685009
-1.7145508e-11
0.014686386
5.4921697e-11
0.014687671
1.2999628e-10
0.014688872
1.6856613e-10
0.014689993
1.6426058e-10
0.01469104
1.0392244e-10
0.014692018
4.5943617e-12
0.014692932
-1.0242171e-10
0.014693784
-1.704817e-10
0.01469458
-1.8550721e-10
0.014695323
-1.2632423e-10
0.014696016
-1.3294461e-11
0.014696663
1.1304179e-10
0.014697266
2.0700371e-10
0.014697829
2.2073527e-10
0.014698352
1.5249283e-10
0.014698843
5.4222499e-12
0.014699295
-1.6114961e-10
0.014699721
-3.0082746e-10
0.014700111
-3.6588406e-10
0.014700481
-3.1216822e-10
0.014700812
-1.4308871e-10
0.014701133
6.8159056e-11
7.7273497e-11
0.010067887
-6.788746e-05
0.010263444
-0.00019555689
0.010541913
-0.00027846872
0.010847304
-0.00030539076
0.011153236
-0.00030593221
0.011449511
-0.00029627536
0.011728852
-0.00027934033
0.011985295
-0.00025644287
0.012216287
-0.00023099244
0.012422582
-0.00020629523
0.012606662
-0.00018407982
0.012771343
-0.00016468137
0.012919249
-0.00014790567
0.013052719
-0.00013346961
0.013173783
-0.00012106419
0.01328415
-0.00011036693
0.013385219
-0.00010106924
0.013478123
-9.2903847e-05
0.013563779
-8.5655985e-05
0.013642939
-7.9159891e-05
0.013716228
-7.3289297e-05
0.013784176
-6.7947913e-05
0.013847238
-6.3061814e-05
0.013905811
-5.8573651e-05
0.01396025
-5.4438232e-05
0.014010869
-5.0619171e-05
0.014057955
-4.7086426e-05
0.01410177
-4.3814555e-05
0.014142551
-4.0781527e-05
0.014180519
-3.7967919e-05
0.014215876
-3.5356374e-05
0.014248807
-3.2931231e-05
0.014279485
-3.0678265e-05
0.01430807
-2.8584494e-05
0.014334708
-2.6638031e-05
0.014359536
-2.4827965e-05
0.01438268
-2.3144267e-05
0.014404258
-2.15777e-05
0.014424377
-2.0119751e-05
0.01444314
-1.8762564e-05
0.014460639
-1.7498884e-05
0.014476961
-1.6322009e-05
0.014492187
-1.5225747e-05
0.014506391
-1.4204377e-05
0.014519644
-1.3252616e-05
0.014532009
-1.2365582e-05
0.014543548
-1.153876e-05
0.014554316
-1.076797e-05
0.014564365
-1.0049335e-05
0.014573745
-9.3792467e-06
0.014582499
-8.7543484e-06
0.01459067
-8.1715156e-06
0.014598298
-7.6278429e-06
0.014605419
-7.1206362e-06
0.014612066
-6.6474034e-06
0.014618272
-6.2058397e-06
0.014624066
-5.7938138e-06
0.014629475
-5.4093453e-06
0.014634526
-5.0505852e-06
0.014639242
-4.7157993e-06
0.014643645
-4.4033554e-06
0.014647757
-4.1117254e-06
0.014651596
-3.8394826e-06
0.014655182
-3.5853059e-06
0.01465853
-3.3479827e-06
0.014661656
-3.1263992e-06
0.014664576
-2.919532e-06
0.014667302
-2.7264261e-06
0.014669848
-2.5461833e-06
0.014672226
-2.3779439e-06
0.014674447
-2.2208878e-06
0.014676522
-2.0742322e-06
0.014678459
-1.9372559e-06
0.014680268
-1.8092769e-06
0.014681958
-1.6897112e-06
0.014683536
-1.5779943e-06
0.01468501
-1.4736754e-06
0.014686386
-1.3762561e-06
0.014687671
-1.2853728e-06
0.014688872
-1.2005038e-06
0.014689993
-1.1213506e-06
0.014691041
-1.0472941e-06
0.014692019
-9.7819631e-07
0.014692932
-9.1329925e-07
0.014693784
-8.5282587e-07
0.01469458
-7.9574636e-07
0.014695323
-7.4293498e-07
0.014696016
-6.9268531e-07
0.014696663
-6.4696168e-07
0.014697266
-6.0255327e-07
0.014697829
-5.6342547e-07
0.014698353
-5.234584e-07
0.014698843
-4.904804e-07
0.014699296
-4.5306242e-07
0.014699722
-4.2633731e-07
0.014700111
-3.8940372e-07
0.014700481
-3.7001441e-07
0.014700812
-3.3109466e-07
0.014701133
-3.2063837e-07
-2.8185963e-07
0.010094914
-0.00016280099
0.010340233
-0.00044087647
0.01065185
-0.0005900857
0.010969203
-0.00062274376
0.011273712
-0.00061044157
0.01155641
-0.00057897244
0.011809194
-0.00053212461
0.012028326
-0.00047557515
0.012214936
-0.00041760218
0.012372692
-0.00036405137
0.012505836
-0.00031722362
0.012618428
-0.00027727349
0.012714101
-0.00024357848
0.012795956
-0.0002153252
0.012866554
-0.00019166158
0.01292795
-0.00017176282
0.012981772
-0.00015489118
0.0130293
-0.00014043215
0.013071543
-0.00012789912
0.0131093
-0.00011691725
0.013143212
-0.00010720083
0.013173796
-9.853198e-05
0.013201478
-9.0743653e-05
0.013226611
-8.3706492e-05
0.013249491
-7.7318951e-05
0.013270372
-7.1499911e-05
0.013289469
-6.6183281e-05
0.013306969
-6.1314138e-05
0.013323033
-5.6846014e-05
0.013337804
-5.2739009e-05
0.013351406
-4.8958446e-05
0.013363949
-4.5473912e-05
0.013375529
-4.2258534e-05
0.013386233
-3.9288433e-05
0.013396137
-3.6542295e-05
0.01340531
-3.400102e-05
0.013413814
-3.1647441e-05
0.013421702
-2.9466085e-05
0.013429025
-2.7442973e-05
0.013435828
-2.5565447e-05
0.013442151
-2.3822024e-05
0.013448031
-2.220227e-05
0.013453502
-2.069669e-05
0.013458595
-1.9296627e-05
0.013463336
-1.7994179e-05
0.013467753
-1.6782119e-05
0.013471868
-1.5653816e-05
0.013475703
-1.4603181e-05
0.013479278
-1.3624602e-05
0.013482612
-1.2712903e-05
0.013485721
-1.1863305e-05
0.013488621
-1.1071396e-05
0.013491326
-1.0333108e-05
0.01349385
-9.6446907e-06
0.013496205
-9.0026868e-06
0.013498403
-8.4039041e-06
0.013500455
-7.8453847e-06
0.01350237
-7.3243765e-06
0.013504158
-6.8383111e-06
0.013505827
-6.3847869e-06
0.013507385
-5.9615628e-06
0.01350884
-5.5665553e-06
0.013510198
-5.1978378e-06
0.013511466
-4.8536361e-06
0.013512651
-4.5323177e-06
0.013513757
-4.2323744e-06
0.01351479
-3.9524023e-06
0.013515754
-3.6910767e-06
0.013516655
-3.4471479e-06
0.013517497
-3.2194232e-06
0.013518282
-3.0067883e-06
0.013519016
-2.8081931e-06
0.013519702
-2.6226893e-06
0.013520342
-2.4493925e-06
0.01352094
-2.2875343e-06
0.013521498
-2.136366e-06
0.01352202
-1.9952561e-06
0.013522507
-1.8635018e-06
0.013522962
-1.7405564e-06
0.013523387
-1.6256863e-06
0.013523784
-1.5184526e-06
0.013524155
-1.4180632e-06
0.013524501
-1.3243188e-06
0.013524824
-1.2363304e-06
0.013525126
-1.1543301e-06
0.013525408
-1.0771278e-06
0.01352567
-1.0056331e-06
0.013525916
-9.3786311e-07
0.013526144
-8.7585841e-07
0.013526358
-8.1598464e-07
0.013526556
-7.6246292e-07
0.013526741
-7.0856243e-07
0.013526913
-6.6282657e-07
0.013527073
-6.1274047e-07
0.013527222
-5.751151e-07
0.01352736
-5.2653058e-07
0.013527488
-4.987572e-07
0.013527606
-4.4858379e-07
0.013527719
-4.3359891e-07
-3.8116589e-07
0.010181464
-0.00034426525
0.010521798
-0.00078121018
0.010842482
-0.00091076957
0.011112769
-0.00089303088
0.01133602
-0.00083369227
0.011508579
-0.0007515321
0.011630744
-0.00065428933
0.011709907
-0.00055473803
0.011755697
-0.00046339259
0.011776644
-0.00038499801
0.011779503
-0.00032008219
0.011769652
-0.00026742262
0.01175133
-0.00022525654
0.011727726
-0.00019172155
0.011701127
-0.00016506245
0.011673116
-0.00014375198
0.011644765
-0.00012654006
0.011616781
-0.00011244783
0.011589614
-0.0001007321
0.011563536
-9.0839903e-05
0.0115387
-8.2364451e-05
0.011515175
-7.5007397e-05
0.011492981
-6.8549213e-05
0.011472101
-6.2826963e-05
0.011452501
-5.7718083e-05
0.011434129
-5.3128751e-05
0.011416932
-4.8985646e-05
0.011400848
-4.523022e-05
0.011385816
-4.1814747e-05
0.011371777
-3.8699611e-05
0.01135867
-3.5851425e-05
0.011346438
-3.3241705e-05
0.011335025
-3.0845909e-05
0.01132438
-2.864272e-05
0.011314451
-2.6613509e-05
0.011305192
-2.4741905e-05
0.011296558
-2.3013456e-05
0.011288507
-2.1415357e-05
0.011281
-1.993622e-05
0.011274001
-1.8565885e-05
0.011267474
-1.7295259e-05
0.011261388
-1.6116181e-05
0.011255712
-1.5021304e-05
0.01125042
-1.4003994e-05
0.011245484
-1.3058242e-05
0.01124088
-1.2178586e-05
0.011236587
-1.1360048e-05
0.011232581
-1.0598076e-05
0.011228845
-9.8885006e-06
0.01122536
-9.227496e-06
0.011222108
-8.611552e-06
0.011219074
-8.0374456e-06
0.011216243
-7.5022159e-06
0.011213602
-7.0031393e-06
0.011211137
-6.5377039e-06
0.011208837
-6.1035851e-06
0.01120669
-5.6986239e-06
0.011204686
-5.3208096e-06
0.011202816
-4.9682687e-06
0.01120107
-4.639259e-06
0.011199441
-4.3321656e-06
0.01119792
-4.0454968e-06
0.0111965
-3.7778785e-06
0.011195175
-3.5280422e-06
0.011193937
-3.2948129e-06
0.011192782
-3.0770923e-06
0.011191703
-2.8738479e-06
0.011190696
-2.6841019e-06
0.011189756
-2.506934e-06
0.011188878
-2.3414786e-06
0.011188058
-2.1869391e-06
0.011187293
-2.0425762e-06
0.011186578
-1.907728e-06
0.01118591
-1.7817733e-06
0.011185287
-1.664162e-06
0.011184705
-1.5543435e-06
0.011184161
-1.4518345e-06
0.011183654
-1.3561006e-06
0.01118318
-1.2667137e-06
0.011182737
-1.1831399e-06
0.011182324
-1.1050565e-06
0.011181938
-1.0319343e-06
0.011181577
-9.6363722e-07
0.011181241
-8.9959424e-07
0.011180926
-8.3992627e-07
0.011180633
-7.83861e-07
0.011180359
-7.3187185e-07
0.011180104
-6.82707e-07
0.011179865
-6.374445e-07
0.011179643
-5.9396146e-07
0.011179435
-5.5451565e-07
0.011179242
-5.1547175e-07
0.011179061
-4.8130372e-07
0.011178894
-4.456269e-07
0.011178736
-4.1687367e-07
0.011178593
-3.834531e-07
0.011178455
-3.6109101e-07
0.011178334
-3.2829362e-07
0.011178216
-3.1501546e-07
-2.8131834e-07
0.010341662
-0.00068592734
0.010578184
-0.0010177326
0.010615671
-0.00094825623
0.010553945
-0.00083130473
0.010425822
-0.00070556886
0.010248587
-0.00057429757
0.010044962
-0.00045066429
0.0098354604
-0.00034523643
0.0096327827
-0.0002607149
0.0094437308
-0.00019594605
0.0092713466
-0.00014769796
0.009116574
-0.00011265006
0.0089789731
-8.7655653e-05
0.0088572403
-6.9988762e-05
0.0087496634
-5.7485624e-05
0.0086544456
-4.853415e-05
0.00856989
-4.1984467e-05
0.0084944844
-3.7042291e-05
0.0084269262
-3.3173836e-05
0.0083661156
-3.0029283e-05
0.0083111353
-2.7384144e-05
0.0082612243
-2.5096315e-05
0.0082157512
-2.307616e-05
0.0081741908
-2.126661e-05
0.0081361031
-1.9630402e-05
0.0081011165
-1.8142113e-05
0.0080689141
-1.6783333e-05
0.0080392237
-1.5539819e-05
0.0080118089
-1.4399883e-05
0.0079864628
-1.3353512e-05
0.0079630033
-1.239189e-05
0.0079412687
-1.1507146e-05
0.0079211151
-1.0692211e-05
0.0079024131
-9.9407212e-06
0.0078850465
-9.2469536e-06
0.0078689103
-8.6057656e-06
0.0078539094
-8.0125409e-06
0.0078399572
-7.4631384e-06
0.0078269748
-6.9538434e-06
0.0078148902
-6.4813213e-06
0.0078036375
-6.042575e-06
0.0077931563
-5.6349057e-06
0.0077833909
-5.2558768e-06
0.0077742902
-4.9032816e-06
0.0077658071
-4.5751153e-06
0.007757898
-4.2695496e-06
0.0077505229
-3.9849135e-06
0.0077436444
-3.7196758e-06
0.0077372283
-3.4724325e-06
0.0077312427
-3.2418958e-06
0.0077256581
-3.0268838e-06
0.007720447
-2.8263113e-06
0.007715584
-2.63918e-06
0.0077110454
-2.4645678e-06
0.0077068093
-2.3016199e-06
0.0077028553
-2.14954e-06
0.0076991642
-2.0075851e-06
0.0076957184
-1.8750619e-06
0.0076925015
-1.751325e-06
0.007689498
-1.6357772e-06
0.0076866937
-1.5278676e-06
0.0076840753
-1.4270891e-06
0.0076816305
-1.3329741e-06
0.0076793475
-1.2450874e-06
0.0076772157
-1.1630217e-06
0.007675225
-1.0863906e-06
0.0076733659
-1.0148284e-06
0.0076716298
-9.4798849e-07
0.0076700084
-8.855473e-07
0.0076684941
-8.2720522e-07
0.0076670799
-7.7269118e-07
0.0076657591
-7.2175621e-07
0.0076645256
-6.7417854e-07
0.0076633736
-6.297449e-07
0.0076622977
-5.882632e-07
0.0076612929
-5.4953185e-07
0.0076603543
-5.1337308e-07
0.0076594777
-4.7958634e-07
0.007658659
-4.480182e-07
0.0076578943
-4.1847751e-07
0.0076571802
-3.9086467e-07
0.0076565133
-3.6499907e-07
0.0076558906
-3.4085728e-07
0.0076553093
-3.182343e-07
0.0076547666
-2.9719079e-07
0.0076542601
-2.7742567e-07
0.0076537872
-2.5911181e-07
0.0076533462
-2.4176804e-07
0.0076529344
-2.2577719e-07
0.0076525508
-2.1038964e-07
0.0076521926
-1.9637375e-07
0.0076518599
-1.8258109e-07
0.007651549
-1.7036112e-07
0.0076512615
-1.5798997e-07
0.0076509921
-1.4748317e-07
0.0076507452
-1.3658357e-07
0.0076505116
-1.2762698e-07
0.0076503023
-1.1911328e-07
0.0076500981
-1.1073793e-07
-1.085499e-07
0.0093140727
0.0082963401
0.0073480839
0.0065167791
0.0058112103
0.0052369127
0.0047862484
0.004441012
0.0041802971
0.0039843511
0.0038366531
0.003724003
0.0036363474
0.0035663586
0.003508873
0.0034603388
0.0034183544
0.0033813121
0.0033481383
0.003318109
0.0032907248
0.0032656285
0.0032425523
0.0032212857
0.0032016553
0.0031835132
0.0031667299
0.0031511901
0.0031367902
0.0031234367
0.0031110448
0.0030995376
0.0030888454
0.0030789047
0.0030696577
0.003061052
0.0030530394
0.0030455763
0.0030386225
0.0030321411
0.0030260986
0.0030204637
0.0030152078
0.0030103045
0.0030057294
0.0030014598
0.0029974749
0.0029937552
0.0029902828
0.0029870409
0.002984014
0.0029811877
0.0029785486
0.002976084
0.0029737824
0.0029716328
0.0029696252
0.0029677501
0.0029659988
0.0029643631
0.0029628352
0.0029614081
0.0029600752
0.0029588301
0.002957667
0.0029565806
0.0029555658
0.0029546178
0.0029537323
0.0029529051
0.0029521324
0.0029514106
0.0029507365
0.0029501067
0.0029495184
0.0029489689
0.0029484555
0.0029479759
0.0029475279
0.0029471094
0.0029467186
0.0029463536
0.0029460128
0.0029456945
0.0029453973
0.0029451198
0.0029448607
0.0029446189
0.0029443931
0.0029441827
0.0029439864
0.0029438038
0.0029436335
0.0029434755
0.002943328
0.0029431913
0.0029430637
0.0029429446
0.0029428339
)
;

boundaryField
{
    top
    {
        type            calculated;
        value           uniform 0;
    }
    bottom
    {
        type            calculated;
        value           uniform 0;
    }
    inlet
    {
        type            calculated;
        value           nonuniform List<scalar> 10(-0.01 -0.01 -0.01 -0.01 -0.01 -0.01 -0.01 -0.01 -0.01 -0.01);
    }
    outlet
    {
        type            calculated;
        value           nonuniform List<scalar> 10(0.0029427255 0.0076499256 0.011178116 0.013527818 0.014701415 0.014701415 0.013527818 0.011178116 0.0076499254 0.0029427253);
    }
    front
    {
        type            empty;
    }
    back
    {
        type            empty;
    }
}


// ************************************************************************* //
