/*--------------------------------*- C++ -*----------------------------------*\
  =========                 |
  \\      /  F ield         | OpenFOAM: The Open Source CFD Toolbox
   \\    /   O peration     | Website:  https://openfoam.org
    \\  /    A nd           | Version:  13
     \\/     M anipulation  |
\*---------------------------------------------------------------------------*/
FoamFile
{
    format      ascii;
    class       volVectorField;
    location    "11";
    object      U;
}
// * * * * * * * * * * * * * * * * * * * * * * * * * * * * * * * * * * * * * //

dimensions      [0 1 -1 0 0 0 0];

internalField   nonuniform List<vector> 
1000
(
(0.92074242 0.03382768 0)
(0.8635379 0.056684191 0)
(0.78799127 0.052753994 0)
(0.69766161 0.041237061 0)
(0.61471542 0.03020314 0)
(0.54875554 0.020988078 0)
(0.49827309 0.01366066 0)
(0.45949311 0.0082997558 0)
(0.42978721 0.0047358841 0)
(0.4072852 0.0025321838 0)
(0.39034402 0.0012497959 0)
(0.37751559 0.00056180264 0)
(0.36764107 0.00024261398 0)
(0.35985945 0.00013663704 0)
(0.35355677 0.00013976117 0)
(0.34830594 0.00018761063 0)
(0.34381545 0.00024453019 0)
(0.33988918 0.00029351275 0)
(0.33639623 0.0003284407 0)
(0.33324896 0.00034888357 0)
(0.33038779 0.00035693682 0)
(0.32777097 0.00035546628 0)
(0.32536798 0.00034724061 0)
(0.32315538 0.00033457882 0)
(0.32111429 0.0003192679 0)
(0.31922887 0.00030260438 0)
(0.31748536 0.00028548201 0)
(0.31587163 0.00026848681 0)
(0.31437679 0.00025198206 0)
(0.31299103 0.00023617689 0)
(0.31170546 0.00022117787 0)
(0.31051204 0.00020702586 0)
(0.30940345 0.0001937213 0)
(0.30837305 0.000181241 0)
(0.3074148 0.00016954902 0)
(0.30652319 0.00015860339 0)
(0.30569321 0.00014836016 0)
(0.30492028 0.00013877577 0)
(0.30420021 0.0001298082 0)
(0.30352916 0.00012141766 0)
(0.30290362 0.00011356674 0)
(0.30232035 0.00010622048 0)
(0.30177636 9.934625e-05 0)
(0.30126891 9.2913637e-05 0)
(0.30079546 8.6894281e-05 0)
(0.30035366 8.1261687e-05 0)
(0.29994133 7.5991134e-05 0)
(0.29955648 7.1059484e-05 0)
(0.29919722 6.6445096e-05 0)
(0.29886182 6.2127732e-05 0)
(0.29854868 5.8088434e-05 0)
(0.2982563 5.43095e-05 0)
(0.29798328 5.0774343e-05 0)
(0.29772833 4.7467439e-05 0)
(0.29749024 4.4374254e-05 0)
(0.29726788 4.1481116e-05 0)
(0.29706022 3.8775242e-05 0)
(0.29686627 3.6244606e-05 0)
(0.29668512 3.3877948e-05 0)
(0.29651592 3.166474e-05 0)
(0.29635788 2.9595106e-05 0)
(0.29621027 2.7659862e-05 0)
(0.29607239 2.5850404e-05 0)
(0.2959436 2.4158673e-05 0)
(0.2958233 2.2577147e-05 0)
(0.29571093 2.1098688e-05 0)
(0.29560596 1.9716666e-05 0)
(0.29550791 1.8424781e-05 0)
(0.29541632 1.7217182e-05 0)
(0.29533077 1.6088338e-05 0)
(0.29525085 1.5033147e-05 0)
(0.29517619 1.4046771e-05 0)
(0.29510645 1.3124902e-05 0)
(0.29504131 1.2263227e-05 0)
(0.29498046 1.1458184e-05 0)
(0.29492362 1.0705732e-05 0)
(0.29487052 1.0002989e-05 0)
(0.29482092 9.3459463e-06 0)
(0.29477458 8.7324812e-06 0)
(0.29473131 8.1582882e-06 0)
(0.29469088 7.6224852e-06 0)
(0.29465312 7.1199589e-06 0)
(0.29461785 6.6520008e-06 0)
(0.29458492 6.2116243e-06 0)
(0.29455417 5.803586e-06 0)
(0.29452546 5.4170717e-06 0)
(0.29449864 5.0622306e-06 0)
(0.29447364 4.7215095e-06 0)
(0.29445027 4.4136219e-06 0)
(0.29442851 4.1106314e-06 0)
(0.29440818 3.8440796e-06 0)
(0.29438928 3.5724627e-06 0)
(0.29437163 3.3419164e-06 0)
(0.29435522 3.1012347e-06 0)
(0.29433998 2.8953037e-06 0)
(0.29432568 2.7066003e-06 0)
(0.29431274 2.489474e-06 0)
(0.2942998 2.4756282e-06 0)
(0.29428964 1.9942343e-06 0)
(0.29427355 2.709563e-06 0)
(1.0019381 0.052732953 0)
(1.0365395 0.10225274 0)
(1.0602516 0.11315449 0)
(1.0635369 0.1090466 0)
(1.0522935 0.099516704 0)
(1.0346516 0.087114674 0)
(1.0147897 0.073373126 0)
(0.99415463 0.059906707 0)
(0.97358849 0.047880416 0)
(0.95388173 0.037787615 0)
(0.93564762 0.029665822 0)
(0.91918057 0.023329679 0)
(0.90451503 0.018503099 0)
(0.89154102 0.014887715 0)
(0.88008798 0.012203272 0)
(0.86996961 0.010210174 0)
(0.86100573 0.0087174159 0)
(0.85303279 0.0075805276 0)
(0.84590822 0.0066945218 0)
(0.83951094 0.0059853892 0)
(0.83373979 0.0054021117 0)
(0.82851093 0.0049100414 0)
(0.82375499 0.0044858252 0)
(0.81941448 0.0041137174 0)
(0.81544149 0.0037830008 0)
(0.81179573 0.0034862326 0)
(0.80844306 0.0032180837 0)
(0.80535424 0.0029745887 0)
(0.80250401 0.0027526722 0)
(0.79987035 0.0025498566 0)
(0.79743393 0.0023640808 0)
(0.79517763 0.0021935896 0)
(0.79308626 0.0020368633 0)
(0.79114619 0.0018925718 0)
(0.7893452 0.0017595425 0)
(0.78767226 0.0016367372 0)
(0.7861174 0.001523234 0)
(0.78467155 0.0014182117 0)
(0.78332648 0.0013209376 0)
(0.78207464 0.0012307561 0)
(0.78090916 0.0011470794 0)
(0.77982372 0.0010693792 0)
(0.77881255 0.00099717936 0)
(0.77787031 0.0009300495 0)
(0.7769921 0.00086759983 0)
(0.77617339 0.00080947612 0)
(0.77541002 0.0007553557 0)
(0.77469811 0.0007049438 0)
(0.7740341 0.00065797049 0)
(0.77341468 0.0006141881 0)
(0.77283678 0.0005733689 0)
(0.77229756 0.00053530335 0)
(0.77179439 0.00049979832 0)
(0.7713248 0.00046667563 0)
(0.77088652 0.00043577071 0)
(0.77047743 0.00040693124 0)
(0.77009556 0.0003800161 0)
(0.76973908 0.00035489426 0)
(0.76940629 0.0003314439 0)
(0.76909558 0.00030955174 0)
(0.76880549 0.00028911237 0)
(0.76853463 0.00027002786 0)
(0.76828173 0.00025220726 0)
(0.76804557 0.00023556611 0)
(0.76782505 0.00022002599 0)
(0.76761913 0.00020551375 0)
(0.76742683 0.00019196135 0)
(0.76724725 0.00017930498 0)
(0.76707954 0.00016748507 0)
(0.76692291 0.00015644558 0)
(0.76677663 0.00014613441 0)
(0.76664002 0.0001365026 0)
(0.76651243 0.00012750538 0)
(0.76639327 0.00011910021 0)
(0.76628198 0.00011124918 0)
(0.76617804 0.00010391469 0)
(0.76608096 9.7064695e-05 0)
(0.7659903 9.0664623e-05 0)
(0.76590561 8.4687563e-05 0)
(0.76582653 7.9099909e-05 0)
(0.76575266 7.3880964e-05 0)
(0.76568369 6.8996203e-05 0)
(0.76561926 6.4434567e-05 0)
(0.76555913 6.015732e-05 0)
(0.76550295 5.6168288e-05 0)
(0.76545056 5.2417315e-05 0)
(0.7654016 4.8930571e-05 0)
(0.765356 4.5633484e-05 0)
(0.76531334 4.2587858e-05 0)
(0.76527369 3.9674627e-05 0)
(0.76523657 3.7015854e-05 0)
(0.76520215 3.4417905e-05 0)
(0.76516995 3.2103957e-05 0)
(0.76514003 2.9760013e-05 0)
(0.76511241 2.7769835e-05 0)
(0.76508605 2.5624678e-05 0)
(0.76506334 2.3976743e-05 0)
(0.76503849 2.1987222e-05 0)
(0.7650231 2.0848343e-05 0)
(0.76499341 1.9089196e-05 0)
(1.0002467 0.026719375 0)
(1.0283936 0.062555479 0)
(1.0646999 0.077616154 0)
(1.0979952 0.080476473 0)
(1.1240764 0.078058279 0)
(1.1435812 0.07291683 0)
(1.1579044 0.065986856 0)
(1.1678877 0.058204702 0)
(1.1741544 0.050495788 0)
(1.1774192 0.043467202 0)
(1.1784517 0.037361305 0)
(1.1779313 0.032190657 0)
(1.1763807 0.02786833 0)
(1.1741779 0.024277404 0)
(1.1715897 0.021298541 0)
(1.1688025 0.018820816 0)
(1.1659442 0.016747071 0)
(1.1630997 0.014996291 0)
(1.1603237 0.013503447 0)
(1.1576498 0.012217611 0)
(1.155097 0.011099377 0)
(1.1526749 0.010118339 0)
(1.1503869 0.0092509585 0)
(1.1482324 0.008478896 0)
(1.1462083 0.0077877207 0)
(1.1443101 0.0071659399 0)
(1.1425324 0.006604273 0)
(1.1408692 0.0060951151 0)
(1.1393144 0.0056321486 0)
(1.1378619 0.0052100592 0)
(1.1365056 0.0048243296 0)
(1.1352396 0.0044710855 0)
(1.1340583 0.0041469786 0)
(1.1329564 0.0038490973 0)
(1.1319285 0.0035748949 0)
(1.13097 0.0033221338 0)
(1.1300761 0.0030888393 0)
(1.1292426 0.0028732614 0)
(1.1284655 0.0026738442 0)
(1.1277408 0.0024891993 0)
(1.1270651 0.0023180837 0)
(1.1264351 0.0021593817 0)
(1.1258475 0.0020120886 0)
(1.1252997 0.0018752972 0)
(1.1247887 0.0017481865 0)
(1.1243122 0.0016300112 0)
(1.1238677 0.0015200929 0)
(1.1234532 0.0014178125 0)
(1.1230665 0.0013226038 0)
(1.1227057 0.0012339474 0)
(1.1223692 0.0011513666 0)
(1.1220552 0.001074423 0)
(1.1217622 0.0010027136 0)
(1.1214888 0.00093586745 0)
(1.1212338 0.00087354291 0)
(1.1209957 0.00081542474 0)
(1.1207736 0.00076122145 0)
(1.1205662 0.00071066279 0)
(1.1203727 0.00066349765 0)
(1.1201921 0.00061949238 0)
(1.1200235 0.00057842972 0)
(1.1198661 0.00054010785 0)
(1.1197192 0.00050433988 0)
(1.119582 0.00047095297 0)
(1.119454 0.00043978729 0)
(1.1193345 0.00041069453 0)
(1.1192229 0.00038353684 0)
(1.1191187 0.00035818495 0)
(1.1190214 0.0003345179 0)
(1.1189306 0.00031242136 0)
(1.1188457 0.00029178902 0)
(1.1187665 0.0002725207 0)
(1.1186926 0.00025452525 0)
(1.1186235 0.00023771672 0)
(1.118559 0.00022201893 0)
(1.1184988 0.00020735722 0)
(1.1184426 0.00019366782 0)
(1.1183901 0.00018088206 0)
(1.118341 0.00016894611 0)
(1.1182953 0.0001577918 0)
(1.1182525 0.00014737721 0)
(1.1182126 0.0001376311 0)
(1.1181752 0.00012853165 0)
(1.1181404 0.00011999861 0)
(1.1181079 0.00011204398 0)
(1.1180776 0.00010456184 0)
(1.1180492 9.7618036e-05 0)
(1.1180229 9.1045021e-05 0)
(1.117998 8.5000796e-05 0)
(1.1179752 7.9191655e-05 0)
(1.1179535 7.394941e-05 0)
(1.1179337 6.8740132e-05 0)
(1.1179147 6.4235896e-05 0)
(1.1178976 5.9445385e-05 0)
(1.1178812 5.5696889e-05 0)
(1.117866 5.1114167e-05 0)
(1.1178527 4.826201e-05 0)
(1.117838 4.3600623e-05 0)
(1.1178296 4.1912573e-05 0)
(1.1178121 3.6980647e-05 0)
(1.0000321 0.01172771 0)
(1.0173964 0.030563016 0)
(1.0455868 0.040990665 0)
(1.0788323 0.044657243 0)
(1.1117703 0.044906517 0)
(1.1419849 0.043513626 0)
(1.1689322 0.040998751 0)
(1.1925678 0.037704083 0)
(1.2129268 0.034089592 0)
(1.2301852 0.030558838 0)
(1.2446903 0.027331285 0)
(1.256878 0.024473249 0)
(1.2671747 0.021977085 0)
(1.2759451 0.019810761 0)
(1.283481 0.017935173 0)
(1.290012 0.016308895 0)
(1.2957188 0.014891432 0)
(1.3007436 0.013646375 0)
(1.3051988 0.012543216 0)
(1.3091728 0.011557538 0)
(1.3127361 0.010670224 0)
(1.3159451 0.0098663842 0)
(1.3188459 0.0091343699 0)
(1.3214765 0.0084649871 0)
(1.3238688 0.0078508837 0)
(1.3260498 0.007286081 0)
(1.3280428 0.00676562 0)
(1.3298674 0.0062853042 0)
(1.3315412 0.0058415148 0)
(1.3330791 0.0054310831 0)
(1.3344943 0.0050511996 0)
(1.3357985 0.0046993503 0)
(1.3370019 0.0043732701 0)
(1.3381138 0.0040709078 0)
(1.339142 0.0037903982 0)
(1.340094 0.0035300414 0)
(1.340976 0.0032882843 0)
(1.341794 0.0030637059 0)
(1.3425532 0.0028550042 0)
(1.3432582 0.0026609857 0)
(1.3439133 0.0024805547 0)
(1.3445224 0.0023127054 0)
(1.345089 0.0021565134 0)
(1.3456163 0.0020111288 0)
(1.3461071 0.0018757695 0)
(1.3465643 0.001749715 0)
(1.3469902 0.0016323007 0)
(1.347387 0.0015229126 0)
(1.347757 0.0014209825 0)
(1.3481019 0.0013259842 0)
(1.3484235 0.0012374304 0)
(1.3487234 0.0011548697 0)
(1.3490033 0.0010778842 0)
(1.3492643 0.0010060878 0)
(1.3495079 0.00093912319 0)
(1.3497353 0.00087665997 0)
(1.3499474 0.00081839139 0)
(1.3501454 0.00076403207 0)
(1.3503303 0.00071331564 0)
(1.3505029 0.00066599307 0)
(1.350664 0.00062183203 0)
(1.3508144 0.00058061607 0)
(1.3509548 0.00054214467 0)
(1.351086 0.00050623255 0)
(1.3512084 0.00047270888 0)
(1.3513228 0.00044141546 0)
(1.3514296 0.00041220518 0)
(1.3515293 0.00038493974 0)
(1.3516224 0.0003594891 0)
(1.3517094 0.00033572957 0)
(1.3517907 0.00031354591 0)
(1.3518665 0.0002928291 0)
(1.3519374 0.00027348056 0)
(1.3520036 0.00025540748 0)
(1.3520654 0.00023852889 0)
(1.3521231 0.00022276521 0)
(1.352177 0.00020804965 0)
(1.3522274 0.00019430811 0)
(1.3522744 0.00018148432 0)
(1.3523184 0.00016950186 0)
(1.3523594 0.00015831794 0)
(1.3523978 0.0001478496 0)
(1.3524335 0.00013807989 0)
(1.352467 0.00012891132 0)
(1.3524981 0.00012037403 0)
(1.3525274 0.00011233188 0)
(1.3525543 0.00010489271 0)
(1.35258 9.7826854e-05 0)
(1.3526032 9.1379089e-05 0)
(1.3526258 8.5126233e-05 0)
(1.3526457 7.9574833e-05 0)
(1.3526658 7.3935448e-05 0)
(1.3526824 6.9221733e-05 0)
(1.3527006 6.3968053e-05 0)
(1.3527139 6.0127711e-05 0)
(1.3527309 5.5014735e-05 0)
(1.3527407 5.2209042e-05 0)
(1.3527576 4.6931399e-05 0)
(1.3527633 4.5372153e-05 0)
(1.3527818 3.9634242e-05 0)
(1.0001568 0.0034383905 0)
(1.0134518 0.0092557595 0)
(1.036628 0.012853241 0)
(1.0666034 0.014335342 0)
(1.0987809 0.014626052 0)
(1.1300715 0.014363698 0)
(1.1593037 0.013741452 0)
(1.1861976 0.012840161 0)
(1.2106431 0.011790374 0)
(1.2325915 0.010728734 0)
(1.2521417 0.0097376712 0)
(1.2695378 0.0088459626 0)
(1.2850832 0.0080555384 0)
(1.2990634 0.0073596091 0)
(1.3117148 0.0067486867 0)
(1.3232262 0.0062117878 0)
(1.3337497 0.0057373941 0)
(1.3434089 0.0053147157 0)
(1.3523048 0.0049345751 0)
(1.3605198 0.0045896512 0)
(1.3681215 0.0042742912 0)
(1.3751666 0.0039841774 0)
(1.3817032 0.0037160076 0)
(1.3877733 0.0034672366 0)
(1.3934137 0.0032358753 0)
(1.3986577 0.003020336 0)
(1.4035351 0.0028193158 0)
(1.408073 0.0026317131 0)
(1.4122964 0.0024565698 0)
(1.416228 0.0022930322 0)
(1.4198888 0.0021403261 0)
(1.4232982 0.0019977398 0)
(1.4264741 0.0018646137 0)
(1.429433 0.0017403326 0)
(1.4321902 0.0016243204 0)
(1.4347599 0.0015160369 0)
(1.4371552 0.0014149749 0)
(1.4393882 0.001320658 0)
(1.4414702 0.0012326397 0)
(1.4434117 0.0011505015 0)
(1.4452223 0.0010738517 0)
(1.4469111 0.0010023243 0)
(1.4484863 0.00093557743 0)
(1.4499558 0.00087329228 0)
(1.4513269 0.00081517127 0)
(1.4526061 0.00076093655 0)
(1.4537997 0.00071032843 0)
(1.4549136 0.0006631039 0)
(1.4559531 0.00061903549 0)
(1.4569232 0.00057791045 0)
(1.4578287 0.00053952992 0)
(1.4586739 0.00050370865 0)
(1.4594628 0.00047027446 0)
(1.4601993 0.00043906756 0)
(1.4608868 0.00040993972 0)
(1.4615286 0.00038275301 0)
(1.4621278 0.00035737869 0)
(1.4626872 0.00033369594 0)
(1.4632096 0.0003115911 0)
(1.4636973 0.00029095734 0)
(1.4641526 0.00027169444 0)
(1.4645778 0.00025370936 0)
(1.4649749 0.00023691613 0)
(1.4653456 0.00022123565 0)
(1.4656918 0.00020659524 0)
(1.4660152 0.00019292744 0)
(1.4663171 0.00018016912 0)
(1.466599 0.00016826012 0)
(1.4668623 0.00015714313 0)
(1.4671082 0.00014676347 0)
(1.4673379 0.00013706989 0)
(1.4675523 0.00012801472 0)
(1.4677526 0.0001195555 0)
(1.4679397 0.00011165265 0)
(1.4681144 0.00010427244 0)
(1.4682776 9.7381062e-05 0)
(1.46843 9.0950315e-05 0)
(1.4685724 8.4946964e-05 0)
(1.4687053 7.9345776e-05 0)
(1.4688294 7.4111198e-05 0)
(1.4689453 6.9224075e-05 0)
(1.4690537 6.4645472e-05 0)
(1.4691547 6.0371505e-05 0)
(1.4692493 5.6356912e-05 0)
(1.4693373 5.2623113e-05 0)
(1.4694199 4.9103791e-05 0)
(1.4694964 4.5859964e-05 0)
(1.4695686 4.2773347e-05 0)
(1.4696348 3.9973324e-05 0)
(1.4696982 3.7239122e-05 0)
(1.4697551 3.4834423e-05 0)
(1.4698111 3.2353503e-05 0)
(1.4698593 3.0315736e-05 0)
(1.4699097 2.7985501e-05 0)
(1.4699491 2.6338606e-05 0)
(1.4699959 2.4062758e-05 0)
(1.4700255 2.2886026e-05 0)
(1.470072 2.0544689e-05 0)
(1.4700891 1.991561e-05 0)
(1.470141 1.735136e-05 0)
(1.0001568 -0.0034383906 0)
(1.0134518 -0.0092557601 0)
(1.036628 -0.012853242 0)
(1.0666034 -0.014335342 0)
(1.0987809 -0.014626051 0)
(1.1300715 -0.014363696 0)
(1.1593037 -0.01374145 0)
(1.1861976 -0.012840159 0)
(1.2106431 -0.011790374 0)
(1.2325915 -0.010728737 0)
(1.2521417 -0.0097376753 0)
(1.2695378 -0.0088459675 0)
(1.2850832 -0.0080555426 0)
(1.2990634 -0.0073596112 0)
(1.3117148 -0.0067486856 0)
(1.3232262 -0.0062117834 0)
(1.3337497 -0.0057373874 0)
(1.3434089 -0.0053147085 0)
(1.3523048 -0.0049345696 0)
(1.3605198 -0.0045896493 0)
(1.3681215 -0.0042742939 0)
(1.3751666 -0.0039841842 0)
(1.3817032 -0.0037160166 0)
(1.3877733 -0.0034672452 0)
(1.3934137 -0.0032358808 0)
(1.3986577 -0.0030203363 0)
(1.4035351 -0.0028193108 0)
(1.408073 -0.0026317042 0)
(1.4122964 -0.0024565596 0)
(1.416228 -0.0022930238 0)
(1.4198888 -0.0021403221 0)
(1.4232982 -0.0019977414 0)
(1.4264741 -0.0018646204 0)
(1.429433 -0.0017403423 0)
(1.4321902 -0.0016243301 0)
(1.4347599 -0.0015160435 0)
(1.4371552 -0.0014149764 0)
(1.4393882 -0.0013206541 0)
(1.4414702 -0.0012326316 0)
(1.4434117 -0.0011504915 0)
(1.4452223 -0.0010738428 0)
(1.4469111 -0.0010023191 0)
(1.4484863 -0.00093557749 0)
(1.4499558 -0.00087329729 0)
(1.4513269 -0.00081517936 0)
(1.4526061 -0.00076094478 0)
(1.4537997 -0.00071033374 0)
(1.4549136 -0.00066310426 0)
(1.4559531 -0.00061903056 0)
(1.4569232 -0.00057790165 0)
(1.4578287 -0.00053952013 0)
(1.4586739 -0.00050370106 0)
(1.4594628 -0.00047027142 0)
(1.4601993 -0.00043906965 0)
(1.4608868 -0.00040994546 0)
(1.4615286 -0.00038275944 0)
(1.4621278 -0.00035738235 0)
(1.4626872 -0.00033369435 0)
(1.4632096 -0.00031158376 0)
(1.4636973 -0.0002909459 0)
(1.4641526 -0.00027168244 0)
(1.4645778 -0.0002537005 0)
(1.4649749 -0.00023691294 0)
(1.4653456 -0.00022123836 0)
(1.4656919 -0.00020660158 0)
(1.4660152 -0.00019293331 0)
(1.4663171 -0.00018017013 0)
(1.466599 -0.00016825352 0)
(1.4668623 -0.00015712908 0)
(1.4671082 -0.00014674495 0)
(1.4673379 -0.00013705213 0)
(1.4675523 -0.00012800272 0)
(1.4677526 -0.00011955228 0)
(1.4679397 -0.00011165798 0)
(1.4681145 -0.00010428254 0)
(1.4682776 -9.7389834e-05 0)
(1.46843 -9.0951405e-05 0)
(1.4685724 -8.4936515e-05 0)
(1.4687053 -7.9324194e-05 0)
(1.4688294 -7.4082918e-05 0)
(1.4689453 -6.9197277e-05 0)
(1.4690537 -6.4628872e-05 0)
(1.4691547 -6.0371008e-05 0)
(1.4692493 -5.6373046e-05 0)
(1.4693373 -5.2650664e-05 0)
(1.4694199 -4.9133049e-05 0)
(1.4694964 -4.5879434e-05 0)
(1.4695686 -4.2774786e-05 0)
(1.4696348 -3.9954722e-05 0)
(1.4696982 -3.7206491e-05 0)
(1.4697551 -3.479946e-05 0)
(1.4698111 -3.2330251e-05 0)
(1.4698594 -3.0316241e-05 0)
(1.4699097 -2.8013567e-05 0)
(1.4699491 -2.639e-05 0)
(1.469996 -2.4123162e-05 0)
(1.4700256 -2.2937617e-05 0)
(1.470072 -2.0572049e-05 0)
(1.4700891 -1.9909489e-05 0)
(1.470141 -1.7340817e-05 0)
(1.0000321 -0.01172771 0)
(1.0173964 -0.030563017 0)
(1.0455868 -0.040990665 0)
(1.0788323 -0.044657242 0)
(1.1117703 -0.044906516 0)
(1.1419849 -0.043513624 0)
(1.1689322 -0.04099875 0)
(1.1925678 -0.037704083 0)
(1.2129268 -0.034089594 0)
(1.2301852 -0.030558841 0)
(1.2446903 -0.027331288 0)
(1.256878 -0.024473252 0)
(1.2671747 -0.021977087 0)
(1.2759451 -0.01981076 0)
(1.283481 -0.017935171 0)
(1.290012 -0.016308891 0)
(1.2957188 -0.014891428 0)
(1.3007436 -0.013646372 0)
(1.3051988 -0.012543214 0)
(1.3091728 -0.011557538 0)
(1.3127361 -0.010670227 0)
(1.3159451 -0.0098663884 0)
(1.3188459 -0.0091343741 0)
(1.3214765 -0.0084649899 0)
(1.3238688 -0.0078508845 0)
(1.3260498 -0.0072860792 0)
(1.3280427 -0.0067656163 0)
(1.3298674 -0.0062852996 0)
(1.3315412 -0.0058415107 0)
(1.3330791 -0.0054310807 0)
(1.3344943 -0.0050511995 0)
(1.3357985 -0.0046993526 0)
(1.337002 -0.004373274 0)
(1.3381138 -0.0040709119 0)
(1.339142 -0.0037904014 0)
(1.340094 -0.0035300427 0)
(1.340976 -0.0032882832 0)
(1.341794 -0.0030637027 0)
(1.3425532 -0.002855 0)
(1.3432582 -0.0026609816 0)
(1.3439133 -0.0024805519 0)
(1.3445224 -0.0023127046 0)
(1.345089 -0.0021565146 0)
(1.3456163 -0.0020111314 0)
(1.3461071 -0.0018757724 0)
(1.3465643 -0.001749717 0)
(1.3469902 -0.001632301 0)
(1.347387 -0.0015229108 0)
(1.347757 -0.001420979 0)
(1.3481019 -0.0013259801 0)
(1.3484235 -0.0012374269 0)
(1.3487235 -0.0011548676 0)
(1.3490033 -0.0010778839 0)
(1.3492643 -0.0010060887 0)
(1.3495079 -0.00093912444 0)
(1.3497353 -0.00087666023 0)
(1.3499474 -0.00081838977 0)
(1.3501454 -0.0007640283 0)
(1.3503303 -0.00071331027 0)
(1.3505029 -0.00066598739 0)
(1.350664 -0.00062182727 0)
(1.3508144 -0.00058061319 0)
(1.3509549 -0.00054214377 0)
(1.351086 -0.00050623282 0)
(1.3512084 -0.00047270882 0)
(1.3513228 -0.00044141344 0)
(1.3514296 -0.00041220025 0)
(1.3515293 -0.00038493195 0)
(1.3516224 -0.00035947958 0)
(1.3517094 -0.00033572033 0)
(1.3517907 -0.00031353871 0)
(1.3518666 -0.00029282516 0)
(1.3519374 -0.00027347976 0)
(1.3520036 -0.00025540832 0)
(1.3520654 -0.00023852904 0)
(1.3521231 -0.0002227622 0)
(1.3521771 -0.00020804211 0)
(1.3522274 -0.00019429622 0)
(1.3522745 -0.00018146996 0)
(1.3523184 -0.0001694886 0)
(1.3523594 -0.00015830905 0)
(1.3523978 -0.00014784738 0)
(1.3524335 -0.00013808461 0)
(1.352467 -0.0001289211 0)
(1.3524981 -0.00012038499 0)
(1.3525274 -0.00011233963 0)
(1.3525543 -0.00010489415 0)
(1.35258 -9.7821033e-05 0)
(1.3526033 -9.1368055e-05 0)
(1.3526259 -8.5114219e-05 0)
(1.3526457 -7.9567602e-05 0)
(1.3526658 -7.3937528e-05 0)
(1.3526824 -6.92355e-05 0)
(1.3527006 -6.3991665e-05 0)
(1.3527139 -6.0157131e-05 0)
(1.352731 -5.50426e-05 0)
(1.3527407 -5.2229533e-05 0)
(1.3527576 -4.6944401e-05 0)
(1.3527632 -4.5379968e-05 0)
(1.3527818 -3.9641944e-05 0)
(1.0002467 -0.026719375 0)
(1.0283936 -0.06255548 0)
(1.0646999 -0.077616154 0)
(1.0979952 -0.080476472 0)
(1.1240764 -0.078058278 0)
(1.1435812 -0.07291683 0)
(1.1579044 -0.065986857 0)
(1.1678877 -0.058204704 0)
(1.1741544 -0.05049579 0)
(1.1774192 -0.043467204 0)
(1.1784517 -0.037361306 0)
(1.1779313 -0.032190656 0)
(1.1763807 -0.027868328 0)
(1.1741779 -0.024277401 0)
(1.1715897 -0.021298539 0)
(1.1688025 -0.018820815 0)
(1.1659442 -0.016747072 0)
(1.1630997 -0.014996294 0)
(1.1603237 -0.01350345 0)
(1.1576498 -0.012217614 0)
(1.155097 -0.011099378 0)
(1.1526749 -0.010118338 0)
(1.1503869 -0.0092509563 0)
(1.1482324 -0.0084788932 0)
(1.1462083 -0.0077877181 0)
(1.1443101 -0.0071659385 0)
(1.1425324 -0.0066042732 0)
(1.1408692 -0.0060951169 0)
(1.1393144 -0.0056321513 0)
(1.1378619 -0.0052100619 0)
(1.1365056 -0.0048243314 0)
(1.1352396 -0.0044710858 0)
(1.1340583 -0.0041469773 0)
(1.1329564 -0.0038490947 0)
(1.1319285 -0.0035748919 0)
(1.13097 -0.0033221314 0)
(1.1300761 -0.003088838 0)
(1.1292426 -0.0028732617 0)
(1.1284655 -0.0026738459 0)
(1.1277408 -0.0024892018 0)
(1.1270651 -0.0023180862 0)
(1.1264351 -0.0021593831 0)
(1.1258476 -0.0020120884 0)
(1.1252997 -0.0018752952 0)
(1.1247887 -0.0017481833 0)
(1.1243122 -0.0016300076 0)
(1.1238677 -0.0015200901 0)
(1.1234532 -0.0014178114 0)
(1.1230665 -0.0013226046 0)
(1.1227057 -0.0012339496 0)
(1.1223692 -0.0011513692 0)
(1.1220552 -0.0010744248 0)
(1.1217622 -0.0010027135 0)
(1.1214889 -0.00093586499 0)
(1.1212338 -0.00087353852 0)
(1.1209957 -0.0008154196 0)
(1.1207736 -0.00076121706 0)
(1.1205662 -0.00071066038 0)
(1.1203727 -0.00066349769 0)
(1.1201921 -0.00061949431 0)
(1.1200235 -0.00057843212 0)
(1.1198661 -0.00054010904 0)
(1.1197192 -0.00050433847 0)
(1.1195821 -0.00047094845 0)
(1.119454 -0.00043978027 0)
(1.1193345 -0.00041068673 0)
(1.1192229 -0.00038353033 0)
(1.1191187 -0.00035818135 0)
(1.1190214 -0.00033451769 0)
(1.1189306 -0.00031242368 0)
(1.1188458 -0.0002917919 0)
(1.1187666 -0.00027252183 0)
(1.1186926 -0.00025452276 0)
(1.1186236 -0.0002377099 0)
(1.1185591 -0.00022200867 0)
(1.1184989 -0.0002073459 0)
(1.1184426 -0.00019365847 0)
(1.1183901 -0.0001808772 0)
(1.1183411 -0.00016894689 0)
(1.1182953 -0.00015779745 0)
(1.1182525 -0.00014738514 0)
(1.1182126 -0.00013763773 0)
(1.1181753 -0.00012853384 0)
(1.1181405 -0.00011999478 0)
(1.1181079 -0.00011203491 0)
(1.1180776 -0.00010455059 0)
(1.1180492 -9.7609149e-05 0)
(1.1180229 -9.1042628e-05 0)
(1.1179981 -8.5007228e-05 0)
(1.1179752 -7.9206002e-05 0)
(1.1179535 -7.3968465e-05 0)
(1.1179337 -6.8758506e-05 0)
(1.1179147 -6.4249104e-05 0)
(1.1178976 -5.9449965e-05 0)
(1.1178812 -5.5694323e-05 0)
(1.117866 -5.1109042e-05 0)
(1.1178527 -4.8259818e-05 0)
(1.1178381 -4.3611105e-05 0)
(1.1178296 -4.1938879e-05 0)
(1.1178121 -3.7002917e-05 0)
(1.0019381 -0.052732953 0)
(1.0365395 -0.10225273 0)
(1.0602516 -0.11315449 0)
(1.0635369 -0.1090466 0)
(1.0522935 -0.099516704 0)
(1.0346516 -0.087114675 0)
(1.0147897 -0.073373128 0)
(0.99415463 -0.059906709 0)
(0.97358849 -0.047880417 0)
(0.95388173 -0.037787615 0)
(0.93564762 -0.02966582 0)
(0.91918057 -0.023329676 0)
(0.90451503 -0.018503097 0)
(0.89154102 -0.014887714 0)
(0.88008799 -0.012203272 0)
(0.86996962 -0.010210176 0)
(0.86100573 -0.0087174188 0)
(0.85303279 -0.0075805307 0)
(0.84590821 -0.0066945241 0)
(0.83951093 -0.0059853897 0)
(0.83373979 -0.0054021101 0)
(0.82851093 -0.0049100382 0)
(0.82375499 -0.0044858214 0)
(0.81941449 -0.0041137143 0)
(0.81544149 -0.0037829994 0)
(0.81179573 -0.0034862334 0)
(0.80844306 -0.0032180865 0)
(0.80535424 -0.0029745925 0)
(0.80250401 -0.0027526759 0)
(0.79987035 -0.0025498588 0)
(0.79743392 -0.0023640809 0)
(0.79517763 -0.0021935876 0)
(0.79308625 -0.0020368598 0)
(0.79114619 -0.0018925679 0)
(0.7893452 -0.0017595394 0)
(0.78767226 -0.0016367359 0)
(0.7861174 -0.0015232348 0)
(0.78467156 -0.0014182143 0)
(0.78332648 -0.0013209411 0)
(0.78207464 -0.0012307594 0)
(0.78090915 -0.0011470815 0)
(0.77982372 -0.0010693793 0)
(0.77881255 -0.00099717726 0)
(0.77787031 -0.00093004589 0)
(0.7769921 -0.00086759584 0)
(0.7761734 -0.00080947307 0)
(0.77541002 -0.00075535459 0)
(0.77469812 -0.00070494498 0)
(0.77403411 -0.00065797349 0)
(0.77341468 -0.00061419175 0)
(0.77283678 -0.00057337176 0)
(0.77229756 -0.00053530417 0)
(0.77179439 -0.00049979657 0)
(0.7713248 -0.00046667171 0)
(0.77088652 -0.00043576586 0)
(0.77047744 -0.00040692715 0)
(0.77009557 -0.00038001418 0)
(0.7697391 -0.00035489512 0)
(0.7694063 -0.00033144704 0)
(0.76909559 -0.00030955567 0)
(0.7688055 -0.00028911523 0)
(0.76853464 -0.00027002807 0)
(0.76828173 -0.0002522042 0)
(0.76804558 -0.00023556042 0)
(0.76782507 -0.00022001939 0)
(0.76761915 -0.0002055085 0)
(0.76742685 -0.00019195925 0)
(0.76724727 -0.00017930666 0)
(0.76707956 -0.00016748962 0)
(0.76692293 -0.00015645087 0)
(0.76677665 -0.00014613791 0)
(0.76664004 -0.00013650224 0)
(0.76651245 -0.00012750047 0)
(0.7663933 -0.00011909177 0)
(0.76628201 -0.00011123969 0)
(0.76617808 -0.0001039074 0)
(0.766081 -9.7062203e-05 0)
(0.76599034 -9.0668047e-05 0)
(0.76590565 -8.469583e-05 0)
(0.76582656 -7.9110077e-05 0)
(0.76575269 -7.3889205e-05 0)
(0.76568371 -6.8999055e-05 0)
(0.76561928 -6.4430451e-05 0)
(0.76555916 -6.0147199e-05 0)
(0.76550299 -5.6155514e-05 0)
(0.76545061 -5.2406804e-05 0)
(0.76540165 -4.8926788e-05 0)
(0.76535605 -4.5638991e-05 0)
(0.76531338 -4.2601938e-05 0)
(0.76527373 -3.9693311e-05 0)
(0.76523659 -3.7033497e-05 0)
(0.76520216 -3.4428721e-05 0)
(0.76516995 -3.2104791e-05 0)
(0.76514004 -2.9751337e-05 0)
(0.76511242 -2.7756481e-05 0)
(0.76508606 -2.5614346e-05 0)
(0.76506335 -2.3976218e-05 0)
(0.7650385 -2.2001321e-05 0)
(0.7650231 -2.0871106e-05 0)
(0.76499339 -1.9104839e-05 0)
(0.92074242 -0.03382768 0)
(0.8635379 -0.056684191 0)
(0.78799127 -0.052753993 0)
(0.69766162 -0.041237061 0)
(0.61471542 -0.030203141 0)
(0.54875554 -0.020988079 0)
(0.49827309 -0.013660661 0)
(0.45949311 -0.0082997561 0)
(0.42978721 -0.0047358839 0)
(0.4072852 -0.0025321831 0)
(0.39034402 -0.001249795 0)
(0.37751559 -0.00056180174 0)
(0.36764107 -0.00024261338 0)
(0.35985945 -0.00013663695 0)
(0.35355677 -0.00013976168 0)
(0.34830594 -0.00018761165 0)
(0.34381544 -0.00024453144 0)
(0.33988918 -0.00029351382 0)
(0.33639622 -0.00032844121 0)
(0.33324895 -0.00034888332 0)
(0.33038779 -0.00035693584 0)
(0.32777097 -0.00035546486 0)
(0.32536798 -0.0003472392 0)
(0.32315538 -0.0003345779 0)
(0.3211143 -0.00031926778 0)
(0.31922887 -0.00030260511 0)
(0.31748536 -0.00028548335 0)
(0.31587163 -0.00026848834 0)
(0.31437678 -0.00025198328 0)
(0.31299102 -0.00023617742 0)
(0.31170546 -0.00022117755 0)
(0.31051204 -0.00020702481 0)
(0.30940345 -0.00019371985 0)
(0.30837306 -0.00018123961 0)
(0.3074148 -0.00016954813 0)
(0.30652319 -0.00015860325 0)
(0.30569321 -0.0001483608 0)
(0.30492028 -0.00013877697 0)
(0.30420021 -0.00012980959 0)
(0.30352916 -0.00012141878 0)
(0.30290362 -0.00011356724 0)
(0.30232035 -0.00010622018 0)
(0.30177636 -9.9345245e-05 0)
(0.30126891 -9.2912245e-05 0)
(0.30079546 -8.6892962e-05 0)
(0.30035366 -8.1260899e-05 0)
(0.29994134 -7.5991149e-05 0)
(0.29955648 -7.1060305e-05 0)
(0.29919722 -6.6446429e-05 0)
(0.29886182 -6.2129084e-05 0)
(0.29854868 -5.8089293e-05 0)
(0.2982563 -5.4309504e-05 0)
(0.29798328 -5.0773452e-05 0)
(0.29772833 -4.7465948e-05 0)
(0.29749024 -4.4372704e-05 0)
(0.29726789 -4.1480114e-05 0)
(0.29706023 -3.8775185e-05 0)
(0.29686627 -3.6245546e-05 0)
(0.29668512 -3.3879525e-05 0)
(0.29651592 -3.1666315e-05 0)
(0.29635788 -2.9596017e-05 0)
(0.29621027 -2.765966e-05 0)
(0.2960724 -2.5849076e-05 0)
(0.29594361 -2.415666e-05 0)
(0.29582331 -2.2575196e-05 0)
(0.29571094 -2.1097595e-05 0)
(0.29560598 -1.971691e-05 0)
(0.29550792 -1.8426342e-05 0)
(0.29541633 -1.7219491e-05 0)
(0.29533077 -1.6090483e-05 0)
(0.29525085 -1.5034234e-05 0)
(0.2951762 -1.4046233e-05 0)
(0.29510646 -1.312279e-05 0)
(0.29504133 -1.2260207e-05 0)
(0.29498048 -1.1455346e-05 0)
(0.29492364 -1.0704227e-05 0)
(0.29487054 -1.0003535e-05 0)
(0.29482093 -9.3485663e-06 0)
(0.29477459 -8.736388e-06 0)
(0.29473131 -8.162144e-06 0)
(0.29469088 -7.6248525e-06 0)
(0.29465313 -7.1198166e-06 0)
(0.29461786 -6.64918e-06 0)
(0.29458494 -6.2069601e-06 0)
(0.29455419 -5.7986406e-06 0)
(0.29452549 -5.4137407e-06 0)
(0.29449867 -5.0618831e-06 0)
(0.29447366 -4.7246245e-06 0)
(0.29445028 -4.4193568e-06 0)
(0.29442851 -4.1171688e-06 0)
(0.29440817 -3.8491883e-06 0)
(0.29438927 -3.574289e-06 0)
(0.29437162 -3.3397107e-06 0)
(0.29435522 -3.096057e-06 0)
(0.29433998 -2.8892485e-06 0)
(0.29432569 -2.7025916e-06 0)
(0.29431275 -2.4897876e-06 0)
(0.2942998 -2.4805497e-06 0)
(0.29428963 -1.999902e-06 0)
(0.29427354 -2.7130765e-06 0)
)
;

boundaryField
{
    top
    {
        type            fixedValue;
        value           uniform (0 0 0);
    }
    bottom
    {
        type            fixedValue;
        value           uniform (0 0 0);
    }
    inlet
    {
        type            fixedValue;
        value           uniform (1 0 0);
    }
    outlet
    {
        type            zeroGradient;
    }
    front
    {
        type            empty;
    }
    back
    {
        type            empty;
    }
}


// ************************************************************************* //
