/*--------------------------------*- C++ -*----------------------------------*\
  =========                 |
  \\      /  F ield         | OpenFOAM: The Open Source CFD Toolbox
   \\    /   O peration     | Website:  https://openfoam.org
    \\  /    A nd           | Version:  13
     \\/     M anipulation  |
\*---------------------------------------------------------------------------*/
FoamFile
{
    format      ascii;
    class       volScalarField;
    location    "7";
    object      p;
}
// * * * * * * * * * * * * * * * * * * * * * * * * * * * * * * * * * * * * * //

dimensions      [0 2 -2 0 0 0 0];

internalField   nonuniform List<scalar> 
1000
(
1.6801441
1.5601458
1.4642712
1.4004036
1.3518069
1.3092102
1.2713793
1.2386686
1.2105606
1.185972
1.163885
1.1435377
1.1243996
1.106114
1.0884495
1.0712615
1.0544618
1.0379968
1.0218328
1.0059468
0.99032115
0.97494102
0.95979259
0.94486263
0.93013823
0.91560686
0.90125641
0.88707529
0.87305248
0.85917759
0.84544084
0.83183309
0.8183458
0.804971
0.79170126
0.77852967
0.76544978
0.75245558
0.73954148
0.72670226
0.71393304
0.70122928
0.68858675
0.67600149
0.66346981
0.65098828
0.63855368
0.62616303
0.61381356
0.60150267
0.58922797
0.57698722
0.56477835
0.55259945
0.54044873
0.52832454
0.51622534
0.50414969
0.49209625
0.48006373
0.46805094
0.45605672
0.44407994
0.43211953
0.42017442
0.40824357
0.39632597
0.38442062
0.37252652
0.36064273
0.34876831
0.33690236
0.32504403
0.31319249
0.30134698
0.28950677
0.2776712
0.26583965
0.25401158
0.24218647
0.2303639
0.21854346
0.2067248
0.19490763
0.18309168
0.17127672
0.15946255
0.14764902
0.13583599
0.12402338
0.11221112
0.10039915
0.088587396
0.076775748
0.064964111
0.053152413
0.041340649
0.029528876
0.017717206
0.0059056966
1.5584039
1.5036609
1.4425008
1.3906717
1.3476495
1.3093527
1.2743507
1.2428645
1.2149326
1.1900332
1.1674337
1.1465063
1.1268031
1.1080193
1.0899454
1.0724366
1.0553931
1.0387457
1.0224461
1.0064589
0.9907571
0.97531848
0.96012418
0.94515733
0.93040255
0.9158456
0.90147318
0.88727292
0.87323322
0.8593433
0.84559307
0.83197318
0.81847491
0.80509013
0.79181132
0.77863145
0.76554399
0.75254286
0.7396224
0.72677733
0.71400272
0.70129399
0.68864687
0.67605736
0.66352174
0.65103654
0.63859854
0.62620471
0.61385227
0.60153859
0.58926127
0.57701806
0.56480687
0.55262576
0.54047296
0.52834678
0.51624569
0.50416825
0.49211309
0.48007895
0.46806462
0.45606893
0.44409079
0.43212909
0.42018279
0.40825084
0.39633223
0.38442597
0.37253105
0.36064653
0.34877147
0.33690496
0.32504615
0.3131942
0.30134834
0.28950784
0.27767202
0.26584028
0.25401205
0.24218682
0.23036414
0.21854362
0.2067249
0.19490769
0.18309171
0.17127673
0.15946254
0.147649
0.13583596
0.12402334
0.11221107
0.10039908
0.088587326
0.076775703
0.064964112
0.053152465
0.041340727
0.029528945
0.017717223
0.0059056832
1.4968884
1.4705318
1.4323762
1.3916759
1.3531338
1.3171362
1.2833196
1.2518684
1.2230682
1.1968703
1.172927
1.1508042
1.1301154
1.1105551
1.091889
1.0739391
1.0565721
1.0396891
1.0232175
1.0071034
0.99130621
0.97579427
0.96054209
0.94552834
0.93073459
0.91614456
0.90174359
0.88751835
0.8734566
0.85954707
0.84577933
0.83214373
0.81863131
0.80523379
0.79194345
0.77875313
0.76565619
0.75264643
0.7397181
0.72686585
0.71408467
0.70136991
0.68871726
0.67612265
0.66358234
0.65109281
0.63865081
0.62625328
0.61389739
0.60158053
0.58930024
0.57705425
0.56484047
0.55265694
0.54050185
0.52837352
0.5162704
0.50419103
0.49213404
0.48009816
0.46808217
0.45608491
0.44410526
0.43214214
0.4201945
0.40826129
0.39634151
0.38443415
0.37253822
0.36065278
0.34877688
0.33690962
0.32505013
0.31319758
0.30135119
0.28951023
0.27767402
0.26584193
0.2540134
0.24218792
0.23036503
0.21854433
0.20672546
0.19490812
0.18309204
0.17127697
0.15946273
0.14764913
0.13583605
0.12402339
0.11221108
0.10039906
0.088587273
0.076775653
0.064964099
0.053152511
0.041340828
0.02952906
0.017717287
0.005905692
1.4678725
1.4520267
1.4253736
1.3920136
1.3567737
1.3222635
1.2892746
1.2580992
1.2290083
1.2021385
1.17739
1.1544927
1.1331255
1.1129945
1.0938598
1.0755335
1.0578698
1.0407559
1.0241053
1.0078519
0.99194541
0.97634667
0.96102457
0.94595364
0.9311124
0.91648233
0.90204717
0.88779239
0.87370488
0.8597727
0.84598492
0.8323315
0.81880316
0.80539135
0.79208816
0.77888623
0.76577879
0.7527595
0.7398225
0.72696234
0.71417394
0.70145258
0.68879387
0.67619371
0.6636483
0.65115407
0.63870774
0.62630623
0.61394667
0.60162642
0.589343
0.57709412
0.56487767
0.55269166
0.54053428
0.52840381
0.51629869
0.50421744
0.49215869
0.48012113
0.46810355
0.45610476
0.44412365
0.43215913
0.42021014
0.40827564
0.39635462
0.38444607
0.37254902
0.3606625
0.34878559
0.33691738
0.32505701
0.31320364
0.3013565
0.28951485
0.27767801
0.26584536
0.25401632
0.24219039
0.23036711
0.21854606
0.20672689
0.19490929
0.18309298
0.17127773
0.15946333
0.1476496
0.1358364
0.12402365
0.11221125
0.10039916
0.088587327
0.076775678
0.064964125
0.053152565
0.041340915
0.02952917
0.017717378
0.00590573
1.4553249
1.4430827
1.4210095
1.3912057
1.3578426
1.324212
1.2917555
1.2608952
1.2318466
1.2047841
1.1797261
1.156499
1.1348249
1.1144218
1.0950519
1.0765277
1.0587017
1.041457
1.0247018
1.0083648
0.99239088
0.97673729
0.96137001
0.94626137
0.93138823
0.91673084
0.90227199
0.88799647
0.87389065
0.85994221
0.84613991
0.83247345
0.81893339
0.80551099
0.79219821
0.77898759
0.76587224
0.75284575
0.73990219
0.72703603
0.71424214
0.70151576
0.68885243
0.67624804
0.66369873
0.65120093
0.6387513
0.62634676
0.61398441
0.6016616
0.58937582
0.57712478
0.56490633
0.55271849
0.54055941
0.52842738
0.51632081
0.50423821
0.49217819
0.48013943
0.46812071
0.45612084
0.44413868
0.43217315
0.42022317
0.40828772
0.39636577
0.38445632
0.3725584
0.36067104
0.34879333
0.33692435
0.32506325
0.31320919
0.30136141
0.28951916
0.27768178
0.26584862
0.25401914
0.2421928
0.23036915
0.21854778
0.20672832
0.19491048
0.18309395
0.17127851
0.15946394
0.14765008
0.13583677
0.12402392
0.11221145
0.1003993
0.088587418
0.076775741
0.064964176
0.053152622
0.041340979
0.029529243
0.017717443
0.0059057642
1.4553249
1.4430827
1.4210095
1.3912057
1.3578426
1.324212
1.2917555
1.2608952
1.2318466
1.2047841
1.1797261
1.156499
1.1348249
1.1144218
1.0950519
1.0765277
1.0587017
1.041457
1.0247018
1.0083648
0.99239088
0.97673729
0.96137001
0.94626137
0.93138824
0.91673084
0.90227199
0.88799647
0.87389065
0.85994221
0.84613991
0.83247345
0.81893338
0.80551099
0.79219821
0.77898759
0.76587224
0.75284576
0.73990219
0.72703604
0.71424215
0.70151576
0.68885244
0.67624804
0.66369873
0.65120092
0.63875129
0.62634674
0.61398439
0.60166157
0.5893758
0.57712476
0.56490631
0.55271848
0.54055941
0.52842739
0.51632083
0.50423823
0.49217822
0.48013947
0.46812075
0.45612087
0.44413872
0.43217318
0.4202232
0.40828773
0.39636577
0.38445631
0.37255838
0.36067102
0.3487933
0.33692432
0.32506322
0.31320916
0.30136138
0.28951914
0.27768176
0.26584862
0.25401914
0.2421928
0.23036916
0.2185478
0.20672835
0.1949105
0.18309397
0.17127852
0.15946395
0.14765007
0.13583675
0.12402389
0.11221141
0.10039927
0.088587404
0.076775743
0.064964193
0.053152642
0.041340998
0.029529251
0.017717442
0.005905763
1.4678725
1.4520267
1.4253736
1.3920136
1.3567737
1.3222635
1.2892746
1.2580992
1.2290083
1.2021385
1.17739
1.1544927
1.1331255
1.1129945
1.0938598
1.0755335
1.0578698
1.0407559
1.0241053
1.0078519
0.99194541
0.97634667
0.96102457
0.94595364
0.9311124
0.91648234
0.90204717
0.88779239
0.87370488
0.85977269
0.84598492
0.83233149
0.81880315
0.80539135
0.79208815
0.77888623
0.76577879
0.75275951
0.73982251
0.72696235
0.71417396
0.7014526
0.68879388
0.67619372
0.66364829
0.65115406
0.63870771
0.62630618
0.61394662
0.60162636
0.58934294
0.57709407
0.56487763
0.55269164
0.54053427
0.52840383
0.51629874
0.50421752
0.49215878
0.48012124
0.46810366
0.45610487
0.44412375
0.43215921
0.4202102
0.40827567
0.39635462
0.38444604
0.37254897
0.36066243
0.34878551
0.3369173
0.32505692
0.31320356
0.30135643
0.2895148
0.27767798
0.26584535
0.25401633
0.24219042
0.23036715
0.21854612
0.20672696
0.19490936
0.18309304
0.17127776
0.15946332
0.14764955
0.13583633
0.12402355
0.11221116
0.10039909
0.088587299
0.076775694
0.064964174
0.053152624
0.041340958
0.029529189
0.017717378
0.005905725
1.4968885
1.4705318
1.4323762
1.3916759
1.3531338
1.3171362
1.2833196
1.2518684
1.2230682
1.1968703
1.172927
1.1508042
1.1301154
1.1105551
1.091889
1.0739391
1.0565721
1.0396891
1.0232175
1.0071034
0.99130621
0.97579427
0.96054209
0.94552834
0.93073459
0.91614456
0.90174359
0.88751834
0.8734566
0.85954706
0.84577932
0.83214372
0.8186313
0.80523378
0.79194345
0.77875313
0.7656562
0.75264645
0.73971813
0.72686587
0.71408469
0.70136994
0.68871727
0.67612266
0.66358233
0.65109279
0.63865076
0.62625321
0.61389731
0.60158044
0.58930015
0.57705417
0.56484041
0.55265691
0.54050185
0.52837356
0.51627048
0.50419114
0.49213418
0.48009832
0.46808233
0.45608506
0.44410539
0.43214224
0.42019456
0.40826132
0.39634149
0.38443409
0.37253814
0.36065267
0.34877676
0.33690949
0.32505001
0.31319747
0.30135111
0.28951017
0.27767399
0.26584193
0.25401343
0.24218797
0.23036511
0.21854442
0.20672557
0.19490823
0.18309212
0.17127701
0.15946271
0.14764905
0.13583592
0.12402324
0.11221094
0.10039897
0.088587258
0.076775701
0.064964182
0.053152592
0.041340874
0.029529066
0.017717275
0.0059056833
1.5584039
1.5036609
1.4425008
1.3906717
1.3476495
1.3093527
1.2743507
1.2428645
1.2149326
1.1900332
1.1674337
1.1465063
1.1268031
1.1080193
1.0899454
1.0724366
1.0553931
1.0387457
1.0224461
1.0064589
0.9907571
0.97531848
0.96012418
0.94515733
0.93040255
0.9158456
0.90147318
0.88727292
0.87323322
0.85934329
0.84559306
0.83197317
0.8184749
0.80509013
0.79181132
0.77863146
0.76554401
0.75254288
0.73962243
0.72677736
0.71400275
0.70129402
0.68864689
0.67605736
0.66352172
0.6510365
0.63859847
0.62620462
0.61385216
0.60153848
0.58926117
0.57701797
0.56480681
0.55262574
0.54047297
0.52834685
0.5162458
0.50416839
0.49211326
0.48007914
0.46806481
0.45606911
0.44409093
0.4321292
0.42018285
0.40825085
0.3963322
0.38442589
0.37253094
0.36064639
0.34877132
0.33690481
0.32504601
0.31319408
0.30134824
0.28950777
0.277672
0.26584029
0.25401209
0.24218689
0.23036424
0.21854374
0.20672503
0.19490781
0.18309179
0.17127675
0.15946249
0.14764888
0.13583579
0.12402317
0.11221094
0.10039903
0.088587347
0.07677578
0.064964203
0.053152529
0.041340747
0.029528938
0.017717215
0.005905682
1.6801441
1.5601458
1.4642712
1.4004036
1.3518069
1.3092102
1.2713793
1.2386686
1.2105606
1.185972
1.163885
1.1435377
1.1243996
1.106114
1.0884495
1.0712615
1.0544618
1.0379968
1.0218328
1.0059468
0.99032115
0.97494102
0.9597926
0.94486263
0.93013823
0.91560686
0.90125641
0.88707528
0.87305247
0.85917758
0.84544083
0.83183308
0.81834579
0.80497099
0.79170126
0.77852968
0.76544979
0.75245561
0.73954152
0.72670229
0.71393308
0.70122931
0.68858677
0.67600149
0.66346979
0.65098823
0.63855361
0.62616294
0.61381345
0.60150256
0.58922786
0.57698713
0.56477829
0.55259943
0.54044875
0.52832461
0.51622546
0.50414985
0.49209643
0.48006393
0.46805114
0.4560569
0.44408009
0.43211964
0.42017447
0.40824358
0.39632592
0.38442052
0.37252639
0.36064257
0.34876814
0.33690219
0.32504387
0.31319236
0.30134688
0.28950671
0.27767117
0.26583967
0.25401163
0.24218656
0.23036402
0.2185436
0.20672495
0.19490776
0.18309176
0.17127673
0.15946248
0.14764888
0.13583582
0.12402323
0.11221102
0.10039912
0.088587425
0.076775806
0.064964161
0.053152436
0.041340652
0.02952889
0.017717236
0.0059057119
)
;

boundaryField
{
    top
    {
        type            zeroGradient;
    }
    bottom
    {
        type            zeroGradient;
    }
    inlet
    {
        type            zeroGradient;
    }
    outlet
    {
        type            fixedValue;
        value           uniform 0;
    }
    front
    {
        type            empty;
    }
    back
    {
        type            empty;
    }
}


// ************************************************************************* //
