/*--------------------------------*- C++ -*----------------------------------*\
  =========                 |
  \\      /  F ield         | OpenFOAM: The Open Source CFD Toolbox
   \\    /   O peration     | Website:  https://openfoam.org
    \\  /    A nd           | Version:  13
     \\/     M anipulation  |
\*---------------------------------------------------------------------------*/
FoamFile
{
    format      ascii;
    class       surfaceScalarField;
    location    "7";
    object      phi;
}
// * * * * * * * * * * * * * * * * * * * * * * * * * * * * * * * * * * * * * //

dimensions      [0 3 -1 0 0 0 0];

internalField   nonuniform List<scalar> 
1890
(
0.0093140727
0.00068592734
0.0082963401
0.0010177326
0.0073480838
0.00094825625
0.0065167791
0.00083130473
0.0058112103
0.00070556886
0.0052369127
0.00057429754
0.0047862484
0.00045066426
0.004441012
0.00034523641
0.0041802971
0.0002607149
0.0039843511
0.00019594607
0.0038366531
0.00014769799
0.003724003
0.00011265009
0.0036363473
8.7655675e-05
0.0035663585
6.9988767e-05
0.0035088729
5.7485611e-05
0.0034603388
4.8534122e-05
0.0034183544
4.1984433e-05
0.0033813121
3.7042262e-05
0.0033481383
3.3173821e-05
0.003318109
3.0029288e-05
0.0032907249
2.7384166e-05
0.0032656285
2.5096347e-05
0.0032425523
2.307619e-05
0.0032212857
2.1266629e-05
0.0032016553
1.9630403e-05
0.0031835132
1.8142098e-05
0.0031667299
1.6783308e-05
0.0031511901
1.5539793e-05
0.0031367902
1.4399866e-05
0.0031234367
1.3353512e-05
0.0031110448
1.2391908e-05
0.0030995376
1.1507181e-05
0.0030888454
1.0692254e-05
0.0030789046
9.9407631e-06
0.0030696576
9.2469851e-06
0.0030610519
8.6057782e-06
0.0030530393
8.0125273e-06
0.0030455762
7.4630911e-06
0.0030386225
6.9537496e-06
0.0030321413
6.4811572e-06
0.003026099
6.0422962e-06
0.0030204646
5.6344378e-06
0.0030152094
5.2551031e-06
0.0030103074
4.9020308e-06
0.0030057343
4.5731484e-06
0.0030014677
4.2665453e-06
0.0029974873
3.9804557e-06
0.0029937741
3.7132338e-06
0.0029903109
3.4633501e-06
0.0029870816
3.2293695e-06
0.0029840717
3.0099603e-06
0.002981268
2.8038723e-06
0.0029786582
2.6099578e-06
0.0029762312
2.4271498e-06
0.0029739768
2.2544909e-06
0.0029718858
2.091109e-06
0.0029699497
1.9362498e-06
0.0029681604
1.7892494e-06
0.0029665109
1.6495644e-06
0.0029649941
1.516741e-06
0.0029636035
1.3904397e-06
0.002962333
1.2703985e-06
0.0029611764
1.1564509e-06
0.0029601277
1.0484867e-06
0.0029591811
9.4646418e-07
0.0029583305
8.5036746e-07
0.0029575701
7.6021592e-07
0.0029568939
6.7602386e-07
0.0029562959
5.9780869e-07
0.0029557702
5.2555539e-07
0.0029553108
4.5922462e-07
0.0029549119
3.9872744e-07
0.0029545678
3.439395e-07
0.0029542729
2.94686e-07
0.002954022
2.5074573e-07
0.0029538099
2.1185428e-07
0.002953632
1.7770787e-07
0.0029534838
1.4797737e-07
0.0029533612
1.2230554e-07
0.0029532607
1.0033183e-07
0.0029531787
8.1680884e-08
0.0029531125
6.5993656e-08
0.0029530594
5.2908227e-08
0.0029530171
4.2094031e-08
0.0029529837
3.3226519e-08
0.0029529576
2.602282e-08
0.0029529373
2.0213574e-08
0.0029529217
1.5580034e-08
0.0029529097
1.1919789e-08
0.0029529005
9.0728503e-09
0.0029528935
6.8863397e-09
0.0029528883
5.2211514e-09
0.0029528844
3.9415537e-09
0.0029528818
2.930271e-09
0.00295288
2.1083725e-09
0.0029528788
1.4493157e-09
0.0029528778
1.0054265e-09
0.0029528767
7.6680003e-10
0.0029528755
8.5188498e-10
8.4645562e-10
0.010341662
0.00034426525
0.010578184
0.00078121018
0.010615671
0.00091076959
0.010553945
0.0008930309
0.010425822
0.00083369229
0.010248587
0.00075153209
0.010044962
0.0006542893
0.0098354604
0.00055473799
0.0096327827
0.00046339255
0.0094437308
0.000384998
0.0092713466
0.00032008221
0.009116574
0.00026742267
0.0089789731
0.0002252566
0.0088572402
0.0001917216
0.0087496634
0.00016506247
0.0086544455
0.00014375196
0.00856989
0.00012654001
0.0084944845
0.00011244777
0.0084269262
0.00010073204
0.0083661157
9.083987e-05
0.0083111354
8.2364452e-05
0.0082612243
7.5007432e-05
0.0082157512
6.8549269e-05
0.0081741908
6.2827018e-05
0.0081361031
5.7718118e-05
0.0081011164
5.3128751e-05
0.0080689141
4.8985608e-05
0.0080392238
4.5230151e-05
0.008011809
4.1814663e-05
0.007986463
3.8699526e-05
0.0079630035
3.5851349e-05
0.0079412691
3.3241638e-05
0.0079211155
3.0845835e-05
0.0079024137
2.8642611e-05
0.0078850473
2.6613325e-05
0.0078689115
2.4741592e-05
0.0078539111
2.3012952e-05
0.0078399596
2.1414582e-05
0.0078269783
1.9935071e-05
0.0078148952
1.8564219e-05
0.0078036446
1.7292872e-05
0.0077931663
1.6112782e-05
0.0077834049
1.501648e-05
0.0077743097
1.3997174e-05
0.0077658342
1.3048655e-05
0.0077579355
1.2165227e-05
0.0077505743
1.1341631e-05
0.0077437146
1.0573004e-05
0.0077373232
9.8548227e-06
0.0077313697
9.1828906e-06
0.0077258265
8.5532947e-06
0.0077206681
7.962415e-06
0.0077158713
7.4068956e-06
0.007711415
6.8836728e-06
0.0077072797
6.3899497e-06
0.0077034478
5.9232355e-06
0.0076999029
5.4813182e-06
0.0076966301
5.062303e-06
0.0076936152
4.6645772e-06
0.0076908451
4.2868386e-06
0.0076883076
3.9280487e-06
0.0076859905
3.5874426e-06
0.0076838824
3.2644698e-06
0.007681972
2.9587897e-06
0.0076802482
2.6702019e-06
0.0076786998
2.3986307e-06
0.0076773158
2.1440531e-06
0.0076760853
1.9064798e-06
0.0076749971
1.6858906e-06
0.0076740403
1.4822188e-06
0.0076732041
1.2953038e-06
0.0076724778
1.124882e-06
0.0076718511
9.7056557e-07
0.0076713138
8.3183903e-07
0.0076708563
7.0806476e-07
0.0076704695
5.98484e-07
0.0076701448
5.0224734e-07
0.0076698742
4.1841282e-07
0.0076696503
3.4599672e-07
0.0076694664
2.8396383e-07
0.0076693165
2.312897e-07
0.0076691953
1.8693872e-07
0.007669098
1.4993205e-07
0.0076690206
1.1931221e-07
0.0076689594
9.4210826e-08
0.0076689115
7.3798359e-08
0.0076688742
5.7356701e-08
0.0076688455
4.4216134e-08
0.0076688235
3.3828655e-08
0.0076688067
2.5691638e-08
0.007668794
1.9405099e-08
0.0076687844
1.4588773e-08
0.0076687774
1.0934547e-08
0.0076687724
8.1349397e-09
0.0076687689
5.9811646e-09
0.0076687666
4.2870272e-09
0.0076687648
3.0621124e-09
0.0076687632
2.1662336e-09
0.0076687615
1.9323627e-09
1.6364414e-09
0.010181464
0.00016280099
0.010521798
0.00044087647
0.010842482
0.00059008571
0.011112769
0.00062274377
0.01133602
0.00061044159
0.011508579
0.00057897246
0.011630744
0.0005321246
0.011709907
0.00047557512
0.011755697
0.00041760214
0.011776644
0.00036405133
0.011779503
0.0003172236
0.011769652
0.0002772735
0.01175133
0.00024357853
0.011727726
0.00021532527
0.011701127
0.00019166164
0.011673116
0.00017176286
0.011644765
0.00015489117
0.011616781
0.00014043211
0.011589614
0.00012789905
0.011563536
0.00011691718
0.0115387
0.00010720077
0.011515175
9.8531958e-05
0.011492981
9.0743675e-05
0.011472101
8.3706549e-05
0.011452501
7.731902e-05
0.011434129
7.1499966e-05
0.011416932
6.6183299e-05
0.011400848
6.1314104e-05
0.011385816
5.6845928e-05
0.011371777
5.2738881e-05
0.01135867
4.8958291e-05
0.011346438
4.5473741e-05
0.011335026
4.2258346e-05
0.01132438
3.9288206e-05
0.011314451
3.6541985e-05
0.011305192
3.4000557e-05
0.011296559
3.1646728e-05
0.011288508
2.9464997e-05
0.011281002
2.7441349e-05
0.011274003
2.5563076e-05
0.011267477
2.3818629e-05
0.011261393
2.2197475e-05
0.011255719
2.0689983e-05
0.011250429
1.9287311e-05
0.011245496
1.7981322e-05
0.011240897
1.6764494e-05
0.011236609
1.5629855e-05
0.011232611
1.4570922e-05
0.011228884
1.3581654e-05
0.01122541
1.2656414e-05
0.011222174
1.1789943e-05
0.011219159
1.097734e-05
0.011216352
1.0214061e-05
0.01121374
9.4959081e-06
0.011211311
8.8190482e-06
0.011209055
8.1800049e-06
0.011206961
7.5756846e-06
0.01120502
7.0033648e-06
0.011203224
6.4607176e-06
0.011201565
5.9457833e-06
0.011200036
5.4569825e-06
0.011198631
4.9930688e-06
0.011197342
4.5531264e-06
0.011196165
4.1365009e-06
0.011195092
3.7427842e-06
0.011194119
3.371729e-06
0.01119324
3.0232248e-06
0.011192449
2.6972096e-06
0.011191741
2.3936463e-06
0.011191111
2.1124429e-06
0.011190553
1.8534361e-06
0.011190061
1.6163318e-06
0.011189631
1.4007018e-06
0.011189257
1.2059539e-06
0.011188933
1.0313399e-06
0.011188656
8.7595433e-07
0.011188419
7.387528e-07
0.011188219
6.1857455e-07
0.011188051
5.1416386e-07
0.01118791
4.2420824e-07
0.011187794
3.473571e-07
0.011187698
2.8226589e-07
0.01118762
2.276082e-07
0.011187557
1.8211474e-07
0.011187507
1.4457812e-07
0.011187467
1.1388128e-07
0.011187435
8.8996087e-08
0.01118741
6.9002766e-08
0.011187391
5.3083494e-08
0.011187376
4.0530131e-08
0.011187364
3.0731188e-08
0.011187355
2.3158462e-08
0.011187349
1.7362957e-08
0.011187344
1.2938295e-08
0.011187341
9.583587e-09
0.011187338
6.9743372e-09
0.011187337
5.1002093e-09
0.011187335
3.5930096e-09
0.011187334
2.9012595e-09
2.1789586e-09
0.010094914
6.7887459e-05
0.010340233
0.00019555688
0.01065185
0.00027846872
0.010969203
0.00030539076
0.011273712
0.00030593223
0.01155641
0.00029627538
0.011809194
0.00027934034
0.012028326
0.00025644286
0.012214936
0.00023099242
0.012372692
0.00020629519
0.012505836
0.00018407978
0.012618428
0.00016468135
0.012714101
0.00014790567
0.012795956
0.00013346964
0.012866554
0.00012106424
0.01292795
0.00011036698
0.012981772
0.00010106928
0.0130293
9.2903864e-05
0.013071543
8.5655967e-05
0.0131093
7.9159841e-05
0.013143212
7.3289231e-05
0.013173796
6.7947852e-05
0.013201478
6.3061778e-05
0.013226611
5.8573653e-05
0.013249491
5.4438271e-05
0.013270372
5.0619233e-05
0.013289469
4.7086489e-05
0.013306968
4.3814595e-05
0.013323033
4.0781527e-05
0.013337804
3.7967869e-05
0.013351406
3.5356275e-05
0.013363949
3.2931093e-05
0.013375529
3.0678097e-05
0.013386233
2.8584297e-05
0.013396137
2.663779e-05
0.01340531
2.4827645e-05
0.013413813
2.3143804e-05
0.013421701
2.1577003e-05
0.013429023
2.0118696e-05
0.013435825
1.8760991e-05
0.013442147
1.749659e-05
0.013448026
1.6318731e-05
0.013453495
1.5221143e-05
0.013458584
1.4197996e-05
0.013463322
1.3243857e-05
0.013467733
1.2353654e-05
0.01347184
1.1522644e-05
0.013475664
1.0746377e-05
0.013479225
1.0020678e-05
0.01348254
9.3416248e-06
0.013485624
8.7055327e-06
0.013488493
8.108956e-06
0.013491158
7.5486646e-06
0.013493633
7.0216752e-06
0.013495927
6.5252175e-06
0.01349805
6.0567874e-06
0.013500012
5.6140999e-06
0.01350182
5.195157e-06
0.013503483
4.7981848e-06
0.013505007
4.4217054e-06
0.0135064
4.0644561e-06
0.013507668
3.7254577e-06
0.013508817
3.403915e-06
0.013509854
3.0992784e-06
0.013510786
2.8111335e-06
0.013511618
2.5392431e-06
0.013512358
2.2834371e-06
0.013513012
2.0436469e-06
0.013513585
1.819799e-06
0.013514086
1.6118426e-06
0.01351452
1.4196585e-06
0.013514893
1.243085e-06
0.013515212
1.0818515e-06
0.013515482
9.3560268e-07
0.01351571
8.0386202e-07
0.0135159
6.8605239e-07
0.013516057
5.8149295e-07
0.013516186
4.8940986e-07
0.013516291
4.0896424e-07
0.013516376
3.3924825e-07
0.013516444
2.7933973e-07
0.013516498
2.2827977e-07
0.01351654
1.8514503e-07
0.013516573
1.4900489e-07
0.013516599
1.1900647e-07
0.013516618
9.4306896e-08
0.013516633
7.4171109e-08
0.013516644
5.7878212e-08
0.013516652
4.4834546e-08
0.013516658
3.4461647e-08
0.013516662
2.6309555e-08
0.013516665
1.9939966e-08
0.013516668
1.502709e-08
0.013516669
1.123536e-08
0.01351667
8.3723271e-09
0.013516672
6.1241205e-09
0.013516673
4.5471011e-09
0.013516673
3.2172404e-09
0.013516673
2.5584404e-09
1.8137431e-09
0.010067887
-2.6504904e-13
0.010263444
-2.1399962e-13
0.010541913
-1.7208408e-13
0.010847304
-2.114061e-13
0.011153236
-2.4530959e-13
0.011449511
-1.688167e-13
0.011728852
-1.3937522e-14
0.011985295
2.5313002e-13
0.012216287
5.5745817e-13
0.012422582
9.1306541e-13
0.012606662
1.2918794e-12
0.012771343
1.649917e-12
0.012919249
1.9986792e-12
0.013052719
2.3000979e-12
0.013173783
2.6040368e-12
0.01328415
2.8445505e-12
0.013385219
3.1070093e-12
0.013478123
3.3437197e-12
0.013563779
3.6331073e-12
0.013642939
3.979339e-12
0.013716228
4.4397477e-12
0.013784176
5.0789291e-12
0.013847238
5.9263159e-12
0.013905811
7.1158271e-12
0.01396025
8.6603742e-12
0.014010869
1.0740667e-11
0.014057955
1.3340828e-11
0.01410177
1.6633836e-11
0.014142551
2.051152e-11
0.014180519
2.5067833e-11
0.014215875
3.0052453e-11
0.014248807
3.5441515e-11
0.014279485
4.0795757e-11
0.014308069
4.6045902e-11
0.014334707
5.0706792e-11
0.014359534
5.4899553e-11
0.014382678
5.8179028e-11
0.014404255
6.1156646e-11
0.014424373
6.3652115e-11
0.014443134
6.702024e-11
0.014460631
7.0943553e-11
0.01447695
7.7283772e-11
0.014492171
8.5687461e-11
0.014506368
9.7659949e-11
0.014519612
1.1242173e-10
0.014531966
1.3004028e-10
0.014543488
1.4955939e-10
0.014554234
1.6938489e-10
0.014564255
1.8898815e-10
0.014573596
2.0405673e-10
0.014582301
2.1639332e-10
0.01459041
2.1978254e-10
0.014597959
2.189211e-10
0.01460498
2.0601411e-10
0.014611505
1.8950921e-10
0.014617562
1.6130224e-10
0.014623176
1.3256191e-10
0.014628371
9.4455731e-11
0.014633169
5.9508748e-11
0.014637591
2.00886e-11
0.014641656
-1.258282e-11
0.014645381
-4.5831608e-11
0.014648785
-7.1854256e-11
0.014651885
-9.9979283e-11
0.014654696
-1.1692852e-10
0.014657235
-1.35164e-10
0.014659519
-1.4542658e-10
0.014661563
-1.5795544e-10
0.014663383
-1.6510247e-10
0.014664995
-1.7561816e-10
0.014666414
-1.8352994e-10
0.014667658
-1.9454569e-10
0.01466874
-2.0420689e-10
0.014669676
-2.1509735e-10
0.01467048
-2.2502815e-10
0.014671166
-2.3330822e-10
0.014671748
-2.4056115e-10
0.014672238
-2.433027e-10
0.014672647
-2.4609312e-10
0.014672987
-2.4388985e-10
0.014673266
-2.4369871e-10
0.014673495
-2.3719921e-10
0.01467368
-2.3239135e-10
0.014673829
-2.1654874e-10
0.014673948
-1.9801767e-10
0.014674043
-1.6010551e-10
0.014674117
-1.1683213e-10
0.014674175
-5.6328213e-11
0.01467422
-1.0666022e-12
0.014674254
5.2599624e-11
0.01467428
8.5709886e-11
0.0146743
1.0055686e-10
0.014674315
8.4898195e-11
0.014674326
6.1698169e-11
0.014674334
2.6879454e-11
0.01467434
1.1831605e-11
0.014674345
1.0735992e-11
0.014674349
3.2756758e-11
0.014674351
7.024801e-11
7.3929835e-11
0.010067887
-6.788746e-05
0.010263444
-0.00019555688
0.010541913
-0.00027846872
0.010847304
-0.00030539076
0.011153236
-0.00030593223
0.011449511
-0.00029627538
0.011728852
-0.00027934034
0.011985295
-0.00025644286
0.012216287
-0.00023099242
0.012422582
-0.00020629519
0.012606662
-0.00018407978
0.012771343
-0.00016468134
0.012919249
-0.00014790567
0.013052719
-0.00013346964
0.013173783
-0.00012106423
0.01328415
-0.00011036698
0.013385219
-0.00010106928
0.013478123
-9.2903858e-05
0.013563779
-8.565596e-05
0.013642939
-7.9159833e-05
0.013716228
-7.3289222e-05
0.013784176
-6.7947842e-05
0.013847238
-6.3061767e-05
0.013905811
-5.8573639e-05
0.01396025
-5.4438254e-05
0.014010869
-5.0619213e-05
0.014057955
-4.7086464e-05
0.01410177
-4.3814564e-05
0.014142551
-4.0781488e-05
0.014180519
-3.7967822e-05
0.014215875
-3.5356219e-05
0.014248807
-3.2931027e-05
0.014279485
-3.0678022e-05
0.014308069
-2.8584212e-05
0.014334707
-2.6637697e-05
0.014359534
-2.4827545e-05
0.014382678
-2.3143698e-05
0.014404255
-2.1576892e-05
0.014424374
-2.011858e-05
0.014443134
-1.8760869e-05
0.014460631
-1.7496458e-05
0.01447695
-1.6318586e-05
0.014492171
-1.522098e-05
0.014506369
-1.4197807e-05
0.014519612
-1.3243636e-05
0.014531966
-1.2353397e-05
0.014543488
-1.1522345e-05
0.014554234
-1.0746036e-05
0.014564255
-1.0020297e-05
0.014573596
-9.3412105e-06
0.014582302
-8.7050933e-06
0.01459041
-8.1085055e-06
0.014597959
-7.5482158e-06
0.01460498
-7.0212467e-06
0.014611505
-6.5248212e-06
0.014617562
-6.056441e-06
0.014623176
-5.6138101e-06
0.014628371
-5.1949373e-06
0.014633169
-4.7980336e-06
0.014637591
-4.4216288e-06
0.014641656
-4.0644457e-06
0.014645381
-3.7255143e-06
0.014648785
-3.4040281e-06
0.014651885
-3.099447e-06
0.014654696
-2.8113432e-06
0.014657235
-2.5394917e-06
0.014659519
-2.2837144e-06
0.014661563
-2.0439534e-06
0.014663383
-1.8201284e-06
0.014664995
-1.6121973e-06
0.014666415
-1.4200352e-06
0.014667658
-1.243486e-06
0.01466874
-1.0822742e-06
0.014669676
-9.3604665e-07
0.01467048
-8.0432385e-07
0.014671166
-6.8652804e-07
0.014671748
-5.8197754e-07
0.014672238
-4.8989632e-07
0.014672647
-4.0944958e-07
0.014672987
-3.3972622e-07
0.014673266
-2.798102e-07
0.014673495
-2.2873563e-07
0.01467368
-1.8558463e-07
0.014673829
-1.494123e-07
0.014673949
-1.1936879e-07
0.014674043
-9.4593583e-08
0.014674117
-7.4365892e-08
0.014674175
-5.7957752e-08
0.01467422
-4.4807571e-08
0.014674254
-3.4340975e-08
0.01467428
-2.6140683e-08
0.0146743
-1.976306e-08
0.014674315
-1.4890387e-08
0.014674326
-1.1150996e-08
0.014674334
-8.3380203e-09
0.014674341
-6.1102737e-09
0.014674346
-4.5024646e-09
0.014674349
-3.1387476e-09
0.014674351
-2.4402631e-09
-1.6887834e-09
0.010094914
-0.00016280099
0.010340233
-0.00044087647
0.01065185
-0.00059008571
0.010969203
-0.00062274377
0.011273712
-0.00061044159
0.01155641
-0.00057897246
0.011809194
-0.0005321246
0.012028326
-0.00047557512
0.012214936
-0.00041760214
0.012372692
-0.00036405133
0.012505836
-0.0003172236
0.012618428
-0.0002772735
0.012714101
-0.00024357852
0.012795956
-0.00021532526
0.012866554
-0.00019166163
0.01292795
-0.00017176285
0.012981772
-0.00015489117
0.0130293
-0.0001404321
0.013071543
-0.00012789904
0.0131093
-0.00011691717
0.013143212
-0.00010720076
0.013173796
-9.853195e-05
0.013201478
-9.0743666e-05
0.013226611
-8.3706538e-05
0.013249491
-7.7319007e-05
0.013270372
-7.149995e-05
0.013289469
-6.6183278e-05
0.013306968
-6.1314078e-05
0.013323033
-5.6845897e-05
0.013337804
-5.2738843e-05
0.013351406
-4.8958246e-05
0.013363949
-4.5473689e-05
0.013375529
-4.2258287e-05
0.013386233
-3.9288142e-05
0.013396137
-3.6541916e-05
0.01340531
-3.4000484e-05
0.013413813
-3.1646653e-05
0.013421701
-2.946492e-05
0.013429024
-2.7441268e-05
0.013435826
-2.5562991e-05
0.013442148
-2.3818535e-05
0.013448027
-2.219737e-05
0.013453495
-2.0689859e-05
0.013458585
-1.9287164e-05
0.013463322
-1.7981146e-05
0.013467733
-1.6764285e-05
0.01347184
-1.5629611e-05
0.013475665
-1.4570641e-05
0.013479226
-1.3581343e-05
0.013482541
-1.2656074e-05
0.013485625
-1.1789588e-05
0.013488493
-1.0976973e-05
0.013491159
-1.0213705e-05
0.013493633
-9.4955625e-06
0.013495927
-8.818739e-06
0.013498051
-8.1797253e-06
0.013500012
-7.5754609e-06
0.013501821
-7.0031829e-06
0.013503484
-6.4605999e-06
0.013505008
-5.9457098e-06
0.013506401
-5.4569721e-06
0.013507668
-4.9930985e-06
0.013508818
-4.5532116e-06
0.013509855
-4.1366199e-06
0.013510787
-3.7429494e-06
0.013511619
-3.3719207e-06
0.013512359
-3.0234537e-06
0.013513012
-2.6974613e-06
0.013513586
-2.3939309e-06
0.013514087
-2.11275e-06
0.01351452
-1.8537721e-06
0.013514894
-1.6166889e-06
0.013515212
-1.4010816e-06
0.013515483
-1.2063506e-06
0.01351571
-1.0317488e-06
0.0135159
-8.7637193e-07
0.013516057
-7.3916853e-07
0.013516186
-6.1898971e-07
0.013516291
-5.1456595e-07
0.013516376
-4.2460485e-07
0.013516444
-3.4773405e-07
0.013516498
-2.8263457e-07
0.01351654
-2.279468e-07
0.013516573
-1.8242974e-07
0.013516599
-1.448299e-07
0.013516618
-1.1407241e-07
0.013516633
-8.9084052e-08
0.013516644
-6.9008427e-08
0.013516652
-5.2993978e-08
0.013516658
-4.0401932e-08
0.013516662
-3.0586147e-08
0.013516665
-2.3061205e-08
0.013516667
-1.7310671e-08
0.013516669
-1.295212e-08
0.01351667
-9.5989148e-09
0.013516672
-6.9697201e-09
0.013516673
-5.037005e-09
0.013516673
-3.4862503e-09
0.013516673
-2.8016007e-09
-2.1025645e-09
0.010181464
-0.00034426525
0.010521798
-0.00078121018
0.010842482
-0.00091076959
0.011112769
-0.0008930309
0.01133602
-0.00083369229
0.011508579
-0.00075153209
0.011630744
-0.0006542893
0.011709907
-0.00055473799
0.011755697
-0.00046339255
0.011776644
-0.000384998
0.011779503
-0.00032008221
0.011769652
-0.00026742267
0.01175133
-0.0002252566
0.011727726
-0.0001917216
0.011701127
-0.00016506247
0.011673116
-0.00014375196
0.011644765
-0.00012654001
0.011616781
-0.00011244777
0.011589614
-0.00010073203
0.011563536
-9.0839866e-05
0.0115387
-8.2364448e-05
0.011515175
-7.5007427e-05
0.011492981
-6.8549263e-05
0.011472102
-6.2827011e-05
0.011452501
-5.7718109e-05
0.011434129
-5.312874e-05
0.011416932
-4.8985595e-05
0.011400848
-4.5230135e-05
0.011385817
-4.1814642e-05
0.011371777
-3.8699502e-05
0.01135867
-3.5851322e-05
0.011346438
-3.3241607e-05
0.011335026
-3.0845801e-05
0.01132438
-2.8642576e-05
0.011314451
-2.6613289e-05
0.011305193
-2.4741557e-05
0.011296559
-2.3012917e-05
0.011288508
-2.1414548e-05
0.011281002
-1.9935036e-05
0.011274003
-1.8564181e-05
0.011267478
-1.7292829e-05
0.011261393
-1.6112729e-05
0.01125572
-1.5016414e-05
0.011250429
-1.3997091e-05
0.011245497
-1.3048555e-05
0.011240898
-1.2165106e-05
0.011236609
-1.134149e-05
0.011232611
-1.0572844e-05
0.011228885
-9.8546497e-06
0.011225411
-9.1827068e-06
0.011222175
-8.5531096e-06
0.01121916
-7.9622322e-06
0.011216353
-7.4067264e-06
0.011213741
-6.883518e-06
0.011211312
-6.3898199e-06
0.011209056
-5.9231294e-06
0.011206962
-5.4812437e-06
0.011205021
-5.0622545e-06
0.011203225
-4.6645604e-06
0.011201566
-4.2868467e-06
0.011200038
-3.9280851e-06
0.011198632
-3.5874991e-06
0.011197343
-3.2645502e-06
0.011196166
-2.9588874e-06
0.011195093
-2.6703208e-06
0.01119412
-2.3987647e-06
0.011193241
-2.1442065e-06
0.01119245
-1.906648e-06
0.011191742
-1.6860782e-06
0.011191112
-1.4824225e-06
0.011190553
-1.2955261e-06
0.011190062
-1.1251188e-06
0.011189631
-9.7081599e-07
0.011189257
-8.3209961e-07
0.011188934
-7.0833102e-07
0.011188656
-5.9875243e-07
0.011188419
-5.0251147e-07
0.011188219
-4.1867376e-07
0.011188051
-3.462483e-07
0.01118791
-2.8421014e-07
0.011187794
-2.3152367e-07
0.011187698
-1.871646e-07
0.01118762
-1.5013495e-07
0.011187557
-1.1948555e-07
0.011187507
-9.4329618e-08
0.011187467
-7.3856514e-08
0.011187435
-5.7340511e-08
0.01118741
-4.4145531e-08
0.01118739
-3.3725023e-08
0.011187375
-2.5603811e-08
0.011187364
-1.9361287e-08
0.011187355
-1.4609932e-08
0.011187348
-1.0995467e-08
0.011187344
-8.2025628e-09
0.011187341
-5.9933409e-09
0.011187338
-4.2204273e-09
0.011187337
-2.9491956e-09
0.011187336
-2.0808334e-09
0.011187334
-1.9042226e-09
-1.6227124e-09
0.010341662
-0.00068592734
0.010578184
-0.0010177326
0.010615671
-0.00094825625
0.010553945
-0.00083130473
0.010425822
-0.00070556886
0.010248587
-0.00057429754
0.010044962
-0.00045066426
0.0098354604
-0.00034523641
0.0096327827
-0.0002607149
0.0094437308
-0.00019594607
0.0092713466
-0.00014769799
0.009116574
-0.00011265009
0.0089789731
-8.7655674e-05
0.0088572402
-6.9988766e-05
0.0087496634
-5.748561e-05
0.0086544455
-4.8534121e-05
0.00856989
-4.1984431e-05
0.0084944845
-3.704226e-05
0.0084269263
-3.317382e-05
0.0083661157
-3.0029287e-05
0.0083111354
-2.7384165e-05
0.0082612243
-2.5096346e-05
0.0082157512
-2.3076189e-05
0.0081741908
-2.1266627e-05
0.0081361031
-1.9630401e-05
0.0081011165
-1.8142095e-05
0.0080689142
-1.6783303e-05
0.0080392238
-1.5539787e-05
0.008011809
-1.4399859e-05
0.007986463
-1.3353503e-05
0.0079630036
-1.2391898e-05
0.0079412692
-1.150717e-05
0.0079211156
-1.0692244e-05
0.0079024138
-9.9407536e-06
0.0078850475
-9.2469766e-06
0.0078689117
-8.605771e-06
0.0078539113
-8.0125211e-06
0.0078399598
-7.4630853e-06
0.0078269785
-6.9537429e-06
0.0078148955
-6.4811482e-06
0.0078036449
-6.0422832e-06
0.0077931666
-5.6344193e-06
0.0077834053
-5.2550772e-06
0.0077743102
-4.901997e-06
0.0077658347
-4.5731046e-06
0.007757936
-4.2664938e-06
0.0077505749
-3.980394e-06
0.0077437151
-3.7131671e-06
0.0077373237
-3.4632744e-06
0.0077313703
-3.2292942e-06
0.0077258271
-3.0098791e-06
0.0077206686
-2.8037977e-06
0.0077158719
-2.6098802e-06
0.0077114156
-2.4270848e-06
0.0077072803
-2.2544261e-06
0.0077034484
-2.0910613e-06
0.0076999036
-1.9362041e-06
0.0076966307
-1.7892229e-06
0.0076936159
-1.6495413e-06
0.0076908459
-1.5167377e-06
0.0076883084
-1.3904395e-06
0.0076859914
-1.2704163e-06
0.0076838834
-1.1564715e-06
0.007681973
-1.048524e-06
0.0076802491
-9.4650381e-07
0.0076787007
-8.5042128e-07
0.0076773167
-7.6027217e-07
0.007676086
-6.7609314e-07
0.0076749977
-5.9788202e-07
0.0076740408
-5.2564006e-07
0.0076732045
-4.593145e-07
0.0076724782
-3.9882618e-07
0.0076718513
-3.4404418e-07
0.0076713139
-2.9479494e-07
0.0076708564
-2.508597e-07
0.0076704695
-2.1196765e-07
0.0076701447
-1.7782687e-07
0.0076698741
-1.4809243e-07
0.0076696501
-1.2242735e-07
0.0076694662
-1.0044677e-07
0.0076693163
-8.1801067e-08
0.0076691951
-6.6096486e-08
0.0076690979
-5.3002188e-08
0.0076690205
-4.2148391e-08
0.0076689593
-3.3254927e-08
0.0076689115
-2.6001795e-08
0.0076688742
-2.0179459e-08
0.0076688455
-1.5532442e-08
0.0076688234
-1.1909413e-08
0.0076688065
-9.0961938e-09
0.0076687937
-6.9573018e-09
0.0076687842
-5.2936896e-09
0.0076687772
-3.9904374e-09
0.0076687723
-2.8995667e-09
0.007668769
-2.0121861e-09
0.0076687667
-1.3229097e-09
0.0076687649
-9.2320753e-10
0.0076687633
-7.7403087e-10
0.0076687615
-9.2223275e-10
-8.7387945e-10
0.0093140727
0.0082963401
0.0073480838
0.0065167791
0.0058112103
0.0052369127
0.0047862485
0.004441012
0.0041802971
0.0039843511
0.0038366531
0.003724003
0.0036363473
0.0035663586
0.0035088729
0.0034603388
0.0034183544
0.0033813121
0.0033481383
0.003318109
0.0032907249
0.0032656285
0.0032425523
0.0032212857
0.0032016553
0.0031835132
0.0031667299
0.0031511901
0.0031367902
0.0031234367
0.0031110448
0.0030995377
0.0030888454
0.0030789047
0.0030696577
0.0030610519
0.0030530394
0.0030455763
0.0030386226
0.0030321414
0.0030260991
0.0030204647
0.0030152096
0.0030103076
0.0030057345
0.003001468
0.0029974876
0.0029937744
0.0029903111
0.0029870818
0.0029840719
0.0029812682
0.0029786584
0.0029762313
0.002973977
0.002971886
0.0029699498
0.0029681607
0.0029665111
0.0029649944
0.0029636039
0.0029623334
0.0029611768
0.0029601282
0.0029591816
0.002958331
0.0029575705
0.0029568943
0.0029562963
0.0029557705
0.002955311
0.002954912
0.0029545679
0.0029542729
0.002954022
0.0029538098
0.0029536319
0.0029534836
0.0029533611
0.0029532605
0.0029531786
0.0029531124
0.0029530593
0.0029530171
0.0029529838
0.0029529577
0.0029529374
0.0029529217
0.0029529096
0.0029529003
0.0029528933
0.0029528881
0.0029528843
0.0029528818
0.0029528801
0.0029528788
0.0029528778
0.0029528767
0.0029528755
)
;

boundaryField
{
    top
    {
        type            calculated;
        value           uniform 0;
    }
    bottom
    {
        type            calculated;
        value           uniform 0;
    }
    inlet
    {
        type            calculated;
        value           nonuniform List<scalar> 10(-0.01 -0.01 -0.01 -0.01 -0.01 -0.01 -0.01 -0.01 -0.01 -0.01);
    }
    outlet
    {
        type            calculated;
        value           nonuniform List<scalar> 10(0.0029528744 0.0076687602 0.011187333 0.013516673 0.014674352 0.014674352 0.013516673 0.011187333 0.0076687603 0.0029528745);
    }
    front
    {
        type            empty;
    }
    back
    {
        type            empty;
    }
}


// ************************************************************************* //
