/*--------------------------------*- C++ -*----------------------------------*\
  =========                 |
  \\      /  F ield         | OpenFOAM: The Open Source CFD Toolbox
   \\    /   O peration     | Website:  https://openfoam.org
    \\  /    A nd           | Version:  13
     \\/     M anipulation  |
\*---------------------------------------------------------------------------*/
FoamFile
{
    format      ascii;
    class       volVectorField;
    location    "7";
    object      U;
}
// * * * * * * * * * * * * * * * * * * * * * * * * * * * * * * * * * * * * * //

dimensions      [0 1 -1 0 0 0 0];

internalField   nonuniform List<vector> 
1000
(
(0.92074242 0.03382768 0)
(0.8635379 0.056684191 0)
(0.78799127 0.052753994 0)
(0.69766161 0.041237061 0)
(0.61471542 0.03020314 0)
(0.54875554 0.020988077 0)
(0.49827309 0.013660659 0)
(0.45949312 0.0082997554 0)
(0.42978721 0.004735884 0)
(0.4072852 0.002532184 0)
(0.39034402 0.0012497965 0)
(0.37751559 0.00056180328 0)
(0.36764107 0.00024261448 0)
(0.35985945 0.00013663724 0)
(0.35355677 0.00013976103 0)
(0.34830594 0.00018761023 0)
(0.34381545 0.00024452969 0)
(0.33988918 0.00029351231 0)
(0.33639623 0.00032844045 0)
(0.33324896 0.00034888354 0)
(0.33038779 0.00035693695 0)
(0.32777097 0.00035546648 0)
(0.32536798 0.00034724078 0)
(0.32315538 0.00033457893 0)
(0.32111429 0.00031926797 0)
(0.31922887 0.00030260448 0)
(0.31748536 0.00028548223 0)
(0.31587163 0.0002684872 0)
(0.31437678 0.00025198266 0)
(0.31299102 0.00023617771 0)
(0.31170546 0.00022117892 0)
(0.31051204 0.00020702718 0)
(0.30940345 0.00019372296 0)
(0.30837305 0.00018124313 0)
(0.30741479 0.00016955174 0)
(0.30652318 0.00015860683 0)
(0.30569319 0.00014836442 0)
(0.30492026 0.0001387809 0)
(0.3042002 0.00012981422 0)
(0.30352916 0.00012142446 0)
(0.30290363 0.00011357401 0)
(0.30232039 0.00010622761 0)
(0.30177645 9.9352141e-05 0)
(0.30126909 9.2916447e-05 0)
(0.30079579 8.6891162e-05 0)
(0.30035423 8.1248453e-05 0)
(0.29994226 7.5961992e-05 0)
(0.29955793 7.1006513e-05 0)
(0.29919943 6.6358105e-05 0)
(0.2988651 6.1993657e-05 0)
(0.29855341 5.7891485e-05 0)
(0.29826298 5.4030531e-05 0)
(0.29799253 5.0391365e-05 0)
(0.29774089 4.695527e-05 0)
(0.29750701 4.3705468e-05 0)
(0.29728992 4.0626063e-05 0)
(0.29708873 3.7703387e-05 0)
(0.29690262 3.4924882e-05 0)
(0.29673083 3.2280387e-05 0)
(0.29657265 2.9761021e-05 0)
(0.29642743 2.7360302e-05 0)
(0.29629451 2.5072933e-05 0)
(0.29617329 2.2895749e-05 0)
(0.29606316 2.0826503e-05 0)
(0.29596353 1.8864651e-05 0)
(0.2958738 1.701003e-05 0)
(0.29579339 1.526356e-05 0)
(0.29572169 1.3625995e-05 0)
(0.29565811 1.2098552e-05 0)
(0.29560205 1.0681678e-05 0)
(0.29555292 9.375649e-06 0)
(0.29551012 8.179526e-06 0)
(0.29547308 7.091532e-06 0)
(0.29544124 6.1085388e-06 0)
(0.29541405 5.2267882e-06 0)
(0.29539099 4.4417129e-06 0)
(0.29537157 3.7481047e-06 0)
(0.29535534 3.1402613e-06 0)
(0.29534187 2.6118277e-06 0)
(0.29533077 2.1564362e-06 0)
(0.2953217 1.7671738e-06 0)
(0.29531434 1.437518e-06 0)
(0.29530841 1.1605118e-06 0)
(0.29530367 9.2995342e-07 0)
(0.29529992 7.3936402e-07 0)
(0.29529697 5.8331473e-07 0)
(0.29529467 4.5633093e-07 0)
(0.29529289 3.5436264e-07 0)
(0.29529152 2.7345636e-07 0)
(0.29529047 2.1066691e-07 0)
(0.29528967 1.6279156e-07 0)
(0.29528907 1.2639e-07 0)
(0.29528862 9.7886882e-08 0)
(0.2952883 7.3857806e-08 0)
(0.29528808 5.2777434e-08 0)
(0.29528794 3.4902446e-08 0)
(0.29528783 2.3768933e-08 0)
(0.29528772 2.0742499e-08 0)
(0.2952876 2.8605151e-08 0)
(0.29528747 3.4969304e-08 0)
(1.0019381 0.052732953 0)
(1.0365395 0.10225274 0)
(1.0602516 0.11315449 0)
(1.0635369 0.1090466 0)
(1.0522935 0.099516705 0)
(1.0346516 0.087114674 0)
(1.0147897 0.073373125 0)
(0.99415463 0.059906706 0)
(0.97358849 0.047880415 0)
(0.95388174 0.037787615 0)
(0.93564763 0.029665823 0)
(0.91918057 0.02332968 0)
(0.90451502 0.018503101 0)
(0.89154102 0.014887717 0)
(0.88008798 0.012203272 0)
(0.86996961 0.010210173 0)
(0.86100573 0.0087174145 0)
(0.85303279 0.0075805258 0)
(0.84590822 0.0066945203 0)
(0.83951094 0.0059853882 0)
(0.8337398 0.0054021114 0)
(0.82851093 0.0049100417 0)
(0.82375499 0.0044858258 0)
(0.81941448 0.0041137181 0)
(0.81544149 0.0037830011 0)
(0.81179573 0.0034862323 0)
(0.80844306 0.0032180828 0)
(0.80535424 0.002974587 0)
(0.80250401 0.0027526699 0)
(0.79987036 0.0025498535 0)
(0.79743394 0.0023640767 0)
(0.79517766 0.0021935842 0)
(0.79308629 0.0020368559 0)
(0.79114623 0.001892561 0)
(0.78934526 0.0017595263 0)
(0.78767236 0.0016367129 0)
(0.78611754 0.001523197 0)
(0.78467175 0.0014181559 0)
(0.78332675 0.0013208539 0)
(0.78207503 0.0012306318 0)
(0.78090972 0.0011468966 0)
(0.77982452 0.001069113 0)
(0.77881368 0.00099679533 0)
(0.7778719 0.0009295012 0)
(0.77699432 0.00086682555 0)
(0.77617649 0.00080839568 0)
(0.77541431 0.00075386723 0)
(0.774704 0.00070292076 0)
(0.77404211 0.00065525937 0)
(0.77342549 0.00061060678 0)
(0.77285122 0.00056870645 0)
(0.77231665 0.00052932075 0)
(0.77181937 0.00049223132 0)
(0.77135715 0.000457239 0)
(0.77092797 0.00042416477 0)
(0.77052998 0.00039284982 0)
(0.77016148 0.00036315643 0)
(0.76982091 0.00033496758 0)
(0.76950683 0.00030818719 0)
(0.76921787 0.00028273874 0)
(0.76895277 0.00025856453 0)
(0.76871031 0.00023562329 0)
(0.76848932 0.00021388833 0)
(0.76828866 0.00019334436 0)
(0.76810721 0.00017398497 0)
(0.76794385 0.00015580899 0)
(0.76779749 0.00013881772 0)
(0.76766701 0.00012301171 0)
(0.76755132 0.00010838832 0)
(0.76744931 9.4939291e-05 0)
(0.7673599 8.264919e-05 0)
(0.767282 7.1493966e-05 0)
(0.76721457 6.1440467e-05 0)
(0.76715658 5.2446278e-05 0)
(0.76710704 4.4460881e-05 0)
(0.76706501 3.7426406e-05 0)
(0.7670296 3.1279304e-05 0)
(0.76699999 2.5951417e-05 0)
(0.7669754 2.1372039e-05 0)
(0.76695514 1.7469116e-05 0)
(0.76693856 1.4171215e-05 0)
(0.7669251 1.1408429e-05 0)
(0.76691426 9.114077e-06 0)
(0.7669056 7.2251162e-06 0)
(0.76689873 5.6834467e-06 0)
(0.76689333 4.4356988e-06 0)
(0.76688911 3.4346257e-06 0)
(0.76688585 2.6383812e-06 0)
(0.76688334 2.0117058e-06 0)
(0.76688143 1.5239826e-06 0)
(0.76687997 1.1496735e-06 0)
(0.76687887 8.649386e-07 0)
(0.76687805 6.4925812e-07 0)
(0.76687747 4.8300446e-07 0)
(0.76687704 3.5263015e-07 0)
(0.76687676 2.4960425e-07 0)
(0.76687655 1.765575e-07 0)
(0.7668764 1.2918482e-07 0)
(0.76687622 1.2954913e-07 0)
(0.76687605 1.2354722e-07 0)
(1.0002467 0.026719375 0)
(1.0283936 0.06255548 0)
(1.0646999 0.077616155 0)
(1.0979952 0.080476474 0)
(1.1240764 0.078058279 0)
(1.1435812 0.07291683 0)
(1.1579044 0.065986855 0)
(1.1678877 0.0582047 0)
(1.1741544 0.050495786 0)
(1.1774192 0.043467201 0)
(1.1784517 0.037361306 0)
(1.1779313 0.032190659 0)
(1.1763807 0.027868333 0)
(1.1741779 0.024277407 0)
(1.1715897 0.021298543 0)
(1.1688025 0.018820816 0)
(1.1659442 0.01674707 0)
(1.1630997 0.014996288 0)
(1.1603237 0.013503443 0)
(1.1576498 0.012217608 0)
(1.155097 0.011099375 0)
(1.1526749 0.010118338 0)
(1.1503869 0.0092509603 0)
(1.1482324 0.0084788991 0)
(1.1462083 0.0077877237 0)
(1.1443101 0.0071659416 0)
(1.1425324 0.0066042723 0)
(1.1408692 0.0060951117 0)
(1.1393144 0.0056321425 0)
(1.1378619 0.0052100509 0)
(1.1365056 0.0048243195 0)
(1.1352396 0.0044710736 0)
(1.1340584 0.0041469641 0)
(1.1329564 0.0038490779 0)
(1.1319286 0.003574867 0)
(1.13097 0.0033220918 0)
(1.1300762 0.0030887753 0)
(1.1292427 0.0028731648 0)
(1.1284656 0.0026737004 0)
(1.127741 0.0024889883 0)
(1.1270654 0.0023177782 0)
(1.1264354 0.0021589436 0)
(1.1258481 0.0020114655 0)
(1.1253004 0.0018744181 0)
(1.1247897 0.0017469557 0)
(1.1243135 0.0016283035 0)
(1.1238696 0.0015177473 0)
(1.1234556 0.0014146272 0)
(1.1230697 0.0013183308 0)
(1.12271 0.0012282894 0)
(1.1223748 0.0011439742 0)
(1.1220625 0.0010648948 0)
(1.1217717 0.00099059744 0)
(1.121501 0.00092066602 0)
(1.1212492 0.00085472131 0)
(1.1210151 0.00079242287 0)
(1.1207978 0.00073346898 0)
(1.1205962 0.00067759805 0)
(1.1204095 0.00062458797 0)
(1.1202369 0.00057425605 0)
(1.1200777 0.00052645685 0)
(1.1199311 0.00048108007 0)
(1.1197966 0.00043804663 0)
(1.1196734 0.00039730455 0)
(1.119561 0.00035882361 0)
(1.1194588 0.00032258964 0)
(1.1193663 0.00028859854 0)
(1.1192829 0.00025685035 0)
(1.1192081 0.0002273438 0)
(1.1191413 0.00020007109 0)
(1.119082 0.00017501397 0)
(1.1190296 0.00015214027 0)
(1.1189836 0.00013140224 0)
(1.1189435 0.00011273518 0)
(1.1189087 9.6058094e-05 0)
(1.1188788 8.1273994e-05 0)
(1.1188531 6.8272692e-05 0)
(1.1188314 5.6932277e-05 0)
(1.118813 4.7123228e-05 0)
(1.1187976 3.8710269e-05 0)
(1.1187848 3.155697e-05 0)
(1.1187743 2.5527103e-05 0)
(1.1187657 2.0489158e-05 0)
(1.1187587 1.6316555e-05 0)
(1.118753 1.2891745e-05 0)
(1.1187485 1.0104872e-05 0)
(1.1187449 7.8577465e-06 0)
(1.1187421 6.061242e-06 0)
(1.1187399 4.639063e-06 0)
(1.1187382 3.5237237e-06 0)
(1.1187369 2.6591367e-06 0)
(1.1187359 1.9951898e-06 0)
(1.1187352 1.4902213e-06 0)
(1.1187346 1.1057596e-06 0)
(1.1187342 8.1347931e-07 0)
(1.1187339 5.8646304e-07 0)
(1.1187337 4.2310842e-07 0)
(1.1187336 2.9668409e-07 0)
(1.1187334 2.4816807e-07 0)
(1.1187333 1.9877478e-07 0)
(1.0000321 0.01172771 0)
(1.0173964 0.030563016 0)
(1.0455868 0.040990665 0)
(1.0788323 0.044657243 0)
(1.1117703 0.044906518 0)
(1.1419849 0.043513626 0)
(1.1689322 0.04099875 0)
(1.1925678 0.037704081 0)
(1.2129268 0.034089591 0)
(1.2301852 0.030558837 0)
(1.2446903 0.027331285 0)
(1.256878 0.024473251 0)
(1.2671747 0.021977089 0)
(1.2759451 0.019810765 0)
(1.283481 0.017935176 0)
(1.290012 0.016308896 0)
(1.2957188 0.01489143 0)
(1.3007436 0.013646371 0)
(1.3051988 0.01254321 0)
(1.3091728 0.011557532 0)
(1.3127361 0.010670221 0)
(1.3159451 0.0098663839 0)
(1.3188459 0.0091343729 0)
(1.3214765 0.0084649926 0)
(1.3238688 0.0078508899 0)
(1.3260498 0.0072860855 0)
(1.3280427 0.0067656211 0)
(1.3298674 0.0062853009 0)
(1.3315412 0.0058415075 0)
(1.3330791 0.0054310729 0)
(1.3344943 0.0050511881 0)
(1.3357985 0.0046993387 0)
(1.3370019 0.0043732583 0)
(1.3381137 0.0040708939 0)
(1.339142 0.0037903786 0)
(1.3400939 0.0035300104 0)
(1.3409759 0.0032882341 0)
(1.3417939 0.0030636265 0)
(1.342553 0.0028548829 0)
(1.343258 0.0026608058 0)
(1.343913 0.0024802937 0)
(1.344522 0.0023123324 0)
(1.3450884 0.0021559853 0)
(1.3456154 0.0020103863 0)
(1.3461059 0.0018747321 0)
(1.3465625 0.0017482758 0)
(1.3469878 0.0016303211 0)
(1.3473837 0.0015202176 0)
(1.3477524 0.0014173562 0)
(1.3480957 0.0013211661 0)
(1.3484152 0.0012311124 0)
(1.3487124 0.0011466947 0)
(1.3489887 0.0010674456 0)
(1.3492453 0.00099293201 0)
(1.3494834 0.00092275418 0)
(1.349704 0.00085654828 0)
(1.349908 0.00079398558 0)
(1.3500962 0.00073477561 0)
(1.3502696 0.00067866443 0)
(1.3504287 0.00062543729 0)
(1.3505744 0.00057491536 0)
(1.3507072 0.00052695684 0)
(1.3508279 0.00048145182 0)
(1.350937 0.00043832143 0)
(1.3510353 0.00039751134 0)
(1.3511233 0.00035898894 0)
(1.3512017 0.00032273585 0)
(1.3512712 0.00028874413 0)
(1.3513324 0.00025700903 0)
(1.3513859 0.00022752514 0)
(1.3514324 0.00020028032 0)
(1.3514726 0.00017525284 0)
(1.351507 0.00015240742 0)
(1.3515363 0.000131694 0)
(1.351561 0.00011304618 0)
(1.3515817 9.6381661e-05 0)
(1.3515989 8.1603299e-05 0)
(1.3516131 6.8600506e-05 0)
(1.3516247 5.7252436e-05 0)
(1.3516341 4.7429661e-05 0)
(1.3516416 3.8998756e-05 0)
(1.3516476 3.1823441e-05 0)
(1.3516523 2.5769836e-05 0)
(1.351656 2.0706279e-05 0)
(1.3516589 1.65088e-05 0)
(1.3516611 1.3059016e-05 0)
(1.3516627 1.0249823e-05 0)
(1.351664 7.9814131e-06 0)
(1.3516649 6.1672698e-06 0)
(1.3516656 4.7285618e-06 0)
(1.3516661 3.5995982e-06 0)
(1.3516665 2.7209409e-06 0)
(1.3516667 2.0445388e-06 0)
(1.3516669 1.5248585e-06 0)
(1.351667 1.1315472e-06 0)
(1.3516671 8.2502147e-07 0)
(1.3516672 6.0672783e-07 0)
(1.3516673 4.2723526e-07 0)
(1.3516673 3.3828747e-07 0)
(1.3516673 2.4140375e-07 0)
(1.0001568 0.0034383906 0)
(1.0134518 0.0092557598 0)
(1.036628 0.012853241 0)
(1.0666034 0.014335343 0)
(1.0987809 0.014626052 0)
(1.1300715 0.014363697 0)
(1.1593037 0.013741451 0)
(1.1861976 0.01284016 0)
(1.2106431 0.011790373 0)
(1.2325915 0.010728734 0)
(1.2521417 0.0097376725 0)
(1.2695378 0.008845965 0)
(1.2850832 0.0080555414 0)
(1.2990634 0.0073596119 0)
(1.3117148 0.0067486883 0)
(1.3232262 0.0062117875 0)
(1.3337497 0.0057373918 0)
(1.3434089 0.0053147119 0)
(1.3523048 0.0049345709 0)
(1.3605198 0.004589648 0)
(1.3681215 0.0042742903 0)
(1.3751666 0.0039841795 0)
(1.3817032 0.0037160123 0)
(1.3877732 0.0034672427 0)
(1.3934137 0.0032358811 0)
(1.3986577 0.0030203396 0)
(1.4035351 0.0028193161 0)
(1.408073 0.00263171 0)
(1.4122964 0.0024565643 0)
(1.4162279 0.002293026 0)
(1.4198888 0.0021403209 0)
(1.4232982 0.001997737 0)
(1.426474 0.0018646134 0)
(1.4294329 0.0017403335 0)
(1.4321901 0.00162432 0)
(1.4347598 0.0015160316 0)
(1.437155 0.0014149605 0)
(1.439388 0.0013206303 0)
(1.4414699 0.0012325938 0)
(1.4434112 0.0011504317 0)
(1.4452216 0.0010737504 0)
(1.4469101 0.0010021808 0)
(1.4484849 0.00093537604 0)
(1.4499539 0.00087301045 0)
(1.4513242 0.00081477757 0)
(1.4526024 0.00076038864 0)
(1.4537946 0.00070957142 0)
(1.4549066 0.00066206867 0)
(1.4559436 0.00061763741 0)
(1.4569104 0.00057604773 0)
(1.4578116 0.00053708262 0)
(1.4586513 0.00050053727 0)
(1.4594332 0.00046621936 0)
(1.4601608 0.00043394892 0)
(1.4608374 0.000403559 0)
(1.4614657 0.00037489592 0)
(1.4620486 0.00034782 0)
(1.4625884 0.00032220596 0)
(1.4630875 0.00029794338 0)
(1.463548 0.00027493697 0)
(1.4639718 0.00025310637 0)
(1.4643609 0.00023238583 0)
(1.4647169 0.00021272334 0)
(1.4650417 0.0001940797 0)
(1.4653368 0.00017642641 0)
(1.4656039 0.00015974459 0)
(1.4658446 0.0001440223 0)
(1.4660605 0.00012925304 0)
(1.4662533 0.00011543272 0)
(1.4664245 0.00010255821 0)
(1.4665756 9.0624521e-05 0)
(1.4667084 7.9623895e-05 0)
(1.4668242 6.9543573e-05 0)
(1.4669247 6.0365501e-05 0)
(1.4670113 5.2065044e-05 0)
(1.4670855 4.4611378e-05 0)
(1.4671485 3.7967203e-05 0)
(1.4672017 3.2089635e-05 0)
(1.4672464 2.6930795e-05 0)
(1.4672835 2.2438917e-05 0)
(1.4673142 1.8559679e-05 0)
(1.4673394 1.523721e-05 0)
(1.4673599 1.2415705e-05 0)
(1.4673764 1.0040087e-05 0)
(1.4673897 8.0575475e-06 0)
(1.4674002 6.4175892e-06 0)
(1.4674085 5.0733867e-06 0)
(1.467415 3.9811103e-06 0)
(1.4674201 3.1015429e-06 0)
(1.467424 2.3988637e-06 0)
(1.4674269 1.8422401e-06 0)
(1.4674292 1.4043733e-06 0)
(1.4674309 1.0629828e-06 0)
(1.4674321 7.9756969e-07 0)
(1.467433 5.9518969e-07 0)
(1.4674338 4.3682557e-07 0)
(1.4674343 3.2492628e-07 0)
(1.4674348 2.3157328e-07 0)
(1.4674349 1.8469163e-07 0)
(1.4674353 1.2819913e-07 0)
(1.0001568 -0.0034383906 0)
(1.0134518 -0.0092557598 0)
(1.036628 -0.012853241 0)
(1.0666034 -0.014335343 0)
(1.0987809 -0.014626052 0)
(1.1300715 -0.014363697 0)
(1.1593037 -0.013741451 0)
(1.1861976 -0.012840159 0)
(1.2106431 -0.011790373 0)
(1.2325915 -0.010728734 0)
(1.2521417 -0.0097376723 0)
(1.2695378 -0.0088459647 0)
(1.2850832 -0.008055541 0)
(1.2990634 -0.0073596114 0)
(1.3117148 -0.0067486878 0)
(1.3232262 -0.006211787 0)
(1.3337497 -0.0057373912 0)
(1.3434089 -0.0053147112 0)
(1.3523048 -0.0049345701 0)
(1.3605198 -0.0045896472 0)
(1.3681215 -0.0042742895 0)
(1.3751666 -0.0039841785 0)
(1.3817032 -0.0037160111 0)
(1.3877732 -0.0034672413 0)
(1.3934137 -0.0032358794 0)
(1.3986577 -0.0030203375 0)
(1.4035351 -0.0028193134 0)
(1.408073 -0.0026317067 0)
(1.4122964 -0.0024565602 0)
(1.4162279 -0.002293021 0)
(1.4198888 -0.002140315 0)
(1.4232982 -0.0019977301 0)
(1.426474 -0.0018646054 0)
(1.4294329 -0.0017403245 0)
(1.4321901 -0.00162431 0)
(1.4347598 -0.0015160209 0)
(1.437155 -0.0014149492 0)
(1.439388 -0.0013206183 0)
(1.4414699 -0.0012325813 0)
(1.4434112 -0.0011504185 0)
(1.4452216 -0.0010737363 0)
(1.4469101 -0.0010021653 0)
(1.448485 -0.00093535875 0)
(1.4499539 -0.00087299065 0)
(1.4513242 -0.00081475466 0)
(1.4526024 -0.00076036205 0)
(1.4537946 -0.00070954076 0)
(1.4549066 -0.0006620339 0)
(1.4559436 -0.00061759863 0)
(1.4569104 -0.00057600576 0)
(1.4578116 -0.00053703813 0)
(1.4586513 -0.0005004919 0)
(1.4594332 -0.00046617412 0)
(1.4601608 -0.00043390599 0)
(1.4608374 -0.00040351929 0)
(1.4614657 -0.00037486155 0)
(1.4620486 -0.00034779131 0)
(1.4625884 -0.00032218463 0)
(1.4630876 -0.000297929 0)
(1.463548 -0.00027493048 0)
(1.4639719 -0.00025310658 0)
(1.4643609 -0.00023239308 0)
(1.4647169 -0.00021273599 0)
(1.4650417 -0.00019409749 0)
(1.4653368 -0.0001764478 0)
(1.4656039 -0.00015976966 0)
(1.4658446 -0.00014405003 0)
(1.4660605 -0.00012928368 0)
(1.4662533 -0.00011546558 0)
(1.4664245 -0.00010259366 0)
(1.4665756 -9.0662235e-05 0)
(1.4667084 -7.966423e-05 0)
(1.4668242 -6.9586323e-05 0)
(1.4669247 -6.0410701e-05 0)
(1.4670113 -5.2112425e-05 0)
(1.4670855 -4.4660492e-05 0)
(1.4671485 -3.8017687e-05 0)
(1.4672018 -3.2140621e-05 0)
(1.4672464 -2.6982074e-05 0)
(1.4672835 -2.2489611e-05 0)
(1.4673142 -1.860993e-05 0)
(1.4673394 -1.5286016e-05 0)
(1.4673599 -1.2463092e-05 0)
(1.4673764 -1.0084124e-05 0)
(1.4673897 -8.0973236e-06 0)
(1.4674002 -6.4496618e-06 0)
(1.4674085 -5.0963951e-06 0)
(1.467415 -3.9921291e-06 0)
(1.4674201 -3.1014435e-06 0)
(1.467424 -2.3882873e-06 0)
(1.4674269 -1.8259411e-06 0)
(1.4674292 -1.3860301e-06 0)
(1.4674308 -1.0480852e-06 0)
(1.4674321 -7.8737663e-07 0)
(1.467433 -5.9073179e-07 0)
(1.4674338 -4.3476934e-07 0)
(1.4674343 -3.2126315e-07 0)
(1.4674348 -2.2446354e-07 0)
(1.4674349 -1.7180694e-07 0)
(1.4674353 -1.1367505e-07 0)
(1.0000321 -0.01172771 0)
(1.0173964 -0.030563016 0)
(1.0455868 -0.040990665 0)
(1.0788323 -0.044657243 0)
(1.1117703 -0.044906518 0)
(1.1419849 -0.043513626 0)
(1.1689322 -0.04099875 0)
(1.1925678 -0.037704081 0)
(1.2129268 -0.03408959 0)
(1.2301852 -0.030558837 0)
(1.2446903 -0.027331285 0)
(1.256878 -0.024473251 0)
(1.2671747 -0.021977088 0)
(1.2759451 -0.019810764 0)
(1.283481 -0.017935176 0)
(1.290012 -0.016308896 0)
(1.2957188 -0.01489143 0)
(1.3007436 -0.013646371 0)
(1.3051988 -0.01254321 0)
(1.3091728 -0.011557532 0)
(1.3127361 -0.01067022 0)
(1.3159451 -0.009866383 0)
(1.3188459 -0.0091343719 0)
(1.3214765 -0.0084649913 0)
(1.3238688 -0.0078508884 0)
(1.3260498 -0.0072860836 0)
(1.3280427 -0.0067656188 0)
(1.3298674 -0.006285298 0)
(1.3315412 -0.0058415039 0)
(1.3330791 -0.0054310686 0)
(1.3344943 -0.005051183 0)
(1.3357985 -0.0046993327 0)
(1.3370019 -0.0043732515 0)
(1.3381137 -0.0040708863 0)
(1.339142 -0.0037903704 0)
(1.3400939 -0.0035300016 0)
(1.340976 -0.0032882249 0)
(1.3417939 -0.0030636169 0)
(1.342553 -0.0028548729 0)
(1.343258 -0.0026607952 0)
(1.343913 -0.0024802823 0)
(1.344522 -0.0023123196 0)
(1.3450884 -0.0021559707 0)
(1.3456154 -0.0020103692 0)
(1.3461059 -0.001874712 0)
(1.3465626 -0.0017482521 0)
(1.3469878 -0.0016302936 0)
(1.3473838 -0.001520186 0)
(1.3477525 -0.0014173209 0)
(1.3480957 -0.0013211276 0)
(1.3484152 -0.0012310718 0)
(1.3487124 -0.0011466527 0)
(1.3489887 -0.0010674041 0)
(1.3492454 -0.0009928918 0)
(1.3494835 -0.00092271715 0)
(1.349704 -0.00085651504 0)
(1.349908 -0.00079395772 0)
(1.3500963 -0.00073475322 0)
(1.3502696 -0.00067864853 0)
(1.3504288 -0.00062542737 0)
(1.3505744 -0.00057491187 0)
(1.3507073 -0.00052695882 0)
(1.3508279 -0.00048145937 0)
(1.3509371 -0.00043833368 0)
(1.3510354 -0.00039752828 0)
(1.3511234 -0.00035900972 0)
(1.3512018 -0.00032276043 0)
(1.3512713 -0.00028877192 0)
(1.3513325 -0.00025704009 0)
(1.351386 -0.00022755914 0)
(1.3514325 -0.0002003173 0)
(1.3514727 -0.00017529254 0)
(1.3515071 -0.00015244967 0)
(1.3515364 -0.00013173843 0)
(1.3515611 -0.00011309228 0)
(1.3515818 -9.6428995e-05 0)
(1.351599 -8.1651015e-05 0)
(1.3516131 -6.8648227e-05 0)
(1.3516247 -5.7299341e-05 0)
(1.3516341 -4.7475744e-05 0)
(1.3516416 -3.9043327e-05 0)
(1.3516476 -3.1866633e-05 0)
(1.3516523 -2.5810513e-05 0)
(1.351656 -2.074393e-05 0)
(1.3516589 -1.6540883e-05 0)
(1.3516611 -1.3084062e-05 0)
(1.3516627 -1.0264952e-05 0)
(1.351664 -7.9864282e-06 0)
(1.3516649 -6.1620615e-06 0)
(1.3516656 -4.7165225e-06 0)
(1.3516661 -3.5842165e-06 0)
(1.3516664 -2.7073843e-06 0)
(1.3516667 -2.0352277e-06 0)
(1.3516669 -1.5212528e-06 0)
(1.351667 -1.1305693e-06 0)
(1.3516671 -8.2379001e-07 0)
(1.3516672 -6.011133e-07 0)
(1.3516673 -4.1735116e-07 0)
(1.3516673 -3.2668513e-07 0)
(1.3516674 -2.3100483e-07 0)
(1.0002467 -0.026719375 0)
(1.0283936 -0.06255548 0)
(1.0646999 -0.077616155 0)
(1.0979952 -0.080476474 0)
(1.1240764 -0.078058279 0)
(1.1435812 -0.07291683 0)
(1.1579044 -0.065986855 0)
(1.1678877 -0.0582047 0)
(1.1741544 -0.050495786 0)
(1.1774192 -0.043467201 0)
(1.1784517 -0.037361306 0)
(1.1779313 -0.032190659 0)
(1.1763807 -0.027868333 0)
(1.1741779 -0.024277407 0)
(1.1715897 -0.021298543 0)
(1.1688025 -0.018820816 0)
(1.1659442 -0.016747069 0)
(1.1630997 -0.014996288 0)
(1.1603237 -0.013503443 0)
(1.1576498 -0.012217607 0)
(1.155097 -0.011099375 0)
(1.1526749 -0.010118338 0)
(1.1503869 -0.0092509596 0)
(1.1482324 -0.0084788982 0)
(1.1462083 -0.0077877226 0)
(1.1443101 -0.0071659402 0)
(1.1425324 -0.0066042706 0)
(1.1408692 -0.0060951096 0)
(1.1393144 -0.0056321399 0)
(1.1378619 -0.0052100477 0)
(1.1365056 -0.0048243158 0)
(1.1352396 -0.0044710694 0)
(1.1340584 -0.0041469594 0)
(1.1329564 -0.0038490728 0)
(1.1319286 -0.0035748616 0)
(1.13097 -0.0033220863 0)
(1.1300762 -0.0030887697 0)
(1.1292427 -0.0028731591 0)
(1.1284656 -0.0026736945 0)
(1.127741 -0.002488982 0)
(1.1270654 -0.0023177712 0)
(1.1264355 -0.0021589355 0)
(1.1258481 -0.0020114558 0)
(1.1253004 -0.0018744063 0)
(1.1247898 -0.0017469416 0)
(1.1243136 -0.0016282866 0)
(1.1238696 -0.0015177275 0)
(1.1234557 -0.0014146046 0)
(1.1230698 -0.0013183058 0)
(1.1227101 -0.0012282624 0)
(1.1223749 -0.0011439463 0)
(1.1220626 -0.0010648663 0)
(1.1217718 -0.0009905701 0)
(1.1215011 -0.00092064001 0)
(1.1212492 -0.00085469828 0)
(1.1210152 -0.0007924027 0)
(1.1207978 -0.00073345319 0)
(1.1205963 -0.00067758601 0)
(1.1204096 -0.00062458085 0)
(1.120237 -0.0005742528 0)
(1.1200778 -0.00052645834 0)
(1.1199313 -0.00048108505 0)
(1.1197967 -0.00043805583 0)
(1.1196735 -0.00039731684 0)
(1.1195611 -0.00035883953 0)
(1.1194589 -0.00032260805 0)
(1.1193664 -0.00028861992 0)
(1.119283 -0.00025687384 0)
(1.1192082 -0.00022736989 0)
(1.1191414 -0.00020009913 0)
(1.1190821 -0.00017504428 0)
(1.1190297 -0.00015217223 0)
(1.1189837 -0.00013143579 0)
(1.1189435 -0.00011276979 0)
(1.1189087 -9.6093325e-05 0)
(1.1188788 -8.1309429e-05 0)
(1.1188531 -6.8307558e-05 0)
(1.1188314 -5.6966562e-05 0)
(1.118813 -4.7156198e-05 0)
(1.1187976 -3.8742396e-05 0)
(1.1187848 -3.158741e-05 0)
(1.1187743 -2.5556441e-05 0)
(1.1187657 -2.0515856e-05 0)
(1.1187587 -1.6340436e-05 0)
(1.118753 -1.290983e-05 0)
(1.1187485 -1.0116708e-05 0)
(1.1187449 -7.860818e-06 0)
(1.1187421 -6.0573338e-06 0)
(1.1187399 -4.6289007e-06 0)
(1.1187382 -3.5122587e-06 0)
(1.1187369 -2.6491649e-06 0)
(1.1187359 -1.9907999e-06 0)
(1.1187351 -1.4902037e-06 0)
(1.1187346 -1.1093181e-06 0)
(1.1187342 -8.1489124e-07 0)
(1.1187339 -5.8276244e-07 0)
(1.1187337 -4.1419749e-07 0)
(1.1187336 -2.8654343e-07 0)
(1.1187334 -2.4154902e-07 0)
(1.1187333 -1.9480964e-07 0)
(1.0019381 -0.052732953 0)
(1.0365395 -0.10225274 0)
(1.0602516 -0.11315449 0)
(1.0635369 -0.1090466 0)
(1.0522935 -0.099516705 0)
(1.0346516 -0.087114674 0)
(1.0147897 -0.073373125 0)
(0.99415463 -0.059906706 0)
(0.97358849 -0.047880415 0)
(0.95388174 -0.037787615 0)
(0.93564763 -0.029665823 0)
(0.91918057 -0.02332968 0)
(0.90451503 -0.018503101 0)
(0.89154102 -0.014887717 0)
(0.88008798 -0.012203272 0)
(0.86996961 -0.010210173 0)
(0.86100573 -0.0087174142 0)
(0.85303279 -0.0075805256 0)
(0.84590822 -0.00669452 0)
(0.83951094 -0.0059853879 0)
(0.8337398 -0.0054021111 0)
(0.82851093 -0.0049100414 0)
(0.82375499 -0.0044858255 0)
(0.81941449 -0.0041137176 0)
(0.81544149 -0.0037830005 0)
(0.81179573 -0.0034862316 0)
(0.80844306 -0.0032180819 0)
(0.80535425 -0.0029745859 0)
(0.80250402 -0.0027526685 0)
(0.79987037 -0.0025498518 0)
(0.79743395 -0.0023640748 0)
(0.79517767 -0.0021935821 0)
(0.7930863 -0.0020368536 0)
(0.79114625 -0.0018925587 0)
(0.78934528 -0.0017595241 0)
(0.78767237 -0.0016367108 0)
(0.78611755 -0.001523195 0)
(0.78467177 -0.0014181539 0)
(0.78332677 -0.0013208518 0)
(0.78207506 -0.0012306295 0)
(0.78090975 -0.0011468939 0)
(0.77982456 -0.0010691095 0)
(0.77881372 -0.00099679079 0)
(0.77787194 -0.00092949544 0)
(0.77699437 -0.00086681833 0)
(0.77617654 -0.00080838701 0)
(0.77541436 -0.00075385702 0)
(0.77470405 -0.00070290938 0)
(0.77404217 -0.00065524688 0)
(0.77342554 -0.00061059383 0)
(0.77285127 -0.00056869316 0)
(0.77231671 -0.00052930806 0)
(0.77181942 -0.00049221927 0)
(0.7713572 -0.00045722853 0)
(0.77092802 -0.00042415576 0)
(0.77053004 -0.00039284314 0)
(0.77016154 -0.00036315172 0)
(0.76982098 -0.00033496546 0)
(0.7695069 -0.0003081871 0)
(0.76921795 -0.00028274114 0)
(0.76895286 -0.00025856876 0)
(0.7687104 -0.0002356296 0)
(0.76848941 -0.0002138961 0)
(0.76828876 -0.00019335381 0)
(0.7681073 -0.00017399555 0)
(0.76794395 -0.00015582079 0)
(0.76779758 -0.00013883037 0)
(0.76766709 -0.00012302535 0)
(0.76755139 -0.00010840276 0)
(0.76744938 -9.4954641e-05 0)
(0.76735995 -8.2665303e-05 0)
(0.76728204 -7.151077e-05 0)
(0.7672146 -6.1457842e-05 0)
(0.7671566 -5.2463993e-05 0)
(0.76710705 -4.4478842e-05 0)
(0.76706501 -3.7444177e-05 0)
(0.7670296 -3.1296951e-05 0)
(0.76699997 -2.596858e-05 0)
(0.76697539 -2.138904e-05 0)
(0.76695511 -1.7485503e-05 0)
(0.76693854 -1.4187298e-05 0)
(0.76692508 -1.1423319e-05 0)
(0.76691425 -9.1275101e-06 0)
(0.76690558 -7.2351585e-06 0)
(0.76689872 -5.6895279e-06 0)
(0.76689332 -4.4362804e-06 0)
(0.76688911 -3.4308832e-06 0)
(0.76688585 -2.6312715e-06 0)
(0.76688334 -2.0049163e-06 0)
(0.76688141 -1.5198468e-06 0)
(0.76687995 -1.1504138e-06 0)
(0.76687884 -8.6923225e-07 0)
(0.76687803 -6.5468452e-07 0)
(0.76687745 -4.8512784e-07 0)
(0.76687704 -3.4883988e-07 0)
(0.76687677 -2.4044312e-07 0)
(0.76687657 -1.6730436e-07 0)
(0.7668764 -1.262278e-07 0)
(0.76687622 -1.3262563e-07 0)
(0.76687606 -1.2457383e-07 0)
(0.92074242 -0.03382768 0)
(0.8635379 -0.056684191 0)
(0.78799127 -0.052753994 0)
(0.69766161 -0.041237061 0)
(0.61471542 -0.03020314 0)
(0.54875554 -0.020988077 0)
(0.49827309 -0.013660659 0)
(0.45949312 -0.0082997554 0)
(0.42978721 -0.004735884 0)
(0.4072852 -0.0025321841 0)
(0.39034402 -0.0012497965 0)
(0.37751559 -0.00056180327 0)
(0.36764107 -0.00024261445 0)
(0.35985945 -0.0001366372 0)
(0.35355677 -0.00013976097 0)
(0.34830594 -0.00018761016 0)
(0.34381545 -0.00024452962 0)
(0.33988918 -0.00029351225 0)
(0.33639623 -0.00032844039 0)
(0.33324896 -0.0003488835 0)
(0.33038779 -0.00035693692 0)
(0.32777097 -0.00035546646 0)
(0.32536798 -0.00034724075 0)
(0.32315538 -0.00033457889 0)
(0.3211143 -0.00031926791 0)
(0.31922887 -0.00030260438 0)
(0.31748536 -0.00028548207 0)
(0.31587163 -0.00026848698 0)
(0.31437679 -0.00025198238 0)
(0.31299103 -0.00023617737 0)
(0.31170546 -0.00022117854 0)
(0.31051204 -0.00020702679 0)
(0.30940345 -0.00019372259 0)
(0.30837305 -0.0001812428 0)
(0.3074148 -0.00016955147 0)
(0.30652318 -0.00015860663 0)
(0.3056932 -0.00014836426 0)
(0.30492027 -0.00013878076 0)
(0.3042002 -0.00012981402 0)
(0.30352917 -0.00012142414 0)
(0.30290364 -0.00011357348 0)
(0.3023204 -0.0001062268 0)
(0.30177647 -9.9350957e-05 0)
(0.30126911 -9.2914874e-05 0)
(0.30079581 -8.688912e-05 0)
(0.30035425 -8.1246058e-05 0)
(0.29994229 -7.5959153e-05 0)
(0.29955796 -7.1003491e-05 0)
(0.29919946 -6.6354741e-05 0)
(0.29886512 -6.1990409e-05 0)
(0.29855343 -5.7888095e-05 0)
(0.298263 -5.4027599e-05 0)
(0.29799254 -5.038846e-05 0)
(0.29774091 -4.6953107e-05 0)
(0.29750703 -4.3703503e-05 0)
(0.29728994 -4.0625045e-05 0)
(0.29708875 -3.7702621e-05 0)
(0.29690264 -3.4925088e-05 0)
(0.29673085 -3.2280855e-05 0)
(0.29657268 -2.9762408e-05 0)
(0.29642746 -2.7361846e-05 0)
(0.29629455 -2.5075193e-05 0)
(0.29617333 -2.2898047e-05 0)
(0.29606321 -2.0829344e-05 0)
(0.29596358 -1.8867405e-05 0)
(0.29587385 -1.701313e-05 0)
(0.29579343 -1.5266522e-05 0)
(0.29572173 -1.3629249e-05 0)
(0.29565814 -1.2101733e-05 0)
(0.29560208 -1.0685123e-05 0)
(0.29555294 -9.3791074e-06 0)
(0.29551013 -8.1832295e-06 0)
(0.29547309 -7.095361e-06 0)
(0.29544124 -6.1125216e-06 0)
(0.29541404 -5.2309412e-06 0)
(0.29539098 -4.4458839e-06 0)
(0.29537156 -3.7525556e-06 0)
(0.29535533 -3.1446576e-06 0)
(0.29534185 -2.6166041e-06 0)
(0.29533076 -2.1610316e-06 0)
(0.29532169 -1.7720754e-06 0)
(0.29531433 -1.4417124e-06 0)
(0.2953084 -1.1642867e-06 0)
(0.29530367 -9.3189246e-07 0)
(0.29529992 -7.4006806e-07 0)
(0.29529698 -5.8176619e-07 0)
(0.29529468 -4.5426318e-07 0)
(0.2952929 -3.5185657e-07 0)
(0.29529152 -2.729194e-07 0)
(0.29529046 -2.1194628e-07 0)
(0.29528965 -1.664328e-07 0)
(0.29528905 -1.3012634e-07 0)
(0.2952886 -1.004927e-07 0)
(0.29528829 -7.2570942e-08 0)
(0.29528808 -4.8175065e-08 0)
(0.29528794 -2.8876025e-08 0)
(0.29528782 -2.0126036e-08 0)
(0.29528772 -2.1845207e-08 0)
(0.29528761 -3.230288e-08 0)
(0.29528747 -3.621424e-08 0)
)
;

boundaryField
{
    top
    {
        type            fixedValue;
        value           uniform (0 0 0);
    }
    bottom
    {
        type            fixedValue;
        value           uniform (0 0 0);
    }
    inlet
    {
        type            fixedValue;
        value           uniform (1 0 0);
    }
    outlet
    {
        type            zeroGradient;
    }
    front
    {
        type            empty;
    }
    back
    {
        type            empty;
    }
}


// ************************************************************************* //
