/*--------------------------------*- C++ -*----------------------------------*\
  =========                 |
  \\      /  F ield         | OpenFOAM: The Open Source CFD Toolbox
   \\    /   O peration     | Website:  https://openfoam.org
    \\  /    A nd           | Version:  13
     \\/     M anipulation  |
\*---------------------------------------------------------------------------*/
FoamFile
{
    format      ascii;
    class       volScalarField;
    location    "3";
    object      p;
}
// * * * * * * * * * * * * * * * * * * * * * * * * * * * * * * * * * * * * * //

dimensions      [0 2 -2 0 0 0 0];

internalField   nonuniform List<scalar> 
1000
(
1.7118715
1.5918731
1.4959985
1.4321308
1.3835341
1.3409376
1.3031074
1.2703982
1.2422927
1.2177083
1.1956275
1.1752892
1.1561639
1.1378966
1.120258
1.1031061
1.0863562
1.0699593
1.0538873
1.0381239
1.0226585
1.007483
0.99258953
0.97796866
0.96360863
0.9494947
0.93560908
0.92193151
0.90843994
0.8951114
0.88192283
0.86885193
0.85587787
0.84298175
0.83014703
0.81735958
0.80460772
0.79188206
0.77917522
0.76648161
0.75379707
0.74111859
0.72844405
0.71577202
0.70310153
0.69043196
0.67776292
0.66509417
0.65242558
0.63975707
0.62708859
0.61442012
0.60175166
0.58908321
0.57641475
0.5637463
0.55107784
0.53840939
0.52574094
0.51307249
0.50040404
0.48773559
0.47506714
0.46239869
0.44973025
0.4370618
0.42439335
0.41172491
0.39905646
0.38638801
0.37371957
0.36105112
0.34838268
0.33571423
0.32304579
0.31037734
0.2977089
0.28504045
0.272372
0.25970356
0.24703511
0.23436667
0.22169822
0.20902978
0.19636133
0.18369289
0.17102444
0.15835599
0.14568755
0.1330191
0.12035066
0.10768222
0.095013779
0.082345339
0.069676882
0.057008404
0.044339904
0.031671412
0.019002922
0.0063343031
1.5901314
1.5353884
1.4742283
1.4223993
1.3793773
1.341081
1.3060797
1.2745948
1.2466652
1.2217695
1.1991757
1.1782564
1.1585647
1.1397969
1.1217458
1.1042695
1.0872711
1.0706858
1.0544703
1.0385961
1.0230434
1.0077972
0.99284491
0.97817425
0.96377157
0.94962106
0.93570446
0.92200117
0.90848881
0.895144
0.88194315
0.86886338
0.85588323
0.8429832
0.83014618
0.81735757
0.8046053
0.79187968
0.77917313
0.7664799
0.75379575
0.74111761
0.72844336
0.71577155
0.70310122
0.69043176
0.6777628
0.6650941
0.65242554
0.63975705
0.62708857
0.61442011
0.60175166
0.5890832
0.57641475
0.56374629
0.55107784
0.53840939
0.52574094
0.51307249
0.50040404
0.48773559
0.47506714
0.46239869
0.44973025
0.4370618
0.42439335
0.41172491
0.39905646
0.38638801
0.37371957
0.36105112
0.34838268
0.33571423
0.32304579
0.31037734
0.29770889
0.28504045
0.272372
0.25970356
0.24703511
0.23436667
0.22169822
0.20902978
0.19636133
0.18369289
0.17102444
0.158356
0.14568755
0.1330191
0.12035066
0.10768222
0.095013781
0.082345344
0.069676887
0.057008412
0.044339909
0.031671447
0.019002986
0.0063343519
1.5286161
1.5022595
1.4641041
1.4234041
1.3848624
1.3488654
1.3150498
1.2836001
1.2548023
1.228608
1.2046705
1.1825563
1.1618796
1.1423354
1.1236915
1.1057732
1.0884507
1.0716287
1.055239
1.0392339
1.0235801
1.0082534
0.99323461
0.97850691
0.96405409
0.94985896
0.93590255
0.92216387
0.90862036
0.89524852
0.8820247
0.86892579
0.85593005
0.84301761
0.83017093
0.81737499
0.80461729
0.79188774
0.77917842
0.76648328
0.75379785
0.74111887
0.7284441
0.71577196
0.70310144
0.69043187
0.67776284
0.66509411
0.65242554
0.63975703
0.62708856
0.61442011
0.60175165
0.5890832
0.57641474
0.56374629
0.55107784
0.53840939
0.52574093
0.51307248
0.50040403
0.48773559
0.47506714
0.46239869
0.44973025
0.4370618
0.42439335
0.41172491
0.39905646
0.38638801
0.37371957
0.36105112
0.34838268
0.33571423
0.32304579
0.31037734
0.29770889
0.28504045
0.272372
0.25970356
0.24703511
0.23436667
0.22169822
0.20902978
0.19636133
0.18369289
0.17102444
0.158356
0.14568755
0.13301911
0.12035066
0.10768222
0.095013781
0.082345348
0.069676886
0.057008409
0.044339889
0.031671448
0.019003009
0.0063343593
1.4996003
1.4837546
1.4571018
1.4237421
1.3885028
1.3539934
1.3210056
1.2898317
1.2607434
1.2338777
1.2091356
1.1862481
1.1648948
1.1447819
1.1256711
1.1073783
1.089762
1.0727131
1.0561484
1.0400072
1.0242464
1.0088341
0.99374463
0.97895631
0.96444945
0.95020496
0.93620283
0.92242167
0.90883881
0.89543096
0.88217468
0.86904711
0.85602653
0.84309301
0.83022881
0.81741862
0.80464958
0.7919112
0.77919514
0.76649497
0.75380586
0.74112426
0.72844764
0.71577424
0.70310287
0.69043275
0.67776337
0.66509442
0.65242571
0.63975712
0.62708861
0.61442012
0.60175166
0.5890832
0.57641474
0.56374629
0.55107783
0.53840938
0.52574093
0.51307248
0.50040403
0.48773559
0.47506714
0.46239869
0.44973024
0.4370618
0.42439335
0.41172491
0.39905646
0.38638801
0.37371957
0.36105112
0.34838268
0.33571423
0.32304579
0.31037734
0.29770889
0.28504045
0.272372
0.25970356
0.24703511
0.23436667
0.22169822
0.20902978
0.19636133
0.18369289
0.17102444
0.158356
0.14568755
0.13301911
0.12035066
0.10768223
0.095013783
0.082345352
0.069676884
0.057008403
0.044339868
0.031671442
0.019003021
0.0063343547
1.4870527
1.4748107
1.4527378
1.4229345
1.389572
1.3559422
1.3234868
1.2926282
1.2635822
1.2365241
1.2114729
1.1882565
1.1665976
1.1462142
1.1268699
1.108381
1.0906051
1.073429
1.0567638
1.0405427
1.0247176
1.0092528
0.99411944
0.97929271
0.96475095
0.95047386
0.93644087
0.92263025
0.90901931
0.89558492
0.88230397
0.86915386
0.85611315
0.84316202
0.83028277
0.81746
0.8046807
0.79193414
0.77921172
0.7665067
0.75381399
0.74112977
0.7284513
0.71577661
0.70310437
0.69043367
0.67776392
0.66509474
0.65242588
0.63975722
0.62708865
0.61442014
0.60175166
0.5890832
0.57641474
0.56374628
0.55107783
0.53840938
0.52574093
0.51307248
0.50040403
0.48773558
0.47506714
0.46239869
0.44973024
0.4370618
0.42439335
0.41172491
0.39905646
0.38638801
0.37371957
0.36105112
0.34838268
0.33571423
0.32304579
0.31037734
0.29770889
0.28504045
0.272372
0.25970356
0.24703511
0.23436667
0.22169822
0.20902978
0.19636133
0.18369288
0.17102444
0.158356
0.14568755
0.13301911
0.12035066
0.10768223
0.095013786
0.082345356
0.069676884
0.0570084
0.044339857
0.031671438
0.019003028
0.0063343506
1.4870527
1.4748107
1.4527378
1.4229345
1.389572
1.3559422
1.3234868
1.2926282
1.2635823
1.2365241
1.211473
1.1882565
1.1665977
1.1462142
1.1268699
1.108381
1.0906051
1.0734291
1.0567638
1.0405427
1.0247176
1.0092528
0.99411943
0.9792927
0.96475094
0.95047386
0.93644087
0.92263025
0.90901932
0.89558492
0.88230397
0.86915386
0.85611314
0.843162
0.83028275
0.81745998
0.80468067
0.79193411
0.77921168
0.76650667
0.75381396
0.74112974
0.72845127
0.71577658
0.70310434
0.69043365
0.6777639
0.66509472
0.65242587
0.6397572
0.62708864
0.61442014
0.60175166
0.58908319
0.57641473
0.56374628
0.55107783
0.53840938
0.52574093
0.51307248
0.50040403
0.48773558
0.47506714
0.46239869
0.44973024
0.4370618
0.42439335
0.41172491
0.39905646
0.38638801
0.37371957
0.36105112
0.34838268
0.33571423
0.32304579
0.31037734
0.29770889
0.28504045
0.272372
0.25970356
0.24703511
0.23436667
0.22169822
0.20902978
0.19636133
0.18369289
0.17102444
0.158356
0.14568755
0.13301911
0.12035067
0.10768224
0.095013792
0.082345361
0.069676888
0.057008402
0.044339859
0.031671439
0.019003031
0.006334352
1.4996003
1.4837546
1.4571018
1.4237421
1.3885028
1.3539934
1.3210056
1.2898318
1.2607435
1.2338778
1.2091356
1.1862482
1.1648948
1.144782
1.1256712
1.1073783
1.0897621
1.0727131
1.0561484
1.0400072
1.0242464
1.0088341
0.99374461
0.97895629
0.96444944
0.95020495
0.93620284
0.92242168
0.90883883
0.89543097
0.88217468
0.8690471
0.8560265
0.84309296
0.83022875
0.81741854
0.80464949
0.7919111
0.77919504
0.76649487
0.75380576
0.74112417
0.72844755
0.71577416
0.7031028
0.69043269
0.67776332
0.66509437
0.65242567
0.63975709
0.62708858
0.6144201
0.60175164
0.58908318
0.57641473
0.56374628
0.55107782
0.53840937
0.52574093
0.51307248
0.50040403
0.48773558
0.47506714
0.46239869
0.44973024
0.4370618
0.42439335
0.41172491
0.39905646
0.38638801
0.37371957
0.36105112
0.34838268
0.33571423
0.32304579
0.31037734
0.29770889
0.28504045
0.272372
0.25970356
0.24703511
0.23436667
0.22169822
0.20902978
0.19636133
0.18369289
0.17102444
0.158356
0.14568755
0.13301911
0.12035067
0.10768224
0.095013799
0.082345367
0.069676895
0.057008409
0.044339872
0.031671446
0.019003026
0.0063343568
1.5286161
1.5022595
1.4641041
1.4234041
1.3848625
1.3488654
1.3150498
1.2836002
1.2548023
1.2286081
1.2046706
1.1825564
1.1618796
1.1423355
1.1236915
1.1057732
1.0884507
1.0716288
1.0552391
1.0392339
1.0235801
1.0082534
0.99323459
0.9785069
0.96405408
0.94985896
0.93590256
0.92216389
0.90862037
0.89524853
0.88202468
0.86892576
0.85592999
0.84301752
0.83017082
0.81737486
0.80461714
0.79188758
0.77917826
0.76648312
0.75379769
0.74111873
0.72844397
0.71577184
0.70310133
0.69043178
0.67776277
0.66509405
0.65242548
0.63975698
0.62708852
0.61442007
0.60175162
0.58908317
0.57641472
0.56374627
0.55107782
0.53840937
0.52574092
0.51307248
0.50040403
0.48773558
0.47506714
0.46239869
0.44973024
0.4370618
0.42439335
0.41172491
0.39905646
0.38638801
0.37371957
0.36105112
0.34838268
0.33571423
0.32304579
0.31037734
0.29770889
0.28504045
0.272372
0.25970356
0.24703511
0.23436667
0.22169822
0.20902978
0.19636133
0.18369289
0.17102444
0.158356
0.14568756
0.13301912
0.12035068
0.10768224
0.095013806
0.082345372
0.069676902
0.057008417
0.044339891
0.03167145
0.019003013
0.0063343607
1.5901314
1.5353884
1.4742283
1.4223994
1.3793773
1.341081
1.3060797
1.2745949
1.2466653
1.2217696
1.1991758
1.1782565
1.1585648
1.139797
1.1217459
1.1042695
1.0872712
1.0706858
1.0544703
1.0385961
1.0230434
1.0077972
0.99284491
0.97817425
0.96377158
0.94962108
0.93570448
0.92200118
0.90848882
0.89514399
0.88194312
0.86886332
0.85588313
0.84298307
0.83014602
0.81735739
0.80460511
0.79187948
0.77917293
0.7664797
0.75379556
0.74111744
0.7284432
0.71577141
0.7031011
0.69043165
0.67776271
0.66509402
0.65242547
0.63975699
0.62708853
0.61442007
0.60175163
0.58908318
0.57641473
0.56374627
0.55107782
0.53840937
0.52574092
0.51307248
0.50040403
0.48773558
0.47506714
0.46239869
0.44973024
0.4370618
0.42439335
0.41172491
0.39905646
0.38638801
0.37371957
0.36105112
0.34838268
0.33571423
0.32304579
0.31037734
0.29770889
0.28504045
0.272372
0.25970356
0.24703511
0.23436667
0.22169822
0.20902978
0.19636133
0.18369289
0.17102444
0.158356
0.14568756
0.13301912
0.12035068
0.10768225
0.095013812
0.082345373
0.069676905
0.057008416
0.044339907
0.031671449
0.019002991
0.0063343549
1.7118715
1.5918732
1.4959985
1.4321308
1.3835342
1.3409377
1.3031075
1.2703983
1.2422928
1.2177084
1.1956276
1.1752893
1.1561641
1.1378967
1.1202581
1.1031062
1.0863563
1.0699594
1.0538873
1.0381239
1.0226585
1.007483
0.99258954
0.97796868
0.96360864
0.94949472
0.9356091
0.92193152
0.90843994
0.89511137
0.88192277
0.86885185
0.85587775
0.8429816
0.83014685
0.81735938
0.8046075
0.79188183
0.779175
0.76648139
0.75379686
0.7411184
0.72844388
0.71577187
0.70310139
0.69043184
0.67776282
0.66509409
0.65242551
0.63975701
0.62708854
0.61442008
0.60175163
0.58908318
0.57641473
0.56374628
0.55107782
0.53840937
0.52574093
0.51307248
0.50040403
0.48773558
0.47506714
0.46239869
0.44973024
0.4370618
0.42439335
0.41172491
0.39905646
0.38638801
0.37371957
0.36105112
0.34838268
0.33571423
0.32304579
0.31037734
0.2977089
0.28504045
0.272372
0.25970356
0.24703511
0.23436667
0.22169822
0.20902978
0.19636133
0.18369289
0.17102444
0.158356
0.14568756
0.13301912
0.12035068
0.10768225
0.095013809
0.082345363
0.069676895
0.057008407
0.044339908
0.031671422
0.019002932
0.0063343072
)
;

boundaryField
{
    top
    {
        type            zeroGradient;
    }
    bottom
    {
        type            zeroGradient;
    }
    inlet
    {
        type            zeroGradient;
    }
    outlet
    {
        type            fixedValue;
        value           uniform 0;
    }
    front
    {
        type            empty;
    }
    back
    {
        type            empty;
    }
}


// ************************************************************************* //
