/*--------------------------------*- C++ -*----------------------------------*\
  =========                 |
  \\      /  F ield         | OpenFOAM: The Open Source CFD Toolbox
   \\    /   O peration     | Website:  https://openfoam.org
    \\  /    A nd           | Version:  13
     \\/     M anipulation  |
\*---------------------------------------------------------------------------*/
FoamFile
{
    format      ascii;
    class       surfaceScalarField;
    location    "3";
    object      phi;
}
// * * * * * * * * * * * * * * * * * * * * * * * * * * * * * * * * * * * * * //

dimensions      [0 3 -1 0 0 0 0];

internalField   nonuniform List<scalar> 
1890
(
0.0093140732
0.00068592683
0.0082963426
0.0010177306
0.0073480912
0.00094825138
0.0065167969
0.00083129425
0.0058112472
0.00070554971
0.0052369812
0.00057426607
0.0047863642
0.00045061696
0.0044411931
0.00034517117
0.0041805634
0.00026062968
0.0039847313
0.00019583212
0.0038371866
0.00014754466
0.0037247439
0.00011244271
0.0036373683
8.7375562e-05
0.0035677537
6.9614641e-05
0.0035107605
5.6993119e-05
0.0034628689
4.7891581e-05
0.0034217215
4.1147323e-05
0.0033857706
3.5950785e-05
0.0033540154
3.1755197e-05
0.0033258131
2.820216e-05
0.0033007505
2.5062513e-05
0.0032785553
2.2195089e-05
0.0032590345
1.9520767e-05
0.0032420299
1.7004588e-05
0.0032273899
1.4640044e-05
0.0032149524
1.2437416e-05
0.0032045388
1.0413641e-05
0.0031959545
8.5844042e-06
0.0031889934
6.9611557e-06
0.0031834445
5.5488831e-06
0.0031790994
4.3452257e-06
0.0031757586
3.3408188e-06
0.0031732381
2.5205547e-06
0.003171373
1.8651898e-06
0.0031700201
1.3530601e-06
0.0031690584
9.617325e-07
0.0031683891
6.693934e-07
0.0031679333
4.5593838e-07
0.0031676297
3.0364293e-07
0.0031674323
1.9751907e-07
0.003167307
1.2532946e-07
0.0031672296
7.7434964e-08
0.0031671832
4.6469859e-08
0.0031671562
2.6995687e-08
0.0031671411
1.5100568e-08
0.0031671331
8.0694293e-09
0.003167129
4.0615404e-09
0.0031671271
1.8767357e-09
0.0031671263
7.4691569e-10
0.0031671261
2.0596865e-10
0.0031671261
-9.6791931e-12
0.0031671262
-8.5169032e-11
0.0031671263
-9.408986e-11
0.0031671263
-7.6132951e-11
0.0031671264
-5.3651369e-11
0.0031671264
-3.3774808e-11
0.0031671264
-1.8706334e-11
0.0031671264
-9.5556363e-12
0.0031671264
-1.904744e-12
0.0031671264
-6.389146e-13
0.0031671264
4.4981625e-12
0.0031671264
6.0429723e-13
0.0031671264
6.7976681e-12
0.0031671264
-8.1235127e-13
0.0031671264
7.4974398e-12
0.0031671264
-3.0167165e-12
0.0031671264
7.2964336e-12
0.0031671264
-3.8933426e-12
0.0031671264
5.1453999e-12
0.0031671264
-2.1346168e-12
0.0031671264
4.2230212e-13
0.0031671264
2.5917572e-12
0.0031671264
-6.5694469e-12
0.0031671264
9.0523892e-12
0.0031671264
-1.291565e-11
0.0031671264
1.2653108e-11
0.0031671264
-1.3797748e-11
0.0031671264
9.2222482e-12
0.0031671264
-7.2157744e-12
0.0031671264
5.6184665e-13
0.0031671264
8.8262019e-13
0.0031671264
-5.5588581e-12
0.0031671264
2.8085505e-12
0.0031671264
-3.5918666e-12
0.0031671264
-1.6546741e-12
0.0031671264
2.9863584e-13
0.0031671264
-3.4574287e-12
0.0031671264
-9.5644947e-13
0.0031671264
-1.3536621e-13
0.0031671264
-1.1010081e-11
0.0031671264
7.2474298e-14
0.0031671264
-3.7989193e-11
0.0031671264
-4.542799e-11
0.0031671267
-1.2861506e-10
0.0031671271
-1.2341983e-10
0.0031671274
-1.5830698e-10
0.0031671275
-1.4411539e-10
0.0031671275
-4.1114589e-10
0.0031671284
-1.2108426e-09
1.8186416e-09
0.010341662
0.00034426442
0.010578187
0.00078120654
0.010615677
0.00091076116
0.010553955
0.00089301579
0.01042584
0.00083366529
0.010248619
0.0007514864
0.010045019
0.00065421684
0.0098355609
0.00055462966
0.0096329551
0.00046323552
0.0094440135
0.00038477372
0.0092717924
0.00031976583
0.0091172571
0.000266978
0.0089800005
0.0002246321
0.0088587626
0.00019085255
0.0087518827
0.000163873
0.0086576268
0.00014214743
0.0085743809
0.00012439322
0.0085007393
0.00010959232
0.0084355269
9.696746e-05
0.0083777871
8.5941881e-05
0.0083267545
7.6095013e-05
0.0082818193
6.7130252e-05
0.0082424845
5.8855536e-05
0.0082083235
5.1165584e-05
0.0081789444
4.4019152e-05
0.0081539662
3.7415601e-05
0.0081330046
3.1375278e-05
0.0081156643
2.5924728e-05
0.0081015398
2.1085633e-05
0.008090222
1.6866699e-05
0.008081308
1.3259304e-05
0.0080744119
1.0236931e-05
0.0080691752
7.7573892e-06
0.0080652739
5.766542e-06
0.0080624243
4.2027734e-06
0.0080603846
3.0014972e-06
0.0080589548
2.0992506e-06
0.0080579739
1.4368828e-06
0.0080573159
9.6175125e-07
0.0080568846
6.2886851e-07
0.0080566088
4.0120812e-07
0.008056437
2.4932615e-07
0.0080563329
1.5058169e-07
0.0080562718
8.8112259e-08
0.0080562372
4.9720143e-08
0.0080562184
2.6864823e-08
0.0080562087
1.3737648e-08
0.008056204
6.5065701e-09
0.008056202
2.7206663e-09
0.0080562014
8.613764e-10
0.0080562012
9.620766e-11
0.0080562013
-2.0338021e-10
0.0080562015
-2.6184774e-10
0.0080562016
-2.2664518e-10
0.0080562017
-1.6438505e-10
0.0080562018
-1.0870541e-10
0.0080562018
-6.2326053e-11
0.0080562019
-3.5207629e-11
0.0080562019
-1.1303095e-11
0.0080562019
-5.866013e-12
0.0080562018
8.5473323e-12
0.0080562018
1.2040928e-12
0.0080562018
1.5173872e-11
0.0080562018
-5.8632687e-14
0.0080562018
1.6625756e-11
0.0080562018
-3.0322169e-12
0.0080562018
1.4500944e-11
0.0080562018
-3.1625314e-12
0.0080562018
7.7204741e-12
0.0080562018
2.125045e-12
0.0080562018
-4.4491855e-12
0.0080562018
1.2421958e-11
0.0080562018
-1.8622641e-11
0.0080562018
2.1902724e-11
0.0080562018
-2.6590162e-11
0.0080562018
2.0905806e-11
0.0080562018
-1.9766022e-11
0.0080562018
4.5517017e-12
0.0080562018
-1.5752987e-13
0.0080562018
-1.6645555e-11
0.0080562018
1.391845e-11
0.0080562018
-2.1879827e-11
0.0080562018
4.8261068e-12
0.0080562018
-5.1326576e-12
0.0080562018
-1.6896329e-11
0.0080562018
6.8697266e-12
0.0080562019
-2.2361607e-11
0.0080562019
-9.360915e-12
0.0080562019
-1.2924328e-11
0.0080562019
-4.3449359e-11
0.0080562019
-2.7176172e-11
0.0080562019
-8.3606535e-11
0.008056202
-1.0228184e-10
0.0080562022
-2.0556702e-10
0.0080562026
-2.8806339e-10
0.008056203
-2.9527719e-10
0.0080562032
-4.669174e-10
0.0080562032
-7.2052204e-10
0.008056203
-1.4458737e-09
3.0281007e-09
0.010181464
0.00016280019
0.010521797
0.00044087335
0.01084248
0.0005900785
0.011112765
0.00062273072
0.011336011
0.00061041916
0.011508563
0.00057893454
0.011630717
0.00053206277
0.011709868
0.00047547881
0.011755647
0.0004174568
0.011776584
0.00036383638
0.011779438
0.0003169121
0.011769588
0.00027682775
0.011751277
0.0002429429
0.011727705
0.0002144252
0.011701171
0.00019040708
0.011673275
0.00017004322
0.011645107
0.00015256058
0.011617399
0.00013730048
0.011590629
0.00012373726
0.011565104
0.0001114672
0.011541016
0.00010018331
0.011518488
8.9658341e-05
0.011497603
7.9740279e-05
0.011478421
7.0347391e-05
0.011460985
6.1455365e-05
0.01144532
5.3080497e-05
0.011431431
4.5264433e-05
0.011419295
3.8060907e-05
0.011408857
3.1523051e-05
0.011400032
2.5691994e-05
0.011392702
2.0588954e-05
0.011386728
1.6211611e-05
0.011381951
1.2534224e-05
0.011378207
9.5104709e-06
0.011375332
7.0780373e-06
0.011373169
5.1642913e-06
0.011371576
3.6920897e-06
0.011370428
2.5849876e-06
0.011369619
1.7713289e-06
0.01136906
1.1870688e-06
0.011368684
7.7730902e-07
0.011368437
4.9676373e-07
0.011368278
3.0937194e-07
0.011368179
1.8736995e-07
0.011368118
1.1004151e-07
0.011368083
6.2410077e-08
0.011368063
3.396645e-08
0.011368052
1.7560083e-08
0.011368046
8.4674567e-09
0.011368043
3.6692333e-09
0.011368042
1.3058919e-09
0.011368041
2.3250733e-10
0.011368041
-1.7602702e-10
0.011368041
-2.7488275e-10
0.011368041
-2.467925e-10
0.011368041
-1.8455298e-10
0.011368041
-1.1840054e-10
0.011368041
-7.2289114e-11
0.011368041
-3.1922169e-11
0.011368041
-1.6520047e-11
0.011368041
6.4644283e-12
0.011368041
1.8579167e-12
0.011368041
1.9669596e-11
0.011368041
4.345773e-12
0.011368041
2.1819098e-11
0.011368041
2.8546036e-12
0.011368041
1.7278213e-11
0.011368041
4.3489893e-12
0.011368041
6.293974e-12
0.011368041
1.1561208e-11
0.011368041
-9.9557881e-12
0.011368041
2.2358137e-11
0.011368041
-2.5055178e-11
0.011368041
2.7531355e-11
0.011368041
-2.7728769e-11
0.011368041
1.6363813e-11
0.011368041
-1.1050229e-11
0.011368041
-1.0959821e-11
0.011368041
1.4134459e-11
0.011368041
-3.3058142e-11
0.011368041
1.9978782e-11
0.011368041
-2.488937e-11
0.011368041
-8.8414537e-12
0.011368041
7.1354621e-12
0.011368041
-4.1264946e-11
0.011368041
1.4502727e-11
0.011368041
-3.9742237e-11
0.011368042
-2.5412954e-11
0.011368042
-2.6529404e-11
0.011368042
-7.6808513e-11
0.011368042
-6.0801057e-11
0.011368042
-1.1380282e-10
0.011368042
-1.6433061e-10
0.011368042
-2.0881849e-10
0.011368042
-3.6014067e-10
0.011368042
-2.8781789e-10
0.011368042
-6.0649719e-10
0.011368042
-6.7503847e-10
0.011368041
-1.0944189e-09
2.4976203e-09
0.010094913
6.7886974e-05
0.010340231
0.0001955551
0.010651845
0.00027846491
0.010969192
0.0003053836
0.011273691
0.00030592006
0.011556371
0.00029625497
0.011809127
0.00027930666
0.012028216
0.00025638975
0.012214762
0.00023091113
0.012372426
0.00020617234
0.012505439
0.00018389914
0.012617846
0.00016442035
0.012713258
0.00014753065
0.01279475
0.00013293383
0.012864847
0.00012031002
0.012925566
0.00010932404
0.012978481
9.9645938e-05
0.013024801
9.0980649e-05
0.01306545
8.3088214e-05
0.013101133
7.5783769e-05
0.013132391
6.8925687e-05
0.013159641
6.2407464e-05
0.013183224
5.6157751e-05
0.01320343
5.014097e-05
0.013220533
4.4352643e-05
0.013234802
3.8811736e-05
0.013246513
3.3553415e-05
0.013255951
2.8622383e-05
0.013263409
2.4065556e-05
0.013269176
1.9924665e-05
0.013273535
1.6230186e-05
0.013276749
1.2997768e-05
0.013279056
1.0226835e-05
0.013280665
7.9011716e-06
0.013281752
5.9909758e-06
0.013282461
4.4561096e-06
0.013282903
3.2499207e-06
0.013283165
2.3230251e-06
0.01328331
1.626658e-06
0.013283381
1.115245e-06
0.013283411
7.4818628e-07
0.013283417
4.90775e-07
0.013283411
3.1446582e-07
0.013283402
1.9657722e-07
0.013283393
1.1968431e-07
0.013283384
7.0806507e-08
0.013283377
4.0571869e-08
0.013283373
2.2406877e-08
0.013283369
1.1837846e-08
0.013283367
5.9078705e-09
0.013283365
2.7237917e-09
0.013283365
1.101966e-09
0.013283364
3.3499758e-10
0.013283364
1.2242515e-11
0.013283364
-9.3959566e-11
0.013283363
-1.0732956e-10
0.013283363
-8.3217042e-11
0.013283363
-5.6708516e-11
0.013283363
-2.7534711e-11
0.013283363
-1.3579239e-11
0.013283363
5.4597568e-12
0.013283363
5.2469824e-12
0.013283363
1.8417087e-11
0.013283363
9.8890209e-12
0.013283363
2.0627695e-11
0.013283363
9.7011092e-12
0.013283363
1.6025499e-11
0.013283363
1.0540524e-11
0.013283363
6.3447161e-12
0.013283363
1.4369852e-11
0.013283363
-6.308785e-12
0.013283363
1.9192132e-11
0.013283363
-1.6267693e-11
0.013283363
1.8206565e-11
0.013283363
-1.5750062e-11
0.013283363
5.2860134e-12
0.013283363
-2.2118268e-12
0.013283363
-1.607304e-11
0.013283363
1.24615e-11
0.013283363
-2.7780883e-11
0.013283363
8.3529841e-12
0.013283363
-1.5771119e-11
0.013283363
-1.9828673e-11
0.013283363
6.9079219e-12
0.013283363
-4.3047073e-11
0.013283363
1.5681849e-12
0.013283363
-4.1118585e-11
0.013283363
-4.2022273e-11
0.013283363
-4.2390684e-11
0.013283363
-9.029458e-11
0.013283363
-8.9133531e-11
0.013283363
-1.194509e-10
0.013283363
-1.7583409e-10
0.013283364
-1.6915937e-10
0.013283364
-2.9255071e-10
0.013283364
-2.1024319e-10
0.013283364
-4.1992029e-10
0.013283363
-4.2066548e-10
0.013283362
-5.5742001e-10
1.3071648e-09
0.010067887
-6.0927437e-11
0.010263442
-2.5747513e-11
0.010541907
-1.2283586e-11
0.010847291
-2.0271641e-11
0.011153211
-3.1916219e-11
0.011449466
-4.5649871e-11
0.011728773
-5.9427519e-11
0.011985162
-7.2415901e-11
0.012216074
-8.0953156e-11
0.012422246
-8.0314647e-11
0.012606145
-6.3365848e-11
0.012770566
-2.423637e-11
0.012918096
3.3776721e-11
0.01305103
1.1834988e-10
0.01317134
2.1990862e-10
0.013280664
3.3855513e-10
0.013380309
4.5366426e-10
0.013471289
5.659704e-10
0.013554377
6.5602581e-10
0.01363016
7.3970437e-10
0.013699085
8.0741548e-10
0.013761491
8.7801316e-10
0.013817648
9.3832263e-10
0.013867788
9.8981543e-10
0.013912139
1.011679e-09
0.01395095
9.8790468e-10
0.013984503
9.0108095e-10
0.014013124
7.3980706e-10
0.014037189
5.0897491e-10
0.014057114
2.1506301e-10
0.014073344
-1.0733532e-10
0.014086342
-4.2739945e-10
0.01409657
-7.1075298e-10
0.014104472
-9.3160381e-10
0.014110464
-1.0711845e-09
0.014114921
-1.1247856e-09
0.014118172
-1.0978878e-09
0.014120496
-1.0061073e-09
0.014122124
-8.6860971e-10
0.01412324
-7.0829562e-10
0.014123988
-5.4324721e-10
0.01412448
-3.904985e-10
0.014124794
-2.5806755e-10
0.014124991
-1.5459872e-10
0.014125111
-7.5280731e-11
0.014125181
-2.6009467e-11
0.014125222
9.8305925e-12
0.014125244
2.3791668e-11
0.014125256
3.1191822e-11
0.014125262
2.7478863e-11
0.014125265
2.5343053e-11
0.014125266
1.7866479e-11
0.014125266
1.5764876e-11
0.014125266
1.0020456e-11
0.014125266
1.0529308e-11
0.014125266
7.4761381e-12
0.014125266
1.0465067e-11
0.014125265
8.9263241e-12
0.014125265
1.3004337e-11
0.014125265
1.1836621e-11
0.014125265
1.5670486e-11
0.014125265
1.3729002e-11
0.014125265
1.6631863e-11
0.014125265
1.3871165e-11
0.014125265
1.5748164e-11
0.014125265
1.200787e-11
0.014125265
1.3149794e-11
0.014125265
9.1174752e-12
0.014125265
9.7487576e-12
0.014125265
5.507955e-12
0.014125265
6.0476336e-12
0.014125265
2.3012429e-12
0.014125265
2.6016358e-12
0.014125265
-9.427667e-13
0.014125265
-2.9548917e-13
0.014125265
-3.7038846e-12
0.014125265
-2.6733289e-12
0.014125265
-6.2952127e-12
0.014125265
-4.9982745e-12
0.014125265
-8.5792232e-12
0.014125265
-7.6112034e-12
0.014125265
-1.2064912e-11
0.014125265
-1.1786234e-11
0.014125265
-1.6962161e-11
0.014125265
-1.8563307e-11
0.014125265
-2.7526527e-11
0.014125265
-3.3900863e-11
0.014125265
-4.9422768e-11
0.014125265
-6.2482542e-11
0.014125265
-8.3310209e-11
0.014125265
-9.6693482e-11
0.014125265
-1.1729015e-10
0.014125265
-1.2202184e-10
0.014125265
-1.3346924e-10
0.014125266
-1.1807898e-10
0.014125266
-8.8042707e-11
0.014125265
-7.4059217e-11
0.014125265
-5.1304663e-11
0.014125264
-6.1199867e-11
-3.0752437e-11
0.010067887
-6.7887087e-05
0.010263442
-0.00019555514
0.010541907
-0.00027846493
0.010847291
-0.00030538364
0.011153211
-0.00030592012
0.011449466
-0.00029625505
0.011728773
-0.00027930677
0.011985162
-0.00025638988
0.012216074
-0.00023091127
0.012422246
-0.00020617247
0.012606145
-0.00018389923
0.012770566
-0.00016442037
0.012918096
-0.00014753055
0.01305103
-0.00013293358
0.01317134
-0.00012030957
0.013280664
-0.00010932339
0.013380309
-9.9645075e-05
0.013471289
-9.0979596e-05
0.013554377
-8.3086998e-05
0.01363016
-7.5782414e-05
0.013699085
-6.8924203e-05
0.013761492
-6.2405862e-05
0.013817649
-5.6156031e-05
0.013867789
-5.0139165e-05
0.01391214
-4.4350799e-05
0.013950951
-3.8809955e-05
0.013984504
-3.3551808e-05
0.014013126
-2.8621098e-05
0.014037191
-2.4064716e-05
0.014057116
-1.9924381e-05
0.014073346
-1.6230499e-05
0.014086344
-1.2998666e-05
0.014096572
-1.022824e-05
0.014104474
-7.9029583e-06
0.014110466
-5.9929918e-06
0.014114923
-4.458191e-06
0.014118173
-3.2519261e-06
0.014120497
-2.3248336e-06
0.014122125
-1.6281987e-06
0.01412324
-1.1164759e-06
0.014123989
-7.4911278e-07
0.01412448
-4.9141743e-07
0.014124795
-3.1487416e-07
0.014124991
-1.9679724e-07
0.014125111
-1.1977295e-07
0.014125182
-7.0805512e-08
0.014125222
-4.0522522e-08
0.014125244
-2.2333259e-08
0.014125256
-1.1763309e-08
0.014125262
-5.8388696e-09
0.014125265
-2.6695489e-09
0.014125266
-1.0580246e-09
0.014125266
-3.0408554e-10
0.014125266
1.329408e-11
0.014125266
1.1236939e-10
0.014125266
1.2582683e-10
0.014125266
9.9756133e-11
0.014125265
7.6734479e-11
0.014125265
4.7734626e-11
0.014125265
3.8260959e-11
0.014125265
1.913189e-11
0.014125265
2.2560705e-11
0.014125265
7.5506901e-12
0.014125265
1.7797847e-11
0.014125265
3.5570269e-12
0.014125265
1.4334113e-11
0.014125265
3.3323338e-12
0.014125265
8.0866618e-12
0.014125265
6.9077626e-12
0.014125265
-2.5444941e-12
0.014125265
1.308209e-11
0.014125265
-1.3274306e-11
0.014125265
1.696585e-11
0.014125265
-1.7905483e-11
0.014125265
1.1079655e-11
0.014125265
-9.6805887e-12
0.014125265
-6.7079834e-12
0.014125265
6.9458799e-12
0.014125265
-2.5588083e-11
0.014125265
1.4603262e-11
0.014125265
-2.6193498e-11
0.014125265
-4.1388952e-12
0.014125265
-6.5562569e-12
0.014125265
-3.5891147e-11
0.014125265
3.8250197e-12
0.014125265
-5.0993589e-11
0.014125265
-2.8065281e-11
0.014125265
-4.8435295e-11
0.014125265
-8.0190694e-11
0.014125265
-6.1971909e-11
0.014125265
-9.8060378e-11
0.014125265
-9.4795054e-11
0.014125265
-6.5272149e-11
0.014125265
-6.7734464e-11
0.014125265
8.8514946e-11
0.014125266
6.0281044e-11
0.014125265
3.0014485e-10
0.014125264
3.1579704e-10
0.014125264
4.8474302e-10
-1.3398329e-09
0.010094913
-0.00016280028
0.010340231
-0.0004408734
0.010651845
-0.00059007852
0.010969192
-0.00062273076
0.011273691
-0.0006104192
0.011556371
-0.00057893461
0.011809127
-0.00053206284
0.012028216
-0.00047547889
0.012214762
-0.00041745688
0.012372426
-0.00036383644
0.012505439
-0.00031691213
0.012617846
-0.0002768277
0.012713258
-0.00024294275
0.01279475
-0.00021442493
0.012864847
-0.00019040667
0.012925566
-0.00017004267
0.012978481
-0.00015255988
0.013024801
-0.00013729966
0.01306545
-0.00012373633
0.013101134
-0.00011146619
0.013132392
-0.0001001822
0.013159643
-8.9657148e-05
0.013183226
-7.9739002e-05
0.013203433
-7.0346048e-05
0.013220536
-6.1454023e-05
0.013234805
-5.3079223e-05
0.013246517
-4.5263343e-05
0.013255956
-3.8060095e-05
0.013263414
-3.1522624e-05
0.013269181
-2.5692007e-05
0.01327354
-2.0589424e-05
0.013276754
-1.6212504e-05
0.013279061
-1.2535461e-05
0.01328067
-9.5119424e-06
0.013281757
-7.0796157e-06
0.013282464
-5.1658586e-06
0.013282906
-3.6935376e-06
0.013283167
-2.5862452e-06
0.013283312
-1.7723483e-06
0.013283383
-1.1878411e-06
0.013283412
-7.778444e-07
0.013283417
-4.9709544e-07
0.013283412
-3.0953838e-07
0.013283403
-1.8741323e-07
0.013283393
-1.1000449e-07
0.013283384
-6.2325691e-08
0.013283377
-3.3863495e-08
0.013283373
-1.7454308e-08
0.013283369
-8.3742101e-09
0.013283367
-3.5904202e-09
0.013283365
-1.2468855e-09
0.013283364
-1.8493627e-10
0.013283364
2.0807504e-10
0.013283364
3.0016831e-10
0.013283363
2.6385472e-10
0.013283363
2.0083238e-10
0.013283363
1.3128512e-10
0.013283363
8.7802051e-11
0.013283363
4.6167264e-11
0.013283363
3.4441922e-11
0.013283363
1.0329021e-11
0.013283363
1.752566e-11
0.013283363
-2.5358925e-12
0.013283363
1.4581331e-11
0.013283363
-6.6823668e-12
0.013283363
1.2949284e-11
0.013283363
-5.8992875e-12
0.013283363
7.2866481e-12
0.013283363
4.7382713e-13
0.013283363
-4.9594335e-12
0.013283363
1.2099042e-11
0.013283363
-1.9920827e-11
0.013283363
2.3020843e-11
0.013283363
-2.9042493e-11
0.013283363
2.2095238e-11
0.013283363
-2.1007215e-11
0.013283363
2.2752372e-12
0.013283363
3.0679856e-12
0.013283363
-2.5960915e-11
0.013283363
2.2162734e-11
0.013283363
-3.5651922e-11
0.013283363
8.6498624e-12
0.013283363
-1.4358276e-11
0.013283363
-3.1870998e-11
0.013283363
6.965192e-12
0.013283363
-5.7881174e-11
0.013283363
-2.0766534e-11
0.013283363
-5.2094932e-11
0.013283363
-7.5909269e-11
0.013283363
-4.4934476e-11
0.013283363
-9.1044757e-11
0.013283363
-5.3349566e-11
0.013283363
-1.8189446e-11
0.013283363
2.9499959e-11
0.013283363
2.1820064e-10
0.013283364
2.022538e-10
0.013283363
5.6004729e-10
0.013283363
6.672981e-10
0.013283362
1.0672902e-09
-2.5027924e-09
0.010181464
-0.00034426449
0.010521797
-0.00078120657
0.01084248
-0.00091076118
0.011112765
-0.0008930158
0.011336011
-0.00083366531
0.011508563
-0.00075148643
0.011630717
-0.00065421686
0.011709868
-0.00055462968
0.011755647
-0.00046323553
0.011776584
-0.00038477372
0.011779438
-0.00031976579
0.011769588
-0.00026697792
0.011751277
-0.00022463196
0.011727705
-0.00019085235
0.011701171
-0.00016387273
0.011673275
-0.0001421471
0.011645108
-0.00012439284
0.0116174
-0.00010959188
0.011590631
-9.6966974e-05
0.011565106
-8.5941342e-05
0.011541018
-7.6094428e-05
0.011518491
-6.7129605e-05
0.011497606
-5.8854849e-05
0.011478425
-5.1164866e-05
0.01146099
-4.4018463e-05
0.011445325
-3.741498e-05
0.011431437
-3.1374797e-05
0.011419301
-2.5924431e-05
0.011408864
-2.108557e-05
0.011400039
-1.6866883e-05
0.011392709
-1.3259726e-05
0.011386734
-1.0237558e-05
0.011381957
-7.7581606e-06
0.011378212
-5.7673952e-06
0.011375336
-4.2036316e-06
0.011373173
-3.0023053e-06
0.011371579
-2.0999518e-06
0.01137043
-1.4374552e-06
0.01136962
-9.6217432e-07
0.011369062
-6.2915378e-07
0.011368685
-4.0136396e-07
0.011368437
-2.4938604e-07
0.011368278
-1.5056303e-07
0.011368179
-8.8044015e-08
0.011368118
-4.962326e-08
0.011368083
-2.676065e-08
0.011368063
-1.3634139e-08
0.011368051
-6.4160781e-09
0.011368046
-2.6441637e-09
0.011368043
-8.0280704e-10
0.011368042
-5.2197949e-11
0.011368041
2.3473133e-10
0.011368041
2.8545622e-10
0.011368041
2.4110104e-10
0.011368041
1.7673778e-10
0.011368041
1.1641529e-10
0.011368041
7.0987557e-11
0.011368041
4.1837122e-11
0.011368041
2.0244501e-11
0.011368041
1.3471765e-11
0.011368041
1.284719e-12
0.011368041
6.6763018e-12
0.011368041
-5.1526019e-12
0.011368041
7.2346428e-12
0.011368041
-8.0395137e-12
0.011368041
8.0842767e-12
0.011368041
-8.0313688e-12
0.011368041
5.7915468e-12
0.011368041
-3.9776692e-12
0.011368041
-2.0045168e-12
0.011368041
5.6020603e-12
0.011368041
-1.4470692e-11
0.011368041
1.7737716e-11
0.011368041
-2.6074255e-11
0.011368041
2.4146746e-11
0.011368041
-2.663063e-11
0.011368041
1.5637566e-11
0.011368041
-1.1885776e-11
0.011368041
-5.9744816e-12
0.011368041
7.8228215e-12
0.011368041
-2.255465e-11
0.011368041
9.0627489e-12
0.011368041
-1.8473828e-11
0.011368041
-1.4302773e-11
0.011368041
-6.4777314e-12
0.011368041
-4.0872627e-11
0.011368041
-2.0267358e-11
0.011368041
-4.6564535e-11
0.011368041
-5.3671339e-11
0.011368041
-3.3405233e-11
0.011368041
-6.0530519e-11
0.011368041
-1.5080787e-11
0.011368041
3.9874785e-12
0.011368041
1.2909707e-10
0.011368042
2.7685513e-10
0.011368042
3.3960331e-10
0.011368042
4.8533666e-10
0.011368041
6.7354141e-10
0.011368041
1.360468e-09
-3.0740656e-09
0.010341662
-0.00068592686
0.010578186
-0.0010177306
0.010615677
-0.00094825139
0.010553955
-0.00083129425
0.01042584
-0.00070554971
0.010248619
-0.00057426606
0.010045019
-0.00045061695
0.0098355608
-0.00034517115
0.0096329549
-0.00026062965
0.0094440134
-0.00019583208
0.0092717923
-0.00014754462
0.0091172571
-0.00011244267
0.0089800007
-8.7375515e-05
0.008858763
-6.9614584e-05
0.0087518833
-5.699306e-05
0.0086576278
-4.7891514e-05
0.0085743822
-4.1147247e-05
0.008500741
-3.5950693e-05
0.008435529
-3.1755091e-05
0.0083777896
-2.8202041e-05
0.0083267575
-2.5062373e-05
0.0082818227
-2.2194938e-05
0.0082424884
-1.9520593e-05
0.0082083279
-1.7004419e-05
0.0081789494
-1.4639873e-05
0.0081539717
-1.2437277e-05
0.0081330104
-1.0413531e-05
0.0081156703
-8.5843526e-06
0.0081015459
-6.9611586e-06
0.008090228
-5.5489531e-06
0.0080813136
-4.3453534e-06
0.008074417
-3.3409943e-06
0.0080691796
-2.5207628e-06
0.0080652776
-1.865408e-06
0.0080624272
-1.353275e-06
0.0080603868
-9.6192004e-07
0.0080589563
-6.6954964e-07
0.0080579749
-4.560485e-07
0.0080573164
-3.0371415e-07
0.0080568848
-1.9754703e-07
0.0080566088
-1.253269e-07
0.0080564368
-7.7405155e-08
0.0080563326
-4.6425985e-08
0.0080562715
-2.6941164e-08
0.0080562369
-1.5046687e-08
0.0080562181
-8.017455e-09
0.0080562085
-4.0173154e-09
0.0080562039
-1.8392066e-09
0.0080562019
-7.1884623e-10
0.0080562012
-1.8534147e-10
0.0080562011
2.3375007e-11
0.0080562013
9.5176493e-11
0.0080562014
9.9335996e-11
0.0080562016
7.9902005e-11
0.0080562017
5.5129759e-11
0.0080562017
3.5419097e-11
0.0080562018
1.9319351e-11
0.0080562018
1.1194208e-11
0.0080562018
3.3036559e-12
0.0080562018
2.8838929e-12
0.0080562018
-2.7105737e-12
0.0080562018
1.9978653e-12
0.0080562018
-4.9042648e-12
0.0080562018
3.467924e-12
0.0080562018
-6.2729496e-12
0.0080562018
5.1624749e-12
0.0080562018
-6.7300644e-12
0.0080562018
5.2895436e-12
0.0080562018
-5.4899796e-12
0.0080562018
2.796729e-12
0.0080562018
-1.2387974e-12
0.0080562018
-2.9271838e-12
0.0080562018
5.1803248e-12
0.0080562018
-9.8097017e-12
0.0080562018
1.1082343e-11
0.0080562018
-1.3762691e-11
0.0080562018
1.1309444e-11
0.0080562018
-1.0712115e-11
0.0080562018
4.1560965e-12
0.0080562018
-2.7942087e-12
0.0080562018
-5.1295518e-12
0.0080562018
1.25132e-12
0.0080562018
-9.9951969e-12
0.0080562018
-4.5194044e-12
0.0080562018
-1.0948072e-11
0.0080562017
-1.6958101e-11
0.0080562017
-1.8186767e-11
0.0080562017
-2.1674305e-11
0.0080562016
-2.617182e-11
0.0080562016
-1.2536023e-11
0.0080562016
-2.4237931e-11
0.0080562015
1.9430712e-11
0.0080562016
5.1448025e-11
0.0080562018
1.9604902e-10
0.0080562022
2.2316528e-10
0.0080562026
2.0342335e-10
0.0080562028
8.1107178e-11
0.0080562027
2.4603111e-10
0.0080562026
1.0484913e-09
-1.8757653e-09
0.0093140731
0.0082963425
0.0073480911
0.0065167969
0.0058112472
0.0052369811
0.0047863642
0.0044411931
0.0041805634
0.0039847314
0.0038371868
0.0037247441
0.0036373686
0.0035677541
0.003510761
0.0034628695
0.0034217222
0.0033857715
0.0033540164
0.0033258143
0.0033007519
0.0032785569
0.0032590363
0.0032420319
0.003227392
0.0032149548
0.0032045413
0.0031959569
0.0031889958
0.0031834468
0.0031791014
0.0031757604
0.0031732396
0.0031713742
0.0031700209
0.003169059
0.0031683894
0.0031679334
0.0031676296
0.0031674321
0.0031673068
0.0031672293
0.0031671829
0.003167156
0.0031671409
0.0031671329
0.0031671288
0.003167127
0.0031671262
0.003167126
0.0031671261
0.0031671261
0.0031671262
0.0031671263
0.0031671264
0.0031671264
0.0031671264
0.0031671264
0.0031671264
0.0031671264
0.0031671264
0.0031671264
0.0031671264
0.0031671264
0.0031671264
0.0031671264
0.0031671264
0.0031671264
0.0031671264
0.0031671264
0.0031671264
0.0031671264
0.0031671264
0.0031671264
0.0031671264
0.0031671264
0.0031671264
0.0031671264
0.0031671264
0.0031671264
0.0031671264
0.0031671264
0.0031671264
0.0031671264
0.0031671263
0.0031671263
0.0031671263
0.0031671263
0.0031671262
0.0031671262
0.0031671262
0.0031671262
0.0031671264
0.0031671268
0.0031671272
0.0031671273
0.0031671272
0.0031671272
0.0031671281
)
;

boundaryField
{
    top
    {
        type            calculated;
        value           uniform 0;
    }
    bottom
    {
        type            calculated;
        value           uniform 0;
    }
    inlet
    {
        type            calculated;
        value           nonuniform List<scalar> 10(-0.01 -0.01 -0.01 -0.01 -0.01 -0.01 -0.01 -0.01 -0.01 -0.01);
    }
    outlet
    {
        type            calculated;
        value           nonuniform List<scalar> 10(0.0031671265 0.0080562017 0.011368042 0.013283363 0.014125265 0.014125265 0.013283363 0.011368041 0.0080562013 0.0031671262);
    }
    front
    {
        type            empty;
    }
    back
    {
        type            empty;
    }
}


// ************************************************************************* //
