/*--------------------------------*- C++ -*----------------------------------*\
  =========                 |
  \\      /  F ield         | OpenFOAM: The Open Source CFD Toolbox
   \\    /   O peration     | Website:  https://openfoam.org
    \\  /    A nd           | Version:  13
     \\/     M anipulation  |
\*---------------------------------------------------------------------------*/
FoamFile
{
    format      ascii;
    class       volVectorField;
    location    "3";
    object      U;
}
// * * * * * * * * * * * * * * * * * * * * * * * * * * * * * * * * * * * * * //

dimensions      [0 1 -1 0 0 0 0];

internalField   nonuniform List<vector> 
1000
(
(0.92074243 0.03382766 0)
(0.86353799 0.056684106 0)
(0.78799157 0.05275379 0)
(0.69766249 0.041236637 0)
(0.61471752 0.030202323 0)
(0.54875991 0.020986749 0)
(0.4982813 0.013658722 0)
(0.45950704 0.0082969248 0)
(0.42980847 0.0047318507 0)
(0.40731591 0.0025268239 0)
(0.39038736 0.0012426022 0)
(0.37757616 0.00055190543 0)
(0.36772515 0.00022959243 0)
(0.35997533 0.00012076247 0)
(0.35371489 0.00012123756 0)
(0.34851948 0.00016588574 0)
(0.34410144 0.00021846216 0)
(0.34027002 0.00026193283 0)
(0.3369011 0.00029035568 0)
(0.33391482 0.00030330615 0)
(0.3312601 0.00030279935 0)
(0.3289039 0.00029180228 0)
(0.32682379 0.00027343174 0)
(0.32500273 0.00025043042 0)
(0.32342554 0.00022492852 0)
(0.32207664 0.00019842116 0)
(0.32093902 0.00017196978 0)
(0.31999394 0.0001464184 0)
(0.3192213 0.00012243778 0)
(0.31860014 0.00010052057 0)
(0.3181094 8.0989235e-05 0)
(0.31772863 6.4008554e-05 0)
(0.31743863 4.9602578e-05 0)
(0.31722193 3.7675297e-05 0)
(0.31706315 2.8036155e-05 0)
(0.31694912 2.0432135e-05 0)
(0.31686891 1.457563e-05 0)
(0.31681367 1.0172414e-05 0)
(0.31677646 6.9402782e-06 0)
(0.31675195 4.6251295e-06 0)
(0.31673621 3.0067606e-06 0)
(0.31672635 1.9038374e-06 0)
(0.31672034 1.1712366e-06 0)
(0.31671678 6.9808623e-07 0)
(0.31671476 4.0108716e-07 0)
(0.31671365 2.2069202e-07 0)
(0.31671307 1.1475836e-07 0)
(0.31671279 5.524224e-08 0)
(0.31671266 2.3302685e-08 0)
(0.31671262 7.5166038e-09 0)
(0.31671261 8.1869063e-10 0)
(0.31671262 -1.7062456e-09 0)
(0.31671262 -2.367227e-09 0)
(0.31671263 -2.0681181e-09 0)
(0.31671264 -1.5851006e-09 0)
(0.31671264 -1.0520272e-09 0)
(0.31671264 -6.5384045e-10 0)
(0.31671264 -3.7132465e-10 0)
(0.31671264 -1.3022212e-10 0)
(0.31671264 -9.0266777e-11 0)
(0.31671264 1.032998e-10 0)
(0.31671264 -5.603476e-11 0)
(0.31671264 2.2255503e-10 0)
(0.31671264 -1.4430942e-10 0)
(0.31671264 2.9611851e-10 0)
(0.31671264 -2.6690179e-10 0)
(0.31671264 3.5778994e-10 0)
(0.31671264 -3.4725313e-10 0)
(0.31671264 3.5444891e-10 0)
(0.31671264 -3.2263456e-10 0)
(0.31671264 2.346587e-10 0)
(0.31671264 -1.2101743e-10 0)
(0.31671263 -4.3593012e-11 0)
(0.31671264 1.8491496e-10 0)
(0.31671263 -3.7944011e-10 0)
(0.31671264 4.8678608e-10 0)
(0.31671263 -6.1159327e-10 0)
(0.31671264 5.8928221e-10 0)
(0.31671264 -5.7695493e-10 0)
(0.31671264 4.50661e-10 0)
(0.31671264 -3.3401082e-10 0)
(0.31671264 2.2945868e-10 0)
(0.31671264 -1.3763134e-10 0)
(0.31671264 1.7425554e-10 0)
(0.31671264 -8.1322723e-11 0)
(0.31671264 2.4683859e-10 0)
(0.31671264 1.4346668e-10 0)
(0.31671264 2.094311e-10 0)
(0.31671264 6.5116919e-10 0)
(0.31671264 -1.7754579e-10 0)
(0.31671264 6.5119481e-10 0)
(0.31671264 -1.5179194e-09 0)
(0.31671264 -1.1641748e-10 0)
(0.31671267 -2.5065339e-09 0)
(0.31671267 5.5089007e-09 0)
(0.31671274 7.6003717e-09 0)
(0.31671271 2.4055595e-08 0)
(0.31671281 3.0106573e-08 0)
(0.31671287 -3.8522e-09 0)
(0.31671265 1.3018038e-07 0)
(1.001938 0.052732889 0)
(1.0365395 0.1022525 0)
(1.0602515 0.11315389 0)
(1.063537 0.10904536 0)
(1.0522939 0.099514401 0)
(1.034653 0.087110684 0)
(1.014793 0.073366697 0)
(0.99416151 0.059896971 0)
(0.97360086 0.047866122 0)
(0.95390258 0.03776726 0)
(0.93568102 0.029637568 0)
(0.91923239 0.023290581 0)
(0.9045943 0.018448557 0)
(0.89166099 0.014812018 0)
(0.88026624 0.012100174 0)
(0.87022878 0.010071952 0)
(0.8613757 0.0085331834 0)
(0.85355351 0.0073358546 0)
(0.84663175 0.0063726709 0)
(0.84050285 0.0055688096 0)
(0.83508036 0.0048735402 0)
(0.83029586 0.0042538979 0)
(0.82609462 0.0036903246 0)
(0.82243102 0.0031729859 0)
(0.81926449 0.0026982177 0)
(0.81655663 0.0022655191 0)
(0.81426936 0.0018756145 0)
(0.81236378 0.0015293784 0)
(0.81079981 0.0012271181 0)
(0.80953659 0.00096812364 0)
(0.80853335 0.00075052176 0)
(0.80775052 0.00057137656 0)
(0.80715076 0.00042693852 0)
(0.80669986 0.00031294022 0)
(0.80636743 0.00022489617 0)
(0.8061272 0.00015837489 0)
(0.80595716 0.00010922084 0)
(0.80583932 7.3710007e-05 0)
(0.80575945 4.8637042e-05 0)
(0.80570653 3.1343914e-05 0)
(0.80567231 1.9700149e-05 0)
(0.80565073 1.205334e-05 0)
(0.80563749 7.1605472e-06 0)
(0.8056296 4.1154432e-06 0)
(0.80562506 2.2757309e-06 0)
(0.80562255 1.2006886e-06 0)
(0.80562122 5.9582792e-07 0)
(0.80562057 2.7085325e-07 0)
(0.80562027 1.0585258e-07 0)
(0.80562015 2.8430985e-08 0)
(0.80562012 -4.9082747e-09 0)
(0.80562013 -1.5227817e-08 0)
(0.80562014 -1.5436642e-08 0)
(0.80562016 -1.2139293e-08 0)
(0.80562017 -8.3394568e-09 0)
(0.80562018 -5.2203414e-09 0)
(0.80562018 -2.8208054e-09 0)
(0.80562018 -1.4626479e-09 0)
(0.80562018 -2.5054638e-10 0)
(0.80562019 -8.9318011e-11 0)
(0.80562018 7.1797434e-10 0)
(0.80562019 1.2567943e-10 0)
(0.80562018 1.0621647e-09 0)
(0.80562019 -1.0040693e-10 0)
(0.80562018 1.1671655e-09 0)
(0.80562019 -4.1124067e-10 0)
(0.80562017 1.101096e-09 0)
(0.80562019 -5.2400803e-10 0)
(0.80562017 7.3076326e-10 0)
(0.80562019 -2.311785e-10 0)
(0.80562017 -6.1729589e-11 0)
(0.8056202 5.5862828e-10 0)
(0.80562017 -1.1870255e-09 0)
(0.8056202 1.4894922e-09 0)
(0.80562017 -2.1158897e-09 0)
(0.80562019 1.9198377e-09 0)
(0.80562017 -2.138036e-09 0)
(0.80562019 1.2265076e-09 0)
(0.80562017 -9.8008201e-10 0)
(0.80562019 -3.2260366e-10 0)
(0.80562018 4.9925984e-10 0)
(0.80562018 -1.4737462e-09 0)
(0.80562018 8.3393255e-10 0)
(0.80562018 -1.1275929e-09 0)
(0.80562019 -2.3074516e-10 0)
(0.80562018 -1.2225476e-10 0)
(0.80562018 -1.1576984e-09 0)
(0.80562019 -2.8156047e-10 0)
(0.80562018 -9.2433206e-10 0)
(0.8056202 -2.1522143e-09 0)
(0.80562017 -1.0197334e-09 0)
(0.80562023 -6.3614839e-09 0)
(0.80562015 -6.8930435e-09 0)
(0.80562028 -1.990826e-08 0)
(0.80562015 -2.4524709e-08 0)
(0.80562039 -3.0912463e-08 0)
(0.80562011 -4.1299725e-08 0)
(0.80562063 -8.2059704e-08 0)
(0.80562033 -1.775409e-07 0)
(0.80562016 2.8764653e-07 0)
(1.0002467 0.026719292 0)
(1.0283935 0.06255518 0)
(1.0646996 0.077615421 0)
(1.0979945 0.080474987 0)
(1.124075 0.078055585 0)
(1.143579 0.072912245 0)
(1.1579014 0.065979491 0)
(1.1678838 0.05819354 0)
(1.1741494 0.050479436 0)
(1.1774131 0.043443653 0)
(1.1784445 0.037327994 0)
(1.1779226 0.032143959 0)
(1.1763712 0.027802557 0)
(1.1741698 0.024184647 0)
(1.1715866 0.021169371 0)
(1.1688085 0.018643972 0)
(1.1659641 0.016507584 0)
(1.1631413 0.014674028 0)
(1.1603986 0.013073497 0)
(1.1577726 0.011651592 0)
(1.1552855 0.010366516 0)
(1.1529509 0.0091869437 0)
(1.1507782 0.0080913248 0)
(1.148774 0.0070672464 0)
(1.1469427 0.0061097589 0)
(1.1452876 0.0052190945 0)
(1.14381 0.0043985156 0)
(1.1425091 0.0036524939 0)
(1.1413812 0.0029851594 0)
(1.1404193 0.0023990541 0)
(1.1396133 0.0018943682 0)
(1.1389501 0.0014687182 0)
(1.1384149 0.0011173545 0)
(1.1379914 0.00083362784 0)
(1.137663 0.00060959697 0)
(1.1374136 0.00043667537 0)
(1.1372281 0.00030623629 0)
(1.137093 0.00021010534 0)
(1.1369968 0.00014091087 0)
(1.1369299 9.2286725e-05 0)
(1.1368843 5.8946768e-05 0)
(1.136854 3.665768e-05 0)
(1.1368343 2.2143521e-05 0)
(1.1368219 1.2950569e-05 0)
(1.1368142 7.2981414e-06 0)
(1.1368097 3.9337653e-06 0)
(1.136807 2.003411e-06 0)
(1.1368056 9.424569e-07 0)
(1.1368048 3.8968889e-07 0)
(1.1368044 1.2141095e-07 0)
(1.1368042 3.6315768e-09 0)
(1.1368041 -3.7542635e-08 0)
(1.1368041 -4.3561546e-08 0)
(1.1368041 -3.6556993e-08 0)
(1.1368041 -2.6184899e-08 0)
(1.1368041 -1.7210509e-08 0)
(1.1368041 -9.9513013e-09 0)
(1.1368041 -5.6401805e-09 0)
(1.1368041 -2.042494e-09 0)
(1.1368042 -1.0380994e-09 0)
(1.1368041 9.5452585e-10 0)
(1.1368042 1.6516755e-10 0)
(1.1368041 1.9056715e-09 0)
(1.1368042 1.2550687e-10 0)
(1.1368041 2.0634176e-09 0)
(1.1368042 -1.474213e-10 0)
(1.1368041 1.7032401e-09 0)
(1.1368042 -5.742932e-11 0)
(1.1368041 7.3479078e-10 0)
(1.1368042 6.8431995e-10 0)
(1.1368041 -8.539025e-10 0)
(1.1368042 1.9485696e-09 0)
(1.1368041 -2.5487358e-09 0)
(1.1368042 2.8753929e-09 0)
(1.1368041 -3.2043594e-09 0)
(1.1368042 2.2423417e-09 0)
(1.1368041 -1.8173817e-09 0)
(1.1368042 -3.3750284e-10 0)
(1.1368041 9.4741945e-10 0)
(1.1368041 -3.054239e-09 0)
(1.1368041 2.3387868e-09 0)
(1.1368041 -2.9896064e-09 0)
(1.1368041 1.7804992e-10 0)
(1.1368042 6.0389834e-11 0)
(1.1368041 -3.4512712e-09 0)
(1.1368042 1.7356165e-09 0)
(1.1368041 -3.89168e-09 0)
(1.1368042 -1.520235e-09 0)
(1.1368041 -1.8987879e-09 0)
(1.1368042 -6.7738974e-09 0)
(1.1368041 -3.9064534e-09 0)
(1.1368043 -1.0616245e-08 0)
(1.136804 -1.4430032e-08 0)
(1.1368043 -2.1979324e-08 0)
(1.136804 -3.8722946e-08 0)
(1.1368045 -3.4595342e-08 0)
(1.1368038 -6.9888904e-08 0)
(1.1368048 -8.3552245e-08 0)
(1.1368039 -1.3991002e-07 0)
(1.1368042 2.9814473e-07 0)
(1.0000321 0.011727645 0)
(1.0173963 0.030562782 0)
(1.0455863 0.040990124 0)
(1.0788311 0.04465615 0)
(1.1117681 0.044904546 0)
(1.141981 0.043510295 0)
(1.1689261 0.040993406 0)
(1.1925585 0.037695937 0)
(1.2129125 0.034077551 0)
(1.2301635 0.030541259 0)
(1.2446578 0.027305994 0)
(1.2568291 0.024437251 0)
(1.2671024 0.021925741 0)
(1.2758413 0.01973744 0)
(1.2833358 0.017831709 0)
(1.2898105 0.016165506 0)
(1.2954395 0.014695374 0)
(1.3003592 0.013380672 0)
(1.3046763 0.012186823 0)
(1.3084709 0.011086334 0)
(1.3118025 0.010057728 0)
(1.3147163 0.0090845044 0)
(1.3172488 0.0081552287 0)
(1.3194307 0.0072638374 0)
(1.3212895 0.0064091187 0)
(1.3228514 0.0055935269 0)
(1.3241431 0.0048219695 0)
(1.3251926 0.0041007427 0)
(1.3260291 0.0034364547 0)
(1.3266819 0.0028349289 0)
(1.3271799 0.0023002949 0)
(1.3275505 0.0018344493 0)
(1.3278193 0.0014368759 0)
(1.3280087 0.0011047651 0)
(1.328138 0.00083335486 0)
(1.3282233 0.00061643616 0)
(1.3282772 0.0004469287 0)
(1.3283097 0.00031744536 0)
(1.328328 0.00022077552 0)
(1.3283373 0.00015025243 0)
(1.3283413 9.999188e-05 0)
(1.3283424 6.50108e-05 0)
(1.328342 4.1244939e-05 0)
(1.328341 2.5494184e-05 0)
(1.3283399 1.5320279e-05 0)
(1.3283389 8.9238482e-06 0)
(1.3283381 5.0163274e-06 0)
(1.3283375 2.7032166e-06 0)
(1.3283371 1.3809904e-06 0)
(1.3283368 6.5575112e-07 0)
(1.3283366 2.7840324e-07 0)
(1.3283365 9.4694409e-08 0)
(1.3283364 1.343339e-08 0)
(1.3283364 -1.6368939e-08 0)
(1.3283364 -2.2637047e-08 0)
(1.3283364 -1.9728077e-08 0)
(1.3283363 -1.4025945e-08 0)
(1.3283363 -9.0954987e-09 0)
(1.3283363 -4.6098761e-09 0)
(1.3283363 -2.4481624e-09 0)
(1.3283363 1.3961341e-10 0)
(1.3283363 1.0948297e-10 0)
(1.3283363 1.9007354e-09 0)
(1.3283364 6.9919734e-10 0)
(1.3283363 2.226268e-09 0)
(1.3283364 7.1339218e-10 0)
(1.3283363 1.7047018e-09 0)
(1.3283364 9.4005134e-10 0)
(1.3283363 5.0403248e-10 0)
(1.3283364 1.6483052e-09 0)
(1.3283363 -1.1339847e-09 0)
(1.3283364 2.531388e-09 0)
(1.3283363 -2.4274681e-09 0)
(1.3283364 2.6226739e-09 0)
(1.3283363 -2.2996179e-09 0)
(1.3283364 1.0059434e-09 0)
(1.3283363 -3.3349428e-10 0)
(1.3283363 -1.8437302e-09 0)
(1.3283363 1.8832499e-09 0)
(1.3283363 -3.4785478e-09 0)
(1.3283363 1.4995973e-09 0)
(1.3283363 -1.7257075e-09 0)
(1.3283363 -2.0779866e-09 0)
(1.3283364 1.5134257e-09 0)
(1.3283363 -5.1254313e-09 0)
(1.3283364 1.2165396e-09 0)
(1.3283363 -4.0765459e-09 0)
(1.3283364 -3.8228596e-09 0)
(1.3283363 -2.9330114e-09 0)
(1.3283364 -8.7272386e-09 0)
(1.3283362 -7.9699117e-09 0)
(1.3283365 -1.1147769e-08 0)
(1.3283362 -1.9483943e-08 0)
(1.3283366 -1.924246e-08 0)
(1.328336 -3.7719362e-08 0)
(1.3283368 -2.8463251e-08 0)
(1.3283358 -6.0250486e-08 0)
(1.3283372 -6.1696704e-08 0)
(1.3283359 -8.3367555e-08 0)
(1.3283363 1.9454745e-07 0)
(1.0001568 0.0034383631 0)
(1.0134517 0.0092556736 0)
(1.0366274 0.012853047 0)
(1.0666021 0.014334952 0)
(1.0987784 0.014625348 0)
(1.1300671 0.014362513 0)
(1.1592966 0.013739551 0)
(1.1861866 0.012837248 0)
(1.2106258 0.011786033 0)
(1.2325647 0.010722343 0)
(1.2521005 0.0097284001 0)
(1.2694742 0.0088326647 0)
(1.2849868 0.0080364419 0)
(1.2989214 0.0073321532 0)
(1.3115109 0.0067096648 0)
(1.3229363 0.0061573302 0)
(1.3333392 0.005662489 0)
(1.3428328 0.0052127457 0)
(1.3515074 0.0047973993 0)
(1.3594309 0.0044080119 0)
(1.3666526 0.004038073 0)
(1.373209 0.0036826102 0)
(1.3791289 0.0033382313 0)
(1.384437 0.0030032973 0)
(1.3891555 0.0026777917 0)
(1.3933071 0.0023629626 0)
(1.3969173 0.0020609568 0)
(1.4000164 0.0017745224 0)
(1.4026398 0.0015066569 0)
(1.4048272 0.0012602112 0)
(1.4066221 0.0010375108 0)
(1.4080703 0.00084009916 0)
(1.4092185 0.00066859987 0)
(1.4101125 0.00052269455 0)
(1.4107958 0.00040119638 0)
(1.4113082 0.00030220308 0)
(1.4116848 0.0002233045 0)
(1.4119563 0.00016180169 0)
(1.4121479 0.00011491856 0)
(1.4122804 7.9971926e-05 0)
(1.4123701 5.4504135e-05 0)
(1.4124294 3.6359651e-05 0)
(1.4124677 2.3725815e-05 0)
(1.4124919 1.5130034e-05 0)
(1.4125068 9.4190262e-06 0)
(1.4125157 5.7151195e-06 0)
(1.4125208 3.373141e-06 0)
(1.4125237 1.930489e-06 0)
(1.4125252 1.0670998e-06 0)
(1.412526 5.6565763e-07 0)
(1.4125264 2.84949e-07 0)
(1.4125265 1.3337294e-07 0)
(1.4125266 5.6034025e-08 0)
(1.4125266 1.8792526e-08 0)
(1.4125266 3.1141324e-09 0)
(1.4125266 -2.7094293e-09 0)
(1.4125266 -3.3547364e-09 0)
(1.4125266 -2.8914255e-09 0)
(1.4125265 -1.2445043e-09 0)
(1.4125265 -5.825217e-10 0)
(1.4125265 8.2283015e-10 0)
(1.4125266 7.3755167e-10 0)
(1.4125265 1.7693516e-09 0)
(1.4125266 1.1594422e-09 0)
(1.4125265 1.9372913e-09 0)
(1.4125266 1.153369e-09 0)
(1.4125265 1.5649985e-09 0)
(1.4125266 1.1116448e-09 0)
(1.4125265 8.4499303e-10 0)
(1.4125266 1.1659173e-09 0)
(1.4125265 -4.6278562e-11 0)
(1.4125266 1.2295134e-09 0)
(1.4125265 -6.7936025e-10 0)
(1.4125266 9.0081342e-10 0)
(1.4125265 -6.5892907e-10 0)
(1.4125266 -8.4891927e-11 0)
(1.4125265 5.4638497e-11 0)
(1.4125265 -1.3846884e-09 0)
(1.4125265 6.2427942e-10 0)
(1.4125265 -1.9221956e-09 0)
(1.4125265 -4.7412479e-11 0)
(1.4125266 -1.1296684e-09 0)
(1.4125265 -1.9522804e-09 0)
(1.4125266 -1.9060933e-10 0)
(1.4125265 -3.3563009e-09 0)
(1.4125266 -1.3577442e-09 0)
(1.4125265 -3.508878e-09 0)
(1.4125266 -4.8948862e-09 0)
(1.4125264 -4.935193e-09 0)
(1.4125267 -8.6914474e-09 0)
(1.4125264 -9.6585666e-09 0)
(1.4125267 -1.1533068e-08 0)
(1.4125263 -1.6129724e-08 0)
(1.4125268 -1.5579525e-08 0)
(1.4125262 -2.2288747e-08 0)
(1.412527 -1.6551315e-08 0)
(1.4125259 -2.7227504e-08 0)
(1.4125274 -2.5432914e-08 0)
(1.412526 -2.9788077e-08 0)
(1.4125265 6.4353184e-08 0)
(1.0001568 -0.0034383752 0)
(1.0134517 -0.0092556782 0)
(1.0366274 -0.012853049 0)
(1.0666021 -0.014334955 0)
(1.0987784 -0.014625353 0)
(1.1300671 -0.014362521 0)
(1.1592966 -0.013739562 0)
(1.1861866 -0.012837262 0)
(1.2106258 -0.011786048 0)
(1.2325647 -0.010722358 0)
(1.2521004 -0.0097284114 0)
(1.2694742 -0.0088326684 0)
(1.2849868 -0.0080364335 0)
(1.2989214 -0.007332128 0)
(1.3115108 -0.0067096193 0)
(1.3229363 -0.0061572614 0)
(1.3333391 -0.0056623975 0)
(1.3428328 -0.0052126325 0)
(1.3515074 -0.0047972687 0)
(1.3594309 -0.0044078654 0)
(1.3666527 -0.0040379132 0)
(1.373209 -0.0036824369 0)
(1.379129 -0.0033380457 0)
(1.3844371 -0.0030031014 0)
(1.3891556 -0.0026775904 0)
(1.3933072 -0.0023627656 0)
(1.3969174 -0.002060776 0)
(1.4000166 -0.0017743733 0)
(1.40264 -0.0015065536 0)
(1.4048274 -0.0012601662 0)
(1.4066223 -0.0010375298 0)
(1.4080705 -0.00084018249 0)
(1.4092187 -0.00066874041 0)
(1.4101127 -0.00052287999 0)
(1.410796 -0.00040141061 0)
(1.4113083 -0.00030242874 0)
(1.411685 -0.00022352563 0)
(1.4119564 -0.00016200485 0)
(1.412148 -0.00011509474 0)
(1.4122805 -8.0116104e-05 0)
(1.4123701 -5.4615465e-05 0)
(1.4124294 -3.6440291e-05 0)
(1.4124678 -2.3779908e-05 0)
(1.4124919 -1.5162935e-05 0)
(1.4125068 -9.4358944e-06 0)
(1.4125157 -5.721323e-06 0)
(1.4125208 -3.3726765e-06 0)
(1.4125237 -1.9269212e-06 0)
(1.4125252 -1.0620811e-06 0)
(1.412526 -5.6099557e-07 0)
(1.4125264 -2.807432e-07 0)
(1.4125265 -1.3028534e-07 0)
(1.4125266 -5.3484667e-08 0)
(1.4125266 -1.7133991e-08 0)
(1.4125266 -1.481871e-09 0)
(1.4125266 4.0205538e-09 0)
(1.4125266 5.092327e-09 0)
(1.4125265 4.6076368e-09 0)
(1.4125265 3.5699201e-09 0)
(1.4125265 2.9586507e-09 0)
(1.4125265 2.0964025e-09 0)
(1.4125265 2.0603709e-09 0)
(1.4125265 1.3862541e-09 0)
(1.4125266 1.6964259e-09 0)
(1.4125265 1.0705556e-09 0)
(1.4125266 1.3450291e-09 0)
(1.4125265 9.4591225e-10 0)
(1.4125266 8.0821168e-10 0)
(1.4125265 1.0136361e-09 0)
(1.4125266 3.0498123e-11 0)
(1.4125265 1.1827663e-09 0)
(1.4125266 -7.1177082e-10 0)
(1.4125265 1.1652815e-09 0)
(1.4125266 -1.0131145e-09 0)
(1.4125265 5.581321e-10 0)
(1.4125265 -5.4127752e-10 0)
(1.4125265 -6.532048e-10 0)
(1.4125265 2.6447512e-10 0)
(1.4125265 -1.7120215e-09 0)
(1.4125265 3.4405289e-10 0)
(1.4125265 -1.5614492e-09 0)
(1.4125265 -1.0896803e-09 0)
(1.4125265 -4.9474731e-10 0)
(1.4125266 -3.0935767e-09 0)
(1.4125265 -5.2033854e-10 0)
(1.4125266 -3.9836834e-09 0)
(1.4125265 -3.283221e-09 0)
(1.4125266 -4.5809196e-09 0)
(1.4125264 -7.2906807e-09 0)
(1.4125266 -7.2541031e-09 0)
(1.4125264 -9.3013455e-09 0)
(1.4125267 -1.1204548e-08 0)
(1.4125263 -8.805745e-09 0)
(1.4125268 -1.0241063e-08 0)
(1.4125262 -5.9278061e-10 0)
(1.412527 -9.5798655e-10 0)
(1.4125259 1.3065302e-08 0)
(1.4125274 1.4512549e-08 0)
(1.412526 1.9194662e-08 0)
(1.4125265 -6.9805633e-08 0)
(1.0000321 -0.011727656 0)
(1.0173963 -0.030562787 0)
(1.0455863 -0.040990126 0)
(1.0788311 -0.044656153 0)
(1.1117681 -0.044904551 0)
(1.141981 -0.043510302 0)
(1.1689261 -0.040993414 0)
(1.1925584 -0.037695947 0)
(1.2129125 -0.034077562 0)
(1.2301635 -0.030541269 0)
(1.2446578 -0.027306 0)
(1.2568291 -0.02443725 0)
(1.2671023 -0.021925728 0)
(1.2758412 -0.019737414 0)
(1.2833358 -0.017831665 0)
(1.2898105 -0.016165443 0)
(1.2954395 -0.014695292 0)
(1.3003593 -0.013380575 0)
(1.3046763 -0.012186712 0)
(1.308471 -0.011086211 0)
(1.3118026 -0.010057594 0)
(1.3147165 -0.0090843592 0)
(1.317249 -0.0081550721 0)
(1.3194309 -0.0072636725 0)
(1.3212898 -0.0064089505 0)
(1.3228517 -0.0055933648 0)
(1.3241435 -0.0048218253 0)
(1.3251931 -0.0041006296 0)
(1.3260296 -0.0034363852 0)
(1.3266824 -0.0028349119 0)
(1.3271804 -0.0023003345 0)
(1.3275511 -0.0018345428 0)
(1.3278198 -0.0014370156 0)
(1.3280092 -0.0011049381 0)
(1.3281385 -0.00083354649 0)
(1.3282237 -0.00061663102 0)
(1.3282776 -0.00044711366 0)
(1.32831 -0.00031760976 0)
(1.3283282 -0.00022091324 0)
(1.3283375 -0.0001503603 0)
(1.3283415 -0.000100071 0)
(1.3283425 -6.5063608e-05 0)
(1.3283421 -4.1276622e-05 0)
(1.328341 -2.5509097e-05 0)
(1.3283399 -1.5324048e-05 0)
(1.3283389 -8.9199752e-06 0)
(1.3283381 -5.0089575e-06 0)
(1.3283375 -2.694003e-06 0)
(1.3283371 -1.3725015e-06 0)
(1.3283368 -6.4797099e-07 0)
(1.3283366 -2.7260351e-07 0)
(1.3283365 -8.9911354e-08 0)
(1.3283364 -1.0349453e-08 0)
(1.3283364 1.8999127e-08 0)
(1.3283363 2.4241487e-08 0)
(1.3283363 2.1548576e-08 0)
(1.3283363 1.5335913e-08 0)
(1.3283363 1.0970393e-08 0)
(1.3283363 6.2085812e-09 0)
(1.3283363 4.7141094e-09 0)
(1.3283363 1.806027e-09 0)
(1.3283363 2.3884178e-09 0)
(1.3283363 1.6834783e-10 0)
(1.3283363 1.7933551e-09 0)
(1.3283363 -3.3387013e-10 0)
(1.3283364 1.4440625e-09 0)
(1.3283363 -2.41055e-10 0)
(1.3283364 7.3794837e-10 0)
(1.3283363 4.1242164e-10 0)
(1.3283364 -5.5064534e-10 0)
(1.3283363 1.4795277e-09 0)
(1.3283364 -1.9746288e-09 0)
(1.3283363 2.2582746e-09 0)
(1.3283364 -2.5747654e-09 0)
(1.3283363 1.6685857e-09 0)
(1.3283363 -1.3570283e-09 0)
(1.3283363 -6.8481529e-10 0)
(1.3283363 1.1085722e-09 0)
(1.3283363 -3.281489e-09 0)
(1.3283363 2.3661131e-09 0)
(1.3283363 -3.3346802e-09 0)
(1.3283363 5.9770449e-11 0)
(1.3283363 -4.7176786e-10 0)
(1.3283363 -4.1746664e-09 0)
(1.3283363 1.130137e-09 0)
(1.3283364 -5.8409622e-09 0)
(1.3283363 -2.6664229e-09 0)
(1.3283364 -4.4598624e-09 0)
(1.3283363 -8.572046e-09 0)
(1.3283364 -4.9301838e-09 0)
(1.3283362 -9.2077225e-09 0)
(1.3283365 -8.0343964e-09 0)
(1.3283361 -2.612629e-09 0)
(1.3283366 -2.0700957e-09 0)
(1.328336 1.9034106e-08 0)
(1.3283367 1.5280454e-08 0)
(1.3283357 5.1269352e-08 0)
(1.3283371 5.5518337e-08 0)
(1.3283359 7.7642054e-08 0)
(1.3283363 -1.9625324e-07 0)
(1.0002467 -0.026719301 0)
(1.0283935 -0.062555184 0)
(1.0646996 -0.077615423 0)
(1.0979945 -0.08047499 0)
(1.124075 -0.078055589 0)
(1.143579 -0.072912249 0)
(1.1579014 -0.065979496 0)
(1.1678838 -0.058193545 0)
(1.1741494 -0.05047944 0)
(1.1774131 -0.043443655 0)
(1.1784444 -0.037327992 0)
(1.1779225 -0.032143952 0)
(1.1763712 -0.027802541 0)
(1.1741698 -0.024184621 0)
(1.1715866 -0.021169335 0)
(1.1688085 -0.018643925 0)
(1.1659642 -0.016507528 0)
(1.1631414 -0.014673963 0)
(1.1603987 -0.013073425 0)
(1.1577728 -0.011651513 0)
(1.1552857 -0.010366429 0)
(1.1529512 -0.0091868481 0)
(1.1507786 -0.0080912226 0)
(1.1487744 -0.0070671388 0)
(1.1469432 -0.0061096538 0)
(1.1452881 -0.0052189975 0)
(1.1438105 -0.004398438 0)
(1.1425097 -0.0036524424 0)
(1.1413818 -0.0029851426 0)
(1.14042 -0.0023990743 0)
(1.1396139 -0.0018944255 0)
(1.1389508 -0.0014688076 0)
(1.1384156 -0.0011174678 0)
(1.137992 -0.00083375555 0)
(1.1376635 -0.00060972778 0)
(1.137414 -0.00043680064 0)
(1.1372284 -0.00030634725 0)
(1.1370933 -0.00021019811 0)
(1.136997 -0.00014098199 0)
(1.13693 -9.2337374e-05 0)
(1.1368844 -5.8977882e-05 0)
(1.136854 -3.6673363e-05 0)
(1.1368343 -2.2146666e-05 0)
(1.1368219 -1.2945662e-05 0)
(1.1368142 -7.2879939e-06 0)
(1.1368097 -3.9215765e-06 0)
(1.136807 -1.9906515e-06 0)
(1.1368056 -9.3086069e-07 0)
(1.1368048 -3.7963247e-07 0)
(1.1368044 -1.1346492e-07 0)
(1.1368042 2.6099625e-09 0)
(1.1368041 4.1935162e-08 0)
(1.1368041 4.6745404e-08 0)
(1.1368041 3.8689527e-08 0)
(1.1368041 2.7846588e-08 0)
(1.1368041 1.8410752e-08 0)
(1.1368041 1.1119266e-08 0)
(1.1368041 6.6714683e-09 0)
(1.1368041 3.264807e-09 0)
(1.1368041 2.2088541e-09 0)
(1.1368041 3.8216495e-10 0)
(1.1368041 1.0755437e-09 0)
(1.1368041 -5.5727904e-10 0)
(1.1368042 1.0409249e-09 0)
(1.1368041 -9.0295056e-10 0)
(1.1368042 1.0540728e-09 0)
(1.1368041 -8.3549578e-10 0)
(1.1368042 6.3463986e-10 0)
(1.1368041 -2.3751986e-10 0)
(1.1368042 -4.8136184e-10 0)
(1.1368041 1.0218428e-09 0)
(1.1368042 -2.0626182e-09 0)
(1.1368041 2.3836912e-09 0)
(1.1368042 -3.2885551e-09 0)
(1.1368041 2.7917385e-09 0)
(1.1368042 -2.8839473e-09 0)
(1.1368041 1.1704735e-09 0)
(1.1368042 -5.3880146e-10 0)
(1.1368041 -1.7992083e-09 0)
(1.1368041 1.9262348e-09 0)
(1.1368041 -3.5407098e-09 0)
(1.1368041 1.4105015e-09 0)
(1.1368041 -1.9540256e-09 0)
(1.1368041 -2.4676142e-09 0)
(1.1368041 4.4025149e-10 0)
(1.1368042 -5.8371738e-09 0)
(1.1368041 -1.4345481e-09 0)
(1.1368042 -5.4954872e-09 0)
(1.1368041 -6.8199788e-09 0)
(1.1368042 -3.6119347e-09 0)
(1.1368041 -8.1428835e-09 0)
(1.1368042 -3.1466941e-09 0)
(1.136804 -5.0364959e-10 0)
(1.1368043 8.2433452e-09 0)
(1.1368039 2.9690198e-08 0)
(1.1368044 3.1285392e-08 0)
(1.1368037 6.932494e-08 0)
(1.1368048 8.2638888e-08 0)
(1.1368039 1.3637736e-07 0)
(1.1368041 -2.9894101e-07 0)
(1.001938 -0.052732894 0)
(1.0365395 -0.1022525 0)
(1.0602515 -0.11315389 0)
(1.0635369 -0.10904536 0)
(1.0522939 -0.099514402 0)
(1.0346529 -0.087110685 0)
(1.014793 -0.073366697 0)
(0.99416149 -0.05989697 0)
(0.97360084 -0.047866119 0)
(0.95390256 -0.037767256 0)
(0.93568101 -0.029637562 0)
(0.91923238 -0.023290573 0)
(0.90459431 -0.018448546 0)
(0.89166101 -0.014812004 0)
(0.88026628 -0.012100158 0)
(0.87022886 -0.010071933 0)
(0.86137581 -0.0085331627 0)
(0.85355366 -0.0073358303 0)
(0.84663193 -0.006372643 0)
(0.84050308 -0.0055687779 0)
(0.83508063 -0.004873505 0)
(0.83029618 -0.0042538598 0)
(0.82609499 -0.0036902852 0)
(0.82243144 -0.0031729483 0)
(0.81926496 -0.0026981845 0)
(0.81655716 -0.0022654943 0)
(0.81426993 -0.0018756 0)
(0.81236439 -0.0015293768 0)
(0.81080043 -0.0012271296 0)
(0.8095372 -0.00096814819 0)
(0.80853394 -0.00075055718 0)
(0.80775106 -0.00057142 0)
(0.80715123 -0.00042698629 0)
(0.80670026 -0.00031298833 0)
(0.80636776 -0.00022494127 0)
(0.80612745 -0.00015841382 0)
(0.80595734 -0.00010925204 0)
(0.80583945 -7.3732311e-05 0)
(0.80575952 -4.8650908e-05 0)
(0.80570657 -3.1349942e-05 0)
(0.80567232 -1.9699901e-05 0)
(0.80565072 -1.2048327e-05 0)
(0.80563747 -7.1524671e-06 0)
(0.80562958 -4.1058418e-06 0)
(0.80562504 -2.2658783e-06 0)
(0.80562252 -1.1914059e-06 0)
(0.8056212 -5.8752623e-07 0)
(0.80562055 -2.6391256e-07 0)
(0.80562025 -1.002299e-07 0)
(0.80562014 -2.415892e-08 0)
(0.80562011 8.1299985e-09 0)
(0.80562012 1.7435905e-08 0)
(0.80562013 1.700321e-08 0)
(0.80562015 1.3156956e-08 0)
(0.80562016 9.1317013e-09 0)
(0.80562017 5.763427e-09 0)
(0.80562018 3.3581809e-09 0)
(0.80562018 1.9141459e-09 0)
(0.80562018 7.8907315e-10 0)
(0.80562018 5.6880633e-10 0)
(0.80562018 -1.5851604e-10 0)
(0.80562018 3.5624817e-10 0)
(0.80562018 -5.3345791e-10 0)
(0.80562018 4.9490135e-10 0)
(0.80562018 -7.6796894e-10 0)
(0.80562019 6.6208527e-10 0)
(0.80562017 -8.5047402e-10 0)
(0.80562019 6.0788361e-10 0)
(0.80562017 -6.5090358e-10 0)
(0.80562019 1.6100658e-10 0)
(0.80562017 1.5901689e-11 0)
(0.8056202 -7.3815194e-10 0)
(0.80562017 1.0125209e-09 0)
(0.8056202 -1.7772746e-09 0)
(0.80562017 1.8554324e-09 0)
(0.80562019 -2.3059274e-09 0)
(0.80562017 1.7735728e-09 0)
(0.80562019 -1.707789e-09 0)
(0.80562017 5.3246005e-10 0)
(0.80562018 -2.9625604e-10 0)
(0.80562018 -1.1655157e-09 0)
(0.80562018 5.6682763e-10 0)
(0.80562018 -1.927527e-09 0)
(0.80562018 -3.9596122e-10 0)
(0.80562018 -1.7549351e-09 0)
(0.80562017 -2.6073765e-09 0)
(0.80562017 -2.3454608e-09 0)
(0.80562017 -4.1108083e-09 0)
(0.80562016 -3.752151e-09 0)
(0.80562018 -2.9197049e-09 0)
(0.80562014 -4.3853818e-09 0)
(0.80562019 8.0254919e-10 0)
(0.80562011 3.4986807e-09 0)
(0.80562024 2.2077431e-08 0)
(0.8056201 3.2505769e-08 0)
(0.80562034 3.8286118e-08 0)
(0.80562007 3.9964415e-08 0)
(0.80562059 6.9499434e-08 0)
(0.80562028 1.6249757e-07 0)
(0.80562011 -2.9426855e-07 0)
(0.92074242 -0.033827661 0)
(0.86353798 -0.056684106 0)
(0.78799156 -0.05275379 0)
(0.69766248 -0.041236636 0)
(0.61471752 -0.030202323 0)
(0.5487599 -0.020986748 0)
(0.49828129 -0.013658722 0)
(0.45950704 -0.0082969237 0)
(0.42980847 -0.0047318492 0)
(0.40731592 -0.0025268221 0)
(0.39038738 -0.0012426007 0)
(0.37757618 -0.00055190429 0)
(0.36772518 -0.00022959199 0)
(0.35997536 -0.00012076251 0)
(0.35371494 -0.00012123808 0)
(0.34851954 -0.000165886 0)
(0.3441015 -0.00021846187 0)
(0.3402701 -0.0002619321 0)
(0.33690119 -0.00029035464 0)
(0.33391493 -0.00030330561 0)
(0.33126023 -0.00030279878 0)
(0.32890405 -0.00029180266 0)
(0.32682395 -0.00027343207 0)
(0.32500292 -0.00025043186 0)
(0.32342575 -0.00022492968 0)
(0.32207687 -0.00019842292 0)
(0.32093926 -0.00017197084 0)
(0.31999419 -0.00014641951 0)
(0.31922155 -0.00012243833 0)
(0.31860038 -0.0001005211 0)
(0.31810962 -8.098975e-05 0)
(0.31772883 -6.4008987e-05 0)
(0.31743879 -4.960325e-05 0)
(0.31722206 -3.7675704e-05 0)
(0.31706325 -2.8036804e-05 0)
(0.31694919 -2.043217e-05 0)
(0.31686895 -1.4575679e-05 0)
(0.31681368 -1.0171666e-05 0)
(0.31677645 -6.9394628e-06 0)
(0.31675194 -4.6236207e-06 0)
(0.31673618 -3.0053917e-06 0)
(0.31672632 -1.9021009e-06 0)
(0.31672031 -1.1697333e-06 0)
(0.31671676 -6.9634145e-07 0)
(0.31671473 -3.9966698e-07 0)
(0.31671363 -2.1923124e-07 0)
(0.31671305 -1.1371104e-07 0)
(0.31671277 -5.423255e-08 0)
(0.31671265 -2.2694472e-08 0)
(0.31671261 -6.9092463e-09 0)
(0.3167126 -5.9605422e-10 0)
(0.31671261 1.9660568e-09 0)
(0.31671262 2.3764463e-09 0)
(0.31671263 2.1815438e-09 0)
(0.31671263 1.5122936e-09 0)
(0.31671264 1.1224518e-09 0)
(0.31671264 5.6587644e-10 0)
(0.31671264 4.503296e-10 0)
(0.31671264 5.5584059e-11 0)
(0.31671264 1.9017032e-10 0)
(0.31671264 -1.5702604e-10 0)
(0.31671264 1.7382299e-10 0)
(0.31671264 -2.6423737e-10 0)
(0.31671264 2.4746203e-10 0)
(0.31671264 -3.567427e-10 0)
(0.31671264 3.4875332e-10 0)
(0.31671264 -4.3384026e-10 0)
(0.31671264 4.1172512e-10 0)
(0.31671264 -4.4807608e-10 0)
(0.31671264 3.7625208e-10 0)
(0.31671264 -3.3645345e-10 0)
(0.31671264 1.8550488e-10 0)
(0.31671263 -6.054859e-11 0)
(0.31671264 -1.3215842e-10 0)
(0.31671263 2.7262312e-10 0)
(0.31671264 -4.460213e-10 0)
(0.31671263 4.9406235e-10 0)
(0.31671264 -5.5596315e-10 0)
(0.31671263 4.5292326e-10 0)
(0.31671264 -4.1822469e-10 0)
(0.31671264 1.9180443e-10 0)
(0.31671264 -2.3647536e-10 0)
(0.31671264 -7.8486721e-11 0)
(0.31671264 -3.1399044e-10 0)
(0.31671263 -3.1820582e-10 0)
(0.31671263 -5.6720811e-10 0)
(0.31671263 -7.0795128e-10 0)
(0.31671263 -5.9709076e-10 0)
(0.31671263 -8.9163839e-10 0)
(0.31671262 1.4408219e-10 0)
(0.31671262 -8.5591788e-10 0)
(0.31671263 1.6628053e-09 0)
(0.31671262 1.7778478e-09 0)
(0.31671267 7.148315e-09 0)
(0.31671268 8.2288695e-10 0)
(0.31671275 -4.8701498e-09 0)
(0.31671269 -2.9352217e-08 0)
(0.31671277 -4.1094211e-08 0)
(0.31671283 -7.4909083e-09 0)
(0.31671263 -1.3552244e-07 0)
)
;

boundaryField
{
    top
    {
        type            fixedValue;
        value           uniform (0 0 0);
    }
    bottom
    {
        type            fixedValue;
        value           uniform (0 0 0);
    }
    inlet
    {
        type            fixedValue;
        value           uniform (1 0 0);
    }
    outlet
    {
        type            zeroGradient;
    }
    front
    {
        type            empty;
    }
    back
    {
        type            empty;
    }
}


// ************************************************************************* //
