# Selection     : all
# Cells         : 1000
# Volume        : 1.00000000e+00
# Time          	max(p)
0               	0.00000000e+00
0.05            	2.02440478e+02
0.1             	3.68758614e+00
0.15            	3.47311696e+00
0.2             	3.27272391e+00
0.25            	3.10231960e+00
0.3             	2.95538905e+00
0.35            	2.82778738e+00
0.4             	2.71633484e+00
0.45            	2.61851257e+00
0.5             	2.53228338e+00
0.55            	2.45597750e+00
0.6             	2.38821286e+00
0.65            	2.32783652e+00
0.7             	2.27387749e+00
0.75            	2.22551301e+00
0.8             	2.18204295e+00
0.85            	2.14286924e+00
0.9             	2.10747895e+00
0.95            	2.07543085e+00
1               	2.04634341e+00
1.05            	2.01988614e+00
1.1             	1.99577133e+00
1.15            	1.97374734e+00
1.2             	1.95359414e+00
1.25            	1.93510843e+00
1.3             	1.91815005e+00
1.35            	1.90253927e+00
1.4             	1.88815336e+00
1.45            	1.87487490e+00
1.5             	1.86259978e+00
1.55            	1.85123529e+00
1.6             	1.84069905e+00
1.65            	1.83091727e+00
1.7             	1.82182426e+00
1.75            	1.81336100e+00
1.8             	1.80547461e+00
1.85            	1.79811754e+00
1.9             	1.79124693e+00
1.95            	1.78482414e+00
2               	1.77881422e+00
2.05            	1.77317507e+00
2.1             	1.76790815e+00
2.15            	1.76295842e+00
2.2             	1.75831145e+00
2.25            	1.75394541e+00
2.3             	1.74984057e+00
2.35            	1.74597884e+00
2.4             	1.74234363e+00
2.45            	1.73891968e+00
2.5             	1.73569300e+00
2.55            	1.73265070e+00
2.6             	1.72978091e+00
2.65            	1.72707265e+00
2.7             	1.72451579e+00
2.75            	1.72210093e+00
2.8             	1.71981938e+00
2.85            	1.71766307e+00
2.9             	1.71562449e+00
2.95            	1.71369508e+00
3               	1.71187151e+00
3.05            	1.71014627e+00
3.1             	1.70851358e+00
3.15            	1.70696818e+00
3.2             	1.70550513e+00
3.25            	1.70411981e+00
3.3             	1.70280790e+00
3.35            	1.70156535e+00
3.4             	1.70038837e+00
3.45            	1.69927338e+00
3.5             	1.69821702e+00
3.55            	1.69721617e+00
3.6             	1.69626784e+00
3.65            	1.69536925e+00
3.7             	1.69451775e+00
3.75            	1.69371089e+00
3.8             	1.69294632e+00
3.85            	1.69222183e+00
3.9             	1.69153197e+00
3.95            	1.69088456e+00
4               	1.69026856e+00
4.05            	1.68968459e+00
4.1             	1.68913149e+00
4.15            	1.68860755e+00
4.2             	1.68811131e+00
4.25            	1.68764136e+00
4.3             	1.68719635e+00
4.35            	1.68677502e+00
4.4             	1.68637617e+00
4.45            	1.68599867e+00
4.5             	1.68564143e+00
4.55            	1.68530343e+00
4.6             	1.68498370e+00
4.65            	1.68468132e+00
4.7             	1.68439540e+00
4.75            	1.68412513e+00
4.8             	1.68386970e+00
4.85            	1.68362838e+00
4.9             	1.68340044e+00
4.95            	1.68318522e+00
5               	1.68298206e+00
5.05            	1.68279036e+00
5.1             	1.68260954e+00
5.15            	1.68243904e+00
5.2             	1.68227834e+00
5.25            	1.68212694e+00
5.3             	1.68198437e+00
5.35            	1.68185016e+00
5.4             	1.68172391e+00
5.45            	1.68160422e+00
5.5             	1.68149306e+00
5.55            	1.68138834e+00
5.6             	1.68128999e+00
5.65            	1.68119775e+00
5.7             	1.68111128e+00
5.75            	1.68103028e+00
5.8             	1.68095448e+00
5.85            	1.68088358e+00
5.9             	1.68081734e+00
5.95            	1.68075549e+00
6               	1.68069782e+00
6.05            	1.68064410e+00
6.1             	1.68059411e+00
6.15            	1.68054765e+00
6.2             	1.68050453e+00
6.25            	1.68046458e+00
6.3             	1.68042760e+00
6.35            	1.68039344e+00
6.4             	1.68036195e+00
6.45            	1.68033297e+00
6.5             	1.68030383e+00
6.55            	1.68028141e+00
6.6             	1.68025962e+00
6.65            	1.68023875e+00
6.7             	1.68022076e+00
6.75            	1.68020421e+00
6.8             	1.68018899e+00
6.85            	1.68017583e+00
6.9             	1.68016391e+00
6.95            	1.68015313e+00
7               	1.68014411e+00
7.05            	1.68013607e+00
7.1             	1.68012869e+00
7.15            	1.68012366e+00
7.2             	1.68011797e+00
7.25            	1.68011426e+00
7.3             	1.68011154e+00
7.35            	1.68010893e+00
7.4             	1.68010722e+00
7.45            	1.68010669e+00
7.5             	1.68010616e+00
7.55            	1.68010687e+00
7.6             	1.68010749e+00
7.65            	1.68010916e+00
7.7             	1.68011079e+00
7.75            	1.68011391e+00
7.8             	1.68011521e+00
7.85            	1.68011995e+00
7.9             	1.68012229e+00
7.95            	1.68012629e+00
8               	1.68013001e+00
8.05            	1.68013423e+00
8.1             	1.68013878e+00
8.15            	1.68014295e+00
8.2             	1.68014793e+00
8.25            	1.68015287e+00
8.3             	1.68015739e+00
8.35            	1.68016273e+00
8.4             	1.68016785e+00
8.45            	1.68017257e+00
8.5             	1.68017801e+00
8.55            	1.68018307e+00
8.6             	1.68018805e+00
8.65            	1.68019338e+00
8.7             	1.68019829e+00
8.75            	1.68020326e+00
8.8             	1.68020839e+00
8.85            	1.68021309e+00
8.9             	1.68021792e+00
8.95            	1.68022276e+00
9               	1.68022718e+00
9.05            	1.68023177e+00
9.1             	1.68023625e+00
9.15            	1.68024034e+00
9.2             	1.68024461e+00
9.25            	1.68024869e+00
9.3             	1.68025242e+00
9.35            	1.68025632e+00
9.4             	1.68025632e+00
9.45            	1.68026767e+00
9.5             	1.68026688e+00
9.55            	1.68026873e+00
9.6             	1.68027367e+00
9.65            	1.68027559e+00
9.7             	1.68027559e+00
9.75            	1.68028565e+00
9.8             	1.68028452e+00
9.85            	1.68028533e+00
9.9             	1.68028909e+00
9.95            	1.68028909e+00
10              	1.68029487e+00
10.05           	1.68029512e+00
10.1            	1.68029638e+00
10.15           	1.68029869e+00
10.2            	1.68029869e+00
10.25           	1.68030316e+00
10.3            	1.68030315e+00
10.35           	1.68030408e+00
10.4            	1.68030408e+00
10.45           	1.68030837e+00
10.5            	1.68030835e+00
10.55           	1.68030852e+00
10.6            	1.68030852e+00
10.65           	1.68031139e+00
10.7            	1.68031167e+00
10.75           	1.68031167e+00
10.8            	1.68031272e+00
10.85           	1.68031346e+00
10.9            	1.68031406e+00
10.95           	1.68031406e+00
11              	1.68031518e+00
11.05           	1.68031551e+00
11.1            	1.68031551e+00
11.15           	1.68031610e+00
11.2            	1.68031610e+00
11.25           	1.68031686e+00
11.3            	1.68031721e+00
11.35           	1.68031737e+00
11.4            	1.68031737e+00
11.45           	1.68031761e+00
11.5            	1.68031761e+00
11.55           	1.68031802e+00
11.6            	1.68031827e+00
11.65           	1.68031827e+00
11.7            	1.68031842e+00
11.75           	1.68031843e+00
11.8            	1.68031858e+00
11.85           	1.68031858e+00
11.9            	1.68031876e+00
11.95           	1.68031876e+00
12              	1.68031876e+00
12.05           	1.68031876e+00
12.1            	1.68031898e+00
12.15           	1.68031898e+00
12.2            	1.68031900e+00
12.25           	1.68031900e+00
12.3            	1.68031900e+00
12.35           	1.68031900e+00
12.4            	1.68031919e+00
12.45           	1.68031919e+00
12.5            	1.68031919e+00
12.55           	1.68031919e+00
12.6            	1.68031919e+00
12.65           	1.68031919e+00
12.7            	1.68031919e+00
12.75           	1.68031918e+00
12.8            	1.68031918e+00
12.85           	1.68031917e+00
12.9            	1.68031917e+00
12.95           	1.68031917e+00
13              	1.68031917e+00
13.05           	1.68031917e+00
13.1            	1.68031917e+00
13.15           	1.68031917e+00
13.2            	1.68031917e+00
13.25           	1.68031917e+00
13.3            	1.68031917e+00
13.35           	1.68031917e+00
13.4            	1.68031918e+00
13.45           	1.68031918e+00
13.5            	1.68031918e+00
13.55           	1.68031917e+00
13.6            	1.68031917e+00
13.65           	1.68031917e+00
13.7            	1.68031918e+00
13.75           	1.68031918e+00
13.8            	1.68031918e+00
13.85           	1.68031918e+00
13.9            	1.68031933e+00
13.95           	1.68031933e+00
14              	1.68031933e+00
14.05           	1.68031933e+00
14.1            	1.68031921e+00
14.15           	1.68031921e+00
14.2            	1.68031921e+00
14.25           	1.68031921e+00
14.3            	1.68031921e+00
14.35           	1.68031920e+00
14.4            	1.68031920e+00
14.45           	1.68031920e+00
14.5            	1.68031919e+00
14.55           	1.68031919e+00
14.6            	1.68031919e+00
14.65           	1.68031919e+00
14.7            	1.68031919e+00
14.75           	1.68031918e+00
14.8            	1.68031918e+00
14.85           	1.68031918e+00
14.9            	1.68031918e+00
14.95           	1.68031918e+00
15              	1.68031918e+00
15.05           	1.68031918e+00
15.1            	1.68031918e+00
15.15           	1.68031919e+00
15.2            	1.68031919e+00
15.25           	1.68031919e+00
15.3            	1.68031919e+00
15.35           	1.68031919e+00
15.4            	1.68031919e+00
15.45           	1.68031919e+00
15.5            	1.68031919e+00
15.55           	1.68031919e+00
15.6            	1.68031919e+00
15.65           	1.68031919e+00
15.7            	1.68031920e+00
15.75           	1.68031920e+00
15.8            	1.68031920e+00
15.85           	1.68031920e+00
15.9            	1.68031920e+00
15.95           	1.68031921e+00
16              	1.68031921e+00
16.05           	1.68031921e+00
16.1            	1.68031921e+00
16.15           	1.68031921e+00
16.2            	1.68031921e+00
16.25           	1.68031921e+00
16.3            	1.68031921e+00
16.35           	1.68031921e+00
16.4            	1.68031921e+00
16.45           	1.68031924e+00
16.5            	1.68031924e+00
16.55           	1.68031924e+00
16.6            	1.68031924e+00
16.65           	1.68031924e+00
16.7            	1.68031924e+00
16.75           	1.68031924e+00
16.8            	1.68031924e+00
16.85           	1.68031924e+00
16.9            	1.68031924e+00
16.95           	1.68031913e+00
17              	1.68031913e+00
17.05           	1.68031913e+00
17.1            	1.68031913e+00
17.15           	1.68031909e+00
17.2            	1.68031908e+00
17.25           	1.68031908e+00
17.3            	1.68031908e+00
17.35           	1.68031939e+00
17.4            	1.68031939e+00
17.45           	1.68031939e+00
17.5            	1.68031939e+00
17.55           	1.68031939e+00
17.6            	1.68031939e+00
17.65           	1.68031904e+00
17.7            	1.68031904e+00
17.75           	1.68031901e+00
17.8            	1.68031901e+00
17.85           	1.68031901e+00
17.9            	1.68031925e+00
17.95           	1.68031925e+00
18              	1.68031925e+00
18.05           	1.68031925e+00
18.1            	1.68031925e+00
18.15           	1.68031925e+00
18.2            	1.68031928e+00
18.25           	1.68031928e+00
18.3            	1.68031928e+00
18.35           	1.68031928e+00
18.4            	1.68031928e+00
18.45           	1.68031928e+00
18.5            	1.68031928e+00
18.55           	1.68031928e+00
18.6            	1.68031901e+00
18.65           	1.68031900e+00
18.7            	1.68031900e+00
18.75           	1.68031900e+00
18.8            	1.68031915e+00
18.85           	1.68031915e+00
18.9            	1.68031934e+00
18.95           	1.68031939e+00
19              	1.68031939e+00
19.05           	1.68031939e+00
19.1            	1.68031917e+00
19.15           	1.68031917e+00
19.2            	1.68031917e+00
19.25           	1.68031917e+00
19.3            	1.68031917e+00
19.35           	1.68031917e+00
19.4            	1.68031917e+00
19.45           	1.68031917e+00
19.5            	1.68031917e+00
19.55           	1.68031917e+00
19.6            	1.68031917e+00
19.65           	1.68031917e+00
19.7            	1.68031917e+00
19.75           	1.68031918e+00
19.8            	1.68031918e+00
19.85           	1.68031918e+00
19.9            	1.68031918e+00
19.95           	1.68031918e+00
20              	1.68031918e+00
