# Selection     : patch(outlet)
# Faces         : 10
# Area          : 1.00000000e-01
# Time          	max(U)	max(p)
0               	(0.00000000e+00 0.00000000e+00 0.00000000e+00)	0.00000000e+00
0.05            	(1.01775435e+00 2.73881599e-04 0.00000000e+00)	0.00000000e+00
0.1             	(1.03791070e+00 1.77116883e-03 0.00000000e+00)	0.00000000e+00
0.15            	(1.05296094e+00 1.62230956e-03 0.00000000e+00)	0.00000000e+00
0.2             	(1.06780349e+00 1.26439683e-03 0.00000000e+00)	0.00000000e+00
0.25            	(1.08209594e+00 9.20279579e-04 0.00000000e+00)	0.00000000e+00
0.3             	(1.09574550e+00 6.45855243e-04 0.00000000e+00)	0.00000000e+00
0.35            	(1.10875786e+00 4.44765618e-04 0.00000000e+00)	0.00000000e+00
0.4             	(1.12117009e+00 3.08880597e-04 0.00000000e+00)	0.00000000e+00
0.45            	(1.13302792e+00 2.22988727e-04 0.00000000e+00)	0.00000000e+00
0.5             	(1.14437595e+00 1.81101953e-04 0.00000000e+00)	0.00000000e+00
0.55            	(1.15525633e+00 1.51232991e-04 0.00000000e+00)	0.00000000e+00
0.6             	(1.16570548e+00 1.29618768e-04 0.00000000e+00)	0.00000000e+00
0.65            	(1.17575621e+00 1.14645967e-04 0.00000000e+00)	0.00000000e+00
0.7             	(1.18543738e+00 1.04888968e-04 0.00000000e+00)	0.00000000e+00
0.75            	(1.19477427e+00 9.49867295e-05 0.00000000e+00)	0.00000000e+00
0.8             	(1.20378909e+00 8.42793719e-05 0.00000000e+00)	0.00000000e+00
0.85            	(1.21250119e+00 7.28313843e-05 0.00000000e+00)	0.00000000e+00
0.9             	(1.22092747e+00 6.11530772e-05 0.00000000e+00)	0.00000000e+00
0.95            	(1.22908256e+00 4.99163435e-05 0.00000000e+00)	0.00000000e+00
1               	(1.23697930e+00 3.96453948e-05 0.00000000e+00)	0.00000000e+00
1.05            	(1.24462895e+00 3.07440306e-05 0.00000000e+00)	0.00000000e+00
1.1             	(1.25204153e+00 2.32518426e-05 0.00000000e+00)	0.00000000e+00
1.15            	(1.25922582e+00 1.72487259e-05 0.00000000e+00)	0.00000000e+00
1.2             	(1.26618985e+00 1.26416642e-05 0.00000000e+00)	0.00000000e+00
1.25            	(1.27294091e+00 9.37293575e-06 0.00000000e+00)	0.00000000e+00
1.3             	(1.27948562e+00 7.26918884e-06 0.00000000e+00)	0.00000000e+00
1.35            	(1.28583020e+00 5.78298298e-06 0.00000000e+00)	0.00000000e+00
1.4             	(1.29198050e+00 4.73971506e-06 0.00000000e+00)	0.00000000e+00
1.45            	(1.29794205e+00 3.99879866e-06 0.00000000e+00)	0.00000000e+00
1.5             	(1.30372009e+00 3.45408485e-06 0.00000000e+00)	0.00000000e+00
1.55            	(1.30931969e+00 3.03024755e-06 0.00000000e+00)	0.00000000e+00
1.6             	(1.31474571e+00 2.67817646e-06 0.00000000e+00)	0.00000000e+00
1.65            	(1.32000284e+00 2.36959089e-06 0.00000000e+00)	0.00000000e+00
1.7             	(1.32509564e+00 2.09185469e-06 0.00000000e+00)	0.00000000e+00
1.75            	(1.33002854e+00 1.84190211e-06 0.00000000e+00)	0.00000000e+00
1.8             	(1.33480587e+00 1.61617472e-06 0.00000000e+00)	0.00000000e+00
1.85            	(1.33943183e+00 1.41377663e-06 0.00000000e+00)	0.00000000e+00
1.9             	(1.34391053e+00 1.23447673e-06 0.00000000e+00)	0.00000000e+00
1.95            	(1.34824600e+00 1.07986497e-06 0.00000000e+00)	0.00000000e+00
2               	(1.35244219e+00 9.49003646e-07 0.00000000e+00)	0.00000000e+00
2.05            	(1.35650278e+00 8.41406077e-07 0.00000000e+00)	0.00000000e+00
2.1             	(1.36043189e+00 7.54401156e-07 0.00000000e+00)	0.00000000e+00
2.15            	(1.36423307e+00 6.85037125e-07 0.00000000e+00)	0.00000000e+00
2.2             	(1.36790994e+00 6.30304514e-07 0.00000000e+00)	0.00000000e+00
2.25            	(1.37146606e+00 5.87094743e-07 0.00000000e+00)	0.00000000e+00
2.3             	(1.37490494e+00 5.52488749e-07 0.00000000e+00)	0.00000000e+00
2.35            	(1.37822998e+00 5.24058692e-07 0.00000000e+00)	0.00000000e+00
2.4             	(1.38144455e+00 4.99857419e-07 0.00000000e+00)	0.00000000e+00
2.45            	(1.38455192e+00 4.78423387e-07 0.00000000e+00)	0.00000000e+00
2.5             	(1.38755531e+00 4.58713877e-07 0.00000000e+00)	0.00000000e+00
2.55            	(1.39045785e+00 4.40033330e-07 0.00000000e+00)	0.00000000e+00
2.6             	(1.39326262e+00 4.21988573e-07 0.00000000e+00)	0.00000000e+00
2.65            	(1.39597263e+00 4.04381238e-07 0.00000000e+00)	0.00000000e+00
2.7             	(1.39859079e+00 3.87155271e-07 0.00000000e+00)	0.00000000e+00
2.75            	(1.40111997e+00 3.70327326e-07 0.00000000e+00)	0.00000000e+00
2.8             	(1.40356297e+00 3.53956148e-07 0.00000000e+00)	0.00000000e+00
2.85            	(1.40592250e+00 3.38121999e-07 0.00000000e+00)	0.00000000e+00
2.9             	(1.40820122e+00 3.22889297e-07 0.00000000e+00)	0.00000000e+00
2.95            	(1.41040171e+00 3.09908855e-07 0.00000000e+00)	0.00000000e+00
3               	(1.41252649e+00 2.98144726e-07 0.00000000e+00)	0.00000000e+00
3.05            	(1.41457800e+00 2.86910666e-07 0.00000000e+00)	0.00000000e+00
3.1             	(1.41655862e+00 2.75900609e-07 0.00000000e+00)	0.00000000e+00
3.15            	(1.41847067e+00 2.65015829e-07 0.00000000e+00)	0.00000000e+00
3.2             	(1.42031641e+00 2.54236447e-07 0.00000000e+00)	0.00000000e+00
3.25            	(1.42209802e+00 2.43604908e-07 0.00000000e+00)	0.00000000e+00
3.3             	(1.42381762e+00 2.33193604e-07 0.00000000e+00)	0.00000000e+00
3.35            	(1.42547728e+00 2.23083632e-07 0.00000000e+00)	0.00000000e+00
3.4             	(1.42707900e+00 2.13339092e-07 0.00000000e+00)	0.00000000e+00
3.45            	(1.42862472e+00 2.04024549e-07 0.00000000e+00)	0.00000000e+00
3.5             	(1.43011633e+00 1.95183241e-07 0.00000000e+00)	0.00000000e+00
3.55            	(1.43155565e+00 1.86836806e-07 0.00000000e+00)	0.00000000e+00
3.6             	(1.43294445e+00 1.78976197e-07 0.00000000e+00)	0.00000000e+00
3.65            	(1.43428446e+00 1.71582130e-07 0.00000000e+00)	0.00000000e+00
3.7             	(1.43557732e+00 1.64626590e-07 0.00000000e+00)	0.00000000e+00
3.75            	(1.43682466e+00 1.58075602e-07 0.00000000e+00)	0.00000000e+00
3.8             	(1.43802803e+00 1.51900890e-07 0.00000000e+00)	0.00000000e+00
3.85            	(1.43918894e+00 1.46056682e-07 0.00000000e+00)	0.00000000e+00
3.9             	(1.44030904e+00 1.32875372e-07 0.00000000e+00)	0.00000000e+00
3.95            	(1.44138935e+00 1.22145905e-07 0.00000000e+00)	0.00000000e+00
4               	(1.44243143e+00 1.10201509e-07 0.00000000e+00)	0.00000000e+00
4.05            	(1.44343662e+00 9.83663209e-08 0.00000000e+00)	0.00000000e+00
4.1             	(1.44440620e+00 8.49336255e-08 0.00000000e+00)	0.00000000e+00
4.15            	(1.44534141e+00 7.06097576e-08 0.00000000e+00)	0.00000000e+00
4.2             	(1.44624345e+00 5.61791264e-08 0.00000000e+00)	0.00000000e+00
4.25            	(1.44711347e+00 4.55897330e-08 0.00000000e+00)	0.00000000e+00
4.3             	(1.44795259e+00 4.22524091e-08 0.00000000e+00)	0.00000000e+00
4.35            	(1.44876190e+00 3.89572680e-08 0.00000000e+00)	0.00000000e+00
4.4             	(1.44954243e+00 3.57739452e-08 0.00000000e+00)	0.00000000e+00
4.45            	(1.45029520e+00 3.27110687e-08 0.00000000e+00)	0.00000000e+00
4.5             	(1.45102118e+00 2.98532849e-08 0.00000000e+00)	0.00000000e+00
4.55            	(1.45172131e+00 2.73702701e-08 0.00000000e+00)	0.00000000e+00
4.6             	(1.45239650e+00 2.61284545e-08 0.00000000e+00)	0.00000000e+00
4.65            	(1.45304763e+00 2.72720335e-08 0.00000000e+00)	0.00000000e+00
4.7             	(1.45367555e+00 2.77100849e-08 0.00000000e+00)	0.00000000e+00
4.75            	(1.45428108e+00 2.76435318e-08 0.00000000e+00)	0.00000000e+00
4.8             	(1.45486500e+00 2.72399139e-08 0.00000000e+00)	0.00000000e+00
4.85            	(1.45542809e+00 2.67438416e-08 0.00000000e+00)	0.00000000e+00
4.9             	(1.45597108e+00 2.63368087e-08 0.00000000e+00)	0.00000000e+00
4.95            	(1.45649467e+00 2.57458338e-08 0.00000000e+00)	0.00000000e+00
5               	(1.45699957e+00 2.50338778e-08 0.00000000e+00)	0.00000000e+00
5.05            	(1.45748642e+00 2.42471304e-08 0.00000000e+00)	0.00000000e+00
5.1             	(1.45795588e+00 2.34175211e-08 0.00000000e+00)	0.00000000e+00
5.15            	(1.45840856e+00 2.25692876e-08 0.00000000e+00)	0.00000000e+00
5.2             	(1.45884506e+00 2.17183531e-08 0.00000000e+00)	0.00000000e+00
5.25            	(1.45926594e+00 2.08778891e-08 0.00000000e+00)	0.00000000e+00
5.3             	(1.45967178e+00 2.00552483e-08 0.00000000e+00)	0.00000000e+00
5.35            	(1.46006309e+00 1.92549403e-08 0.00000000e+00)	0.00000000e+00
5.4             	(1.46044040e+00 1.84796517e-08 0.00000000e+00)	0.00000000e+00
5.45            	(1.46080421e+00 1.85284192e-08 0.00000000e+00)	0.00000000e+00
5.5             	(1.46115500e+00 1.93825979e-08 0.00000000e+00)	0.00000000e+00
5.55            	(1.46149323e+00 2.04033105e-08 0.00000000e+00)	0.00000000e+00
5.6             	(1.46181936e+00 2.09666637e-08 0.00000000e+00)	0.00000000e+00
5.65            	(1.46213381e+00 2.10179351e-08 0.00000000e+00)	0.00000000e+00
5.7             	(1.46243700e+00 2.05566247e-08 0.00000000e+00)	0.00000000e+00
5.75            	(1.46272933e+00 1.96339385e-08 0.00000000e+00)	0.00000000e+00
5.8             	(1.46301118e+00 1.83307863e-08 0.00000000e+00)	0.00000000e+00
5.85            	(1.46328294e+00 1.71680509e-08 0.00000000e+00)	0.00000000e+00
5.9             	(1.46354497e+00 1.60279312e-08 0.00000000e+00)	0.00000000e+00
5.95            	(1.46379760e+00 1.47753309e-08 0.00000000e+00)	0.00000000e+00
6               	(1.46404118e+00 1.34620862e-08 0.00000000e+00)	0.00000000e+00
6.05            	(1.46427603e+00 1.21253176e-08 0.00000000e+00)	0.00000000e+00
6.1             	(1.46450247e+00 1.07903560e-08 0.00000000e+00)	0.00000000e+00
6.15            	(1.46472078e+00 9.47861038e-09 0.00000000e+00)	0.00000000e+00
6.2             	(1.46493127e+00 8.18668723e-09 0.00000000e+00)	0.00000000e+00
6.25            	(1.46513422e+00 6.90475368e-09 0.00000000e+00)	0.00000000e+00
6.3             	(1.46532988e+00 8.67327804e-09 0.00000000e+00)	0.00000000e+00
6.35            	(1.46551854e+00 1.13685740e-08 0.00000000e+00)	0.00000000e+00
6.4             	(1.46570042e+00 1.46097838e-08 0.00000000e+00)	0.00000000e+00
6.45            	(1.46587578e+00 1.86647546e-08 0.00000000e+00)	0.00000000e+00
6.5             	(1.46604455e+00 3.66327686e-08 0.00000000e+00)	0.00000000e+00
6.55            	(1.46620774e+00 4.82892631e-08 0.00000000e+00)	0.00000000e+00
6.6             	(1.46636487e+00 5.57936593e-08 0.00000000e+00)	0.00000000e+00
6.65            	(1.46651636e+00 8.03952082e-08 0.00000000e+00)	0.00000000e+00
6.7             	(1.46666255e+00 9.44132343e-08 0.00000000e+00)	0.00000000e+00
6.75            	(1.46680334e+00 1.11228131e-07 0.00000000e+00)	0.00000000e+00
6.8             	(1.46693912e+00 1.42094041e-07 0.00000000e+00)	0.00000000e+00
6.85            	(1.46707011e+00 1.55316757e-07 0.00000000e+00)	0.00000000e+00
6.9             	(1.46719621e+00 1.87243335e-07 0.00000000e+00)	0.00000000e+00
6.95            	(1.46731794e+00 2.21072787e-07 0.00000000e+00)	0.00000000e+00
7               	(1.46743526e+00 2.41403754e-07 0.00000000e+00)	0.00000000e+00
7.05            	(1.46754818e+00 2.97846407e-07 0.00000000e+00)	0.00000000e+00
7.1             	(1.46765736e+00 3.32267770e-07 0.00000000e+00)	0.00000000e+00
7.15            	(1.46776229e+00 3.78621168e-07 0.00000000e+00)	0.00000000e+00
7.2             	(1.46786351e+00 4.61354616e-07 0.00000000e+00)	0.00000000e+00
7.25            	(1.46796134e+00 4.99432516e-07 0.00000000e+00)	0.00000000e+00
7.3             	(1.46805532e+00 5.81489667e-07 0.00000000e+00)	0.00000000e+00
7.35            	(1.46814584e+00 6.73192558e-07 0.00000000e+00)	0.00000000e+00
7.4             	(1.46823325e+00 7.68931946e-07 0.00000000e+00)	0.00000000e+00
7.45            	(1.46831738e+00 8.87988578e-07 0.00000000e+00)	0.00000000e+00
7.5             	(1.46839857e+00 1.01019477e-06 0.00000000e+00)	0.00000000e+00
7.55            	(1.46847665e+00 1.15994395e-06 0.00000000e+00)	0.00000000e+00
7.6             	(1.46855195e+00 1.32586818e-06 0.00000000e+00)	0.00000000e+00
7.65            	(1.46862453e+00 1.49388621e-06 0.00000000e+00)	0.00000000e+00
7.7             	(1.46869435e+00 1.69709394e-06 0.00000000e+00)	0.00000000e+00
7.75            	(1.46876148e+00 1.91734774e-06 0.00000000e+00)	0.00000000e+00
7.8             	(1.46882624e+00 2.15665413e-06 0.00000000e+00)	0.00000000e+00
7.85            	(1.46888851e+00 2.42232673e-06 0.00000000e+00)	0.00000000e+00
7.9             	(1.46894853e+00 2.70318650e-06 0.00000000e+00)	0.00000000e+00
7.95            	(1.46900615e+00 3.01826171e-06 0.00000000e+00)	0.00000000e+00
8               	(1.46906167e+00 3.35792380e-06 0.00000000e+00)	0.00000000e+00
8.05            	(1.46911509e+00 3.70756564e-06 0.00000000e+00)	0.00000000e+00
8.1             	(1.46916625e+00 4.11273637e-06 0.00000000e+00)	0.00000000e+00
8.15            	(1.46921567e+00 4.52165558e-06 0.00000000e+00)	0.00000000e+00
8.2             	(1.46926299e+00 4.95645778e-06 0.00000000e+00)	0.00000000e+00
8.25            	(1.46930837e+00 5.44817053e-06 0.00000000e+00)	0.00000000e+00
8.3             	(1.46935217e+00 5.93078315e-06 0.00000000e+00)	0.00000000e+00
8.35            	(1.46939396e+00 6.45639110e-06 0.00000000e+00)	0.00000000e+00
8.4             	(1.46943409e+00 7.02763972e-06 0.00000000e+00)	0.00000000e+00
8.45            	(1.46947271e+00 7.58992920e-06 0.00000000e+00)	0.00000000e+00
8.5             	(1.46950951e+00 8.20142388e-06 0.00000000e+00)	0.00000000e+00
8.55            	(1.46954483e+00 8.84698988e-06 0.00000000e+00)	0.00000000e+00
8.6             	(1.46957873e+00 9.48765072e-06 0.00000000e+00)	0.00000000e+00
8.65            	(1.46961098e+00 1.01757676e-05 0.00000000e+00)	0.00000000e+00
8.7             	(1.46964191e+00 1.08884444e-05 0.00000000e+00)	0.00000000e+00
8.75            	(1.46967150e+00 1.15990267e-05 0.00000000e+00)	0.00000000e+00
8.8             	(1.46969961e+00 1.23516563e-05 0.00000000e+00)	0.00000000e+00
8.85            	(1.46972653e+00 1.31203712e-05 0.00000000e+00)	0.00000000e+00
8.9             	(1.46975221e+00 1.38875261e-05 0.00000000e+00)	0.00000000e+00
8.95            	(1.46977656e+00 1.46895876e-05 0.00000000e+00)	0.00000000e+00
9               	(1.46979983e+00 1.54996678e-05 0.00000000e+00)	0.00000000e+00
9.05            	(1.46982196e+00 1.63067487e-05 0.00000000e+00)	0.00000000e+00
9.1             	(1.46984290e+00 1.71407741e-05 0.00000000e+00)	0.00000000e+00
9.15            	(1.46986287e+00 1.79750307e-05 0.00000000e+00)	0.00000000e+00
9.2             	(1.46988179e+00 1.88034601e-05 0.00000000e+00)	0.00000000e+00
9.25            	(1.46989966e+00 1.96506173e-05 0.00000000e+00)	0.00000000e+00
9.3             	(1.46991665e+00 2.04906373e-05 0.00000000e+00)	0.00000000e+00
9.35            	(1.46993271e+00 2.13212522e-05 0.00000000e+00)	0.00000000e+00
9.4             	(1.46994788e+00 2.21535816e-05 0.00000000e+00)	0.00000000e+00
9.45            	(1.46996209e+00 2.29915341e-05 0.00000000e+00)	0.00000000e+00
9.5             	(1.46997565e+00 2.38124158e-05 0.00000000e+00)	0.00000000e+00
9.55            	(1.46998835e+00 2.46107243e-05 0.00000000e+00)	0.00000000e+00
9.6             	(1.47000027e+00 2.54143264e-05 0.00000000e+00)	0.00000000e+00
9.65            	(1.47001152e+00 2.62043878e-05 0.00000000e+00)	0.00000000e+00
9.7             	(1.47002199e+00 2.70020316e-05 0.00000000e+00)	0.00000000e+00
9.75            	(1.47003205e+00 2.77280234e-05 0.00000000e+00)	0.00000000e+00
9.8             	(1.47004127e+00 2.84722154e-05 0.00000000e+00)	0.00000000e+00
9.85            	(1.47004990e+00 2.92021304e-05 0.00000000e+00)	0.00000000e+00
9.9             	(1.47005803e+00 2.98960847e-05 0.00000000e+00)	0.00000000e+00
9.95            	(1.47006553e+00 3.05776777e-05 0.00000000e+00)	0.00000000e+00
10              	(1.47007263e+00 3.12221512e-05 0.00000000e+00)	0.00000000e+00
10.05           	(1.47007913e+00 3.18676093e-05 0.00000000e+00)	0.00000000e+00
10.1            	(1.47008524e+00 3.24792680e-05 0.00000000e+00)	0.00000000e+00
10.15           	(1.47009094e+00 3.30607499e-05 0.00000000e+00)	0.00000000e+00
10.2            	(1.47009617e+00 3.36175363e-05 0.00000000e+00)	0.00000000e+00
10.25           	(1.47010102e+00 3.41678307e-05 0.00000000e+00)	0.00000000e+00
10.3            	(1.47010552e+00 3.46924100e-05 0.00000000e+00)	0.00000000e+00
10.35           	(1.47010969e+00 3.51805139e-05 0.00000000e+00)	0.00000000e+00
10.4            	(1.47011347e+00 3.56500833e-05 0.00000000e+00)	0.00000000e+00
10.45           	(1.47011710e+00 3.60895709e-05 0.00000000e+00)	0.00000000e+00
10.5            	(1.47012032e+00 3.65250409e-05 0.00000000e+00)	0.00000000e+00
10.55           	(1.47012333e+00 3.69295672e-05 0.00000000e+00)	0.00000000e+00
10.6            	(1.47012599e+00 3.73235337e-05 0.00000000e+00)	0.00000000e+00
10.65           	(1.47012865e+00 3.76671800e-05 0.00000000e+00)	0.00000000e+00
10.7            	(1.47013091e+00 3.80125220e-05 0.00000000e+00)	0.00000000e+00
10.75           	(1.47013301e+00 3.83341156e-05 0.00000000e+00)	0.00000000e+00
10.8            	(1.47013489e+00 3.86519793e-05 0.00000000e+00)	0.00000000e+00
10.85           	(1.47013667e+00 3.89255740e-05 0.00000000e+00)	0.00000000e+00
10.9            	(1.47013825e+00 3.91782789e-05 0.00000000e+00)	0.00000000e+00
10.95           	(1.47013968e+00 3.94027195e-05 0.00000000e+00)	0.00000000e+00
11              	(1.47014096e+00 3.96342423e-05 0.00000000e+00)	0.00000000e+00
11.05           	(1.47014215e+00 3.98402639e-05 0.00000000e+00)	0.00000000e+00
11.1            	(1.47014321e+00 4.00422928e-05 0.00000000e+00)	0.00000000e+00
11.15           	(1.47014425e+00 4.02059767e-05 0.00000000e+00)	0.00000000e+00
11.2            	(1.47014511e+00 4.03619093e-05 0.00000000e+00)	0.00000000e+00
11.25           	(1.47014594e+00 4.05072697e-05 0.00000000e+00)	0.00000000e+00
11.3            	(1.47014663e+00 4.06587106e-05 0.00000000e+00)	0.00000000e+00
11.35           	(1.47014728e+00 4.07958326e-05 0.00000000e+00)	0.00000000e+00
11.4            	(1.47014783e+00 4.09337811e-05 0.00000000e+00)	0.00000000e+00
11.45           	(1.47014841e+00 4.10360013e-05 0.00000000e+00)	0.00000000e+00
11.5            	(1.47014885e+00 4.11290178e-05 0.00000000e+00)	0.00000000e+00
11.55           	(1.47014925e+00 4.12174813e-05 0.00000000e+00)	0.00000000e+00
11.6            	(1.47014959e+00 4.13116243e-05 0.00000000e+00)	0.00000000e+00
11.65           	(1.47014994e+00 4.13983716e-05 0.00000000e+00)	0.00000000e+00
11.7            	(1.47015021e+00 4.14793248e-05 0.00000000e+00)	0.00000000e+00
11.75           	(1.47015049e+00 4.15341464e-05 0.00000000e+00)	0.00000000e+00
11.8            	(1.47015070e+00 4.15823338e-05 0.00000000e+00)	0.00000000e+00
11.85           	(1.47015090e+00 4.16107977e-05 0.00000000e+00)	0.00000000e+00
11.9            	(1.47015101e+00 4.16593544e-05 0.00000000e+00)	0.00000000e+00
11.95           	(1.47015118e+00 4.16983311e-05 0.00000000e+00)	0.00000000e+00
12              	(1.47015129e+00 4.17380214e-05 0.00000000e+00)	0.00000000e+00
12.05           	(1.47015145e+00 4.17549157e-05 0.00000000e+00)	0.00000000e+00
12.1            	(1.47015156e+00 4.17702846e-05 0.00000000e+00)	0.00000000e+00
12.15           	(1.47015168e+00 4.17724374e-05 0.00000000e+00)	0.00000000e+00
12.2            	(1.47015170e+00 4.18039995e-05 0.00000000e+00)	0.00000000e+00
12.25           	(1.47015176e+00 4.18290955e-05 0.00000000e+00)	0.00000000e+00
12.3            	(1.47015182e+00 4.18666157e-05 0.00000000e+00)	0.00000000e+00
12.35           	(1.47015194e+00 4.18757869e-05 0.00000000e+00)	0.00000000e+00
12.4            	(1.47015202e+00 4.18870250e-05 0.00000000e+00)	0.00000000e+00
12.45           	(1.47015207e+00 4.18863193e-05 0.00000000e+00)	0.00000000e+00
12.5            	(1.47015205e+00 4.19116797e-05 0.00000000e+00)	0.00000000e+00
12.55           	(1.47015204e+00 4.19370760e-05 0.00000000e+00)	0.00000000e+00
12.6            	(1.47015210e+00 4.19452208e-05 0.00000000e+00)	0.00000000e+00
12.65           	(1.47015209e+00 4.19622154e-05 0.00000000e+00)	0.00000000e+00
12.7            	(1.47015218e+00 4.19506019e-05 0.00000000e+00)	0.00000000e+00
12.75           	(1.47015218e+00 4.19654650e-05 0.00000000e+00)	0.00000000e+00
12.8            	(1.47015224e+00 4.19712245e-05 0.00000000e+00)	0.00000000e+00
12.85           	(1.47015217e+00 4.20065012e-05 0.00000000e+00)	0.00000000e+00
12.9            	(1.47015219e+00 4.20131640e-05 0.00000000e+00)	0.00000000e+00
12.95           	(1.47015215e+00 4.20244660e-05 0.00000000e+00)	0.00000000e+00
13              	(1.47015222e+00 4.19993427e-05 0.00000000e+00)	0.00000000e+00
13.05           	(1.47015221e+00 4.19987956e-05 0.00000000e+00)	0.00000000e+00
13.1            	(1.47015223e+00 4.19934961e-05 0.00000000e+00)	0.00000000e+00
13.15           	(1.47015220e+00 4.20073543e-05 0.00000000e+00)	0.00000000e+00
13.2            	(1.47015217e+00 4.20303579e-05 0.00000000e+00)	0.00000000e+00
13.25           	(1.47015225e+00 4.20087721e-05 0.00000000e+00)	0.00000000e+00
13.3            	(1.47015223e+00 4.20111238e-05 0.00000000e+00)	0.00000000e+00
13.35           	(1.47015224e+00 4.19997259e-05 0.00000000e+00)	0.00000000e+00
13.4            	(1.47015220e+00 4.20086691e-05 0.00000000e+00)	0.00000000e+00
13.45           	(1.47015222e+00 4.20084148e-05 0.00000000e+00)	0.00000000e+00
13.5            	(1.47015222e+00 4.20026765e-05 0.00000000e+00)	0.00000000e+00
13.55           	(1.47015223e+00 4.19945817e-05 0.00000000e+00)	0.00000000e+00
13.6            	(1.47015221e+00 4.19960599e-05 0.00000000e+00)	0.00000000e+00
13.65           	(1.47015224e+00 4.19846761e-05 0.00000000e+00)	0.00000000e+00
13.7            	(1.47015221e+00 4.19934277e-05 0.00000000e+00)	0.00000000e+00
13.75           	(1.47015221e+00 4.19882518e-05 0.00000000e+00)	0.00000000e+00
13.8            	(1.47015221e+00 4.19892790e-05 0.00000000e+00)	0.00000000e+00
13.85           	(1.47015222e+00 4.19948605e-05 0.00000000e+00)	0.00000000e+00
13.9            	(1.47015226e+00 4.19865308e-05 0.00000000e+00)	0.00000000e+00
13.95           	(1.47015227e+00 4.19957978e-05 0.00000000e+00)	0.00000000e+00
14              	(1.47015229e+00 4.19970553e-05 0.00000000e+00)	0.00000000e+00
14.05           	(1.47015224e+00 4.20147545e-05 0.00000000e+00)	0.00000000e+00
14.1            	(1.47015223e+00 4.20174628e-05 0.00000000e+00)	0.00000000e+00
14.15           	(1.47015219e+00 4.20246243e-05 0.00000000e+00)	0.00000000e+00
14.2            	(1.47015222e+00 4.20070137e-05 0.00000000e+00)	0.00000000e+00
14.25           	(1.47015222e+00 4.20026771e-05 0.00000000e+00)	0.00000000e+00
14.3            	(1.47015223e+00 4.19947269e-05 0.00000000e+00)	0.00000000e+00
14.35           	(1.47015222e+00 4.20004531e-05 0.00000000e+00)	0.00000000e+00
14.4            	(1.47015223e+00 4.20023169e-05 0.00000000e+00)	0.00000000e+00
14.45           	(1.47015222e+00 4.20064189e-05 0.00000000e+00)	0.00000000e+00
14.5            	(1.47015223e+00 4.20041170e-05 0.00000000e+00)	0.00000000e+00
14.55           	(1.47015222e+00 4.20031100e-05 0.00000000e+00)	0.00000000e+00
14.6            	(1.47015224e+00 4.19923797e-05 0.00000000e+00)	0.00000000e+00
14.65           	(1.47015223e+00 4.19923877e-05 0.00000000e+00)	0.00000000e+00
14.7            	(1.47015225e+00 4.19900415e-05 0.00000000e+00)	0.00000000e+00
14.75           	(1.47015222e+00 4.20048705e-05 0.00000000e+00)	0.00000000e+00
14.8            	(1.47015222e+00 4.20081764e-05 0.00000000e+00)	0.00000000e+00
14.85           	(1.47015221e+00 4.20119119e-05 0.00000000e+00)	0.00000000e+00
14.9            	(1.47015223e+00 4.20024707e-05 0.00000000e+00)	0.00000000e+00
14.95           	(1.47015223e+00 4.20019298e-05 0.00000000e+00)	0.00000000e+00
15              	(1.47015223e+00 4.20009388e-05 0.00000000e+00)	0.00000000e+00
15.05           	(1.47015224e+00 4.19983777e-05 0.00000000e+00)	0.00000000e+00
15.1            	(1.47015221e+00 4.20100833e-05 0.00000000e+00)	0.00000000e+00
15.15           	(1.47015221e+00 4.20075870e-05 0.00000000e+00)	0.00000000e+00
15.2            	(1.47015222e+00 4.20000748e-05 0.00000000e+00)	0.00000000e+00
15.25           	(1.47015222e+00 4.19889522e-05 0.00000000e+00)	0.00000000e+00
15.3            	(1.47015222e+00 4.19893716e-05 0.00000000e+00)	0.00000000e+00
15.35           	(1.47015222e+00 4.19864556e-05 0.00000000e+00)	0.00000000e+00
15.4            	(1.47015223e+00 4.19904164e-05 0.00000000e+00)	0.00000000e+00
15.45           	(1.47015224e+00 4.19959221e-05 0.00000000e+00)	0.00000000e+00
15.5            	(1.47015225e+00 4.20013197e-05 0.00000000e+00)	0.00000000e+00
15.55           	(1.47015225e+00 4.20054071e-05 0.00000000e+00)	0.00000000e+00
15.6            	(1.47015221e+00 4.20074794e-05 0.00000000e+00)	0.00000000e+00
15.65           	(1.47015216e+00 4.20072195e-05 0.00000000e+00)	0.00000000e+00
15.7            	(1.47015223e+00 4.19901785e-05 0.00000000e+00)	0.00000000e+00
15.75           	(1.47015223e+00 4.19839556e-05 0.00000000e+00)	0.00000000e+00
15.8            	(1.47015223e+00 4.19850157e-05 0.00000000e+00)	0.00000000e+00
15.85           	(1.47015222e+00 4.19911623e-05 0.00000000e+00)	0.00000000e+00
15.9            	(1.47015224e+00 4.19903608e-05 0.00000000e+00)	0.00000000e+00
15.95           	(1.47015224e+00 4.19934008e-05 0.00000000e+00)	0.00000000e+00
16              	(1.47015223e+00 4.20030673e-05 0.00000000e+00)	0.00000000e+00
16.05           	(1.47015223e+00 4.20073971e-05 0.00000000e+00)	0.00000000e+00
16.1            	(1.47015223e+00 4.20128780e-05 0.00000000e+00)	0.00000000e+00
16.15           	(1.47015223e+00 4.20126727e-05 0.00000000e+00)	0.00000000e+00
16.2            	(1.47015222e+00 4.20131843e-05 0.00000000e+00)	0.00000000e+00
16.25           	(1.47015223e+00 4.20071229e-05 0.00000000e+00)	0.00000000e+00
16.3            	(1.47015222e+00 4.20103265e-05 0.00000000e+00)	0.00000000e+00
16.35           	(1.47015222e+00 4.20081165e-05 0.00000000e+00)	0.00000000e+00
16.4            	(1.47015222e+00 4.20028957e-05 0.00000000e+00)	0.00000000e+00
16.45           	(1.47015222e+00 4.20005417e-05 0.00000000e+00)	0.00000000e+00
16.5            	(1.47015223e+00 4.20000393e-05 0.00000000e+00)	0.00000000e+00
16.55           	(1.47015223e+00 4.20025038e-05 0.00000000e+00)	0.00000000e+00
16.6            	(1.47015223e+00 4.20035404e-05 0.00000000e+00)	0.00000000e+00
16.65           	(1.47015222e+00 4.20041523e-05 0.00000000e+00)	0.00000000e+00
16.7            	(1.47015223e+00 4.20045362e-05 0.00000000e+00)	0.00000000e+00
16.75           	(1.47015223e+00 4.20046125e-05 0.00000000e+00)	0.00000000e+00
16.8            	(1.47015224e+00 4.20044520e-05 0.00000000e+00)	0.00000000e+00
16.85           	(1.47015224e+00 4.20042310e-05 0.00000000e+00)	0.00000000e+00
16.9            	(1.47015222e+00 4.20040890e-05 0.00000000e+00)	0.00000000e+00
16.95           	(1.47015223e+00 4.19993704e-05 0.00000000e+00)	0.00000000e+00
17              	(1.47015222e+00 4.19974927e-05 0.00000000e+00)	0.00000000e+00
17.05           	(1.47015222e+00 4.19961983e-05 0.00000000e+00)	0.00000000e+00
17.1            	(1.47015222e+00 4.19997719e-05 0.00000000e+00)	0.00000000e+00
17.15           	(1.47015222e+00 4.19982705e-05 0.00000000e+00)	0.00000000e+00
17.2            	(1.47015223e+00 4.20005279e-05 0.00000000e+00)	0.00000000e+00
17.25           	(1.47015222e+00 4.20050468e-05 0.00000000e+00)	0.00000000e+00
17.3            	(1.47015223e+00 4.20080090e-05 0.00000000e+00)	0.00000000e+00
17.35           	(1.47015223e+00 4.20112158e-05 0.00000000e+00)	0.00000000e+00
17.4            	(1.47015223e+00 4.20102403e-05 0.00000000e+00)	0.00000000e+00
17.45           	(1.47015223e+00 4.20072191e-05 0.00000000e+00)	0.00000000e+00
17.5            	(1.47015222e+00 4.20058673e-05 0.00000000e+00)	0.00000000e+00
17.55           	(1.47015223e+00 4.20032453e-05 0.00000000e+00)	0.00000000e+00
17.6            	(1.47015223e+00 4.20036469e-05 0.00000000e+00)	0.00000000e+00
17.65           	(1.47015223e+00 4.20027321e-05 0.00000000e+00)	0.00000000e+00
17.7            	(1.47015222e+00 4.20022757e-05 0.00000000e+00)	0.00000000e+00
17.75           	(1.47015222e+00 4.20008560e-05 0.00000000e+00)	0.00000000e+00
17.8            	(1.47015222e+00 4.20013851e-05 0.00000000e+00)	0.00000000e+00
17.85           	(1.47015222e+00 4.20014881e-05 0.00000000e+00)	0.00000000e+00
17.9            	(1.47015222e+00 4.20027983e-05 0.00000000e+00)	0.00000000e+00
17.95           	(1.47015222e+00 4.20035778e-05 0.00000000e+00)	0.00000000e+00
18              	(1.47015222e+00 4.20044096e-05 0.00000000e+00)	0.00000000e+00
18.05           	(1.47015222e+00 4.20051402e-05 0.00000000e+00)	0.00000000e+00
18.1            	(1.47015223e+00 4.20056730e-05 0.00000000e+00)	0.00000000e+00
18.15           	(1.47015224e+00 4.20059990e-05 0.00000000e+00)	0.00000000e+00
18.2            	(1.47015223e+00 4.20090782e-05 0.00000000e+00)	0.00000000e+00
18.25           	(1.47015223e+00 4.20090766e-05 0.00000000e+00)	0.00000000e+00
18.3            	(1.47015222e+00 4.20085794e-05 0.00000000e+00)	0.00000000e+00
18.35           	(1.47015222e+00 4.20076928e-05 0.00000000e+00)	0.00000000e+00
18.4            	(1.47015223e+00 4.20066945e-05 0.00000000e+00)	0.00000000e+00
18.45           	(1.47015223e+00 4.20058663e-05 0.00000000e+00)	0.00000000e+00
18.5            	(1.47015222e+00 4.20054096e-05 0.00000000e+00)	0.00000000e+00
18.55           	(1.47015221e+00 4.20053559e-05 0.00000000e+00)	0.00000000e+00
18.6            	(1.47015223e+00 4.19992527e-05 0.00000000e+00)	0.00000000e+00
18.65           	(1.47015223e+00 4.19989727e-05 0.00000000e+00)	0.00000000e+00
18.7            	(1.47015223e+00 4.20007641e-05 0.00000000e+00)	0.00000000e+00
18.75           	(1.47015222e+00 4.20046157e-05 0.00000000e+00)	0.00000000e+00
18.8            	(1.47015223e+00 4.20038904e-05 0.00000000e+00)	0.00000000e+00
18.85           	(1.47015223e+00 4.20047201e-05 0.00000000e+00)	0.00000000e+00
18.9            	(1.47015222e+00 4.20074391e-05 0.00000000e+00)	0.00000000e+00
18.95           	(1.47015222e+00 4.20074517e-05 0.00000000e+00)	0.00000000e+00
19              	(1.47015222e+00 4.20074866e-05 0.00000000e+00)	0.00000000e+00
19.05           	(1.47015223e+00 4.20053009e-05 0.00000000e+00)	0.00000000e+00
19.1            	(1.47015223e+00 4.20048727e-05 0.00000000e+00)	0.00000000e+00
19.15           	(1.47015223e+00 4.20043866e-05 0.00000000e+00)	0.00000000e+00
19.2            	(1.47015223e+00 4.20041092e-05 0.00000000e+00)	0.00000000e+00
19.25           	(1.47015222e+00 4.20040461e-05 0.00000000e+00)	0.00000000e+00
19.3            	(1.47015222e+00 4.20041353e-05 0.00000000e+00)	0.00000000e+00
19.35           	(1.47015223e+00 4.20042797e-05 0.00000000e+00)	0.00000000e+00
19.4            	(1.47015223e+00 4.20044167e-05 0.00000000e+00)	0.00000000e+00
19.45           	(1.47015223e+00 4.20068870e-05 0.00000000e+00)	0.00000000e+00
19.5            	(1.47015222e+00 4.20073644e-05 0.00000000e+00)	0.00000000e+00
19.55           	(1.47015222e+00 4.20071097e-05 0.00000000e+00)	0.00000000e+00
19.6            	(1.47015222e+00 4.20053384e-05 0.00000000e+00)	0.00000000e+00
19.65           	(1.47015222e+00 4.20053878e-05 0.00000000e+00)	0.00000000e+00
19.7            	(1.47015222e+00 4.20045534e-05 0.00000000e+00)	0.00000000e+00
19.75           	(1.47015222e+00 4.20032971e-05 0.00000000e+00)	0.00000000e+00
19.8            	(1.47015222e+00 4.20031212e-05 0.00000000e+00)	0.00000000e+00
19.85           	(1.47015222e+00 4.20019567e-05 0.00000000e+00)	0.00000000e+00
19.9            	(1.47015222e+00 4.20024027e-05 0.00000000e+00)	0.00000000e+00
19.95           	(1.47015222e+00 4.20036945e-05 0.00000000e+00)	0.00000000e+00
20              	(1.47015222e+00 4.20042015e-05 0.00000000e+00)	0.00000000e+00
