/*--------------------------------*- C++ -*----------------------------------*\
  =========                 |
  \\      /  F ield         | OpenFOAM: The Open Source CFD Toolbox
   \\    /   O peration     | Website:  https://openfoam.org
    \\  /    A nd           | Version:  13
     \\/     M anipulation  |
\*---------------------------------------------------------------------------*/
FoamFile
{
    format      ascii;
    class       volScalarField;
    location    "17";
    object      p;
}
// * * * * * * * * * * * * * * * * * * * * * * * * * * * * * * * * * * * * * //

dimensions      [0 2 -2 0 0 0 0];

internalField   nonuniform List<scalar> 
1000
(
1.6803191
1.5603208
1.4644463
1.4005786
1.3519819
1.3093852
1.2715543
1.2388437
1.2107356
1.1861471
1.1640601
1.1437127
1.1245746
1.106289
1.0886245
1.0714365
1.0546368
1.0381718
1.0220078
1.0061218
0.99049616
0.97511604
0.95996762
0.94503765
0.93031325
0.91578188
0.90143142
0.8872503
0.87322748
0.85935258
0.84561582
0.83200807
0.81852076
0.80514595
0.7918762
0.7787046
0.7656247
0.75263048
0.73971635
0.72687708
0.71410779
0.70140392
0.68876123
0.67617574
0.66364373
0.65116174
0.63872651
0.62633502
0.61398442
0.60167206
0.58939546
0.5771523
0.5649404
0.55275774
0.5406024
0.52847262
0.51636673
0.50428317
0.49222049
0.48017732
0.46815241
0.45614455
0.44415263
0.43217561
0.42021252
0.40826244
0.39632453
0.38439799
0.37248208
0.3605761
0.3486794
0.33679137
0.32491145
0.31303909
0.30117381
0.28931514
0.27746265
0.26561595
0.25377463
0.24193833
0.23010675
0.21827958
0.20645653
0.19463731
0.18282167
0.17100938
0.15920022
0.147394
0.13559052
0.12378959
0.11199102
0.1001947
0.088400464
0.076608179
0.064817704
0.053028913
0.041241745
0.029455989
0.017671893
0.0058888646
1.558579
1.503836
1.4426758
1.3908467
1.3478245
1.3095277
1.2745257
1.2430395
1.2151076
1.1902082
1.1676088
1.1466813
1.1269781
1.1081943
1.0901204
1.0726116
1.0555681
1.0389207
1.0226211
1.006634
0.99093212
0.9754935
0.9602992
0.94533236
0.93057758
0.91602062
0.9016482
0.88744793
0.87340823
0.85951829
0.84576806
0.83214816
0.81864987
0.80526509
0.79198627
0.77880639
0.76571892
0.75271778
0.73979729
0.72695217
0.71417751
0.70146869
0.68882142
0.67623171
0.6636958
0.65121019
0.63877162
0.62637702
0.61402354
0.60170852
0.58942944
0.57718397
0.56496992
0.55278526
0.54062807
0.52849656
0.51638906
0.50430401
0.49223993
0.48019547
0.46816934
0.45616035
0.44416738
0.43218938
0.42022537
0.40827444
0.39633573
0.38440845
0.37249184
0.36058521
0.34868791
0.33679932
0.32491887
0.31304602
0.30118028
0.28932118
0.2774683
0.26562122
0.25377955
0.24194293
0.23011104
0.21828359
0.20646028
0.19464081
0.18282493
0.17101242
0.15920307
0.14739668
0.13559302
0.12379191
0.11199318
0.10019672
0.08840236
0.076609954
0.064819356
0.053030426
0.041243159
0.029457194
0.017672966
0.0058894529
1.4970635
1.4707068
1.4325512
1.3918509
1.3533088
1.3173112
1.2834946
1.2520435
1.2232432
1.1970453
1.173102
1.1509792
1.1302904
1.1107301
1.092064
1.0741141
1.0567471
1.0398641
1.0233925
1.0072784
0.99148123
0.97596929
0.96071711
0.94570336
0.93090961
0.91631958
0.90191861
0.88769336
0.8736316
0.85972206
0.84595431
0.8323187
0.81880628
0.80540875
0.7921184
0.77892807
0.76583112
0.75282135
0.73989299
0.7270407
0.71425946
0.70154462
0.68889183
0.67629703
0.66375644
0.65126652
0.63882397
0.6264257
0.61406883
0.60175066
0.58946866
0.57722049
0.56500395
0.55281696
0.54065761
0.52852409
0.51641473
0.50432794
0.49226225
0.48021628
0.46818875
0.45617846
0.44418428
0.43220515
0.42024009
0.40828817
0.39634855
0.38442042
0.37250301
0.36059564
0.34869764
0.3368084
0.32492735
0.31305394
0.30118768
0.28932809
0.27747474
0.26562723
0.25378517
0.24194818
0.23011595
0.21828818
0.20646456
0.1946448
0.18282864
0.1710159
0.15920633
0.14739974
0.13559586
0.12379454
0.11199563
0.10019903
0.088404533
0.076611997
0.064821227
0.053032167
0.041244746
0.029458705
0.017674153
0.0058904114
1.4680475
1.4522017
1.4255487
1.3921886
1.3569487
1.3224385
1.2894497
1.2582742
1.2291833
1.2023136
1.177565
1.1546677
1.1333005
1.1131695
1.0940348
1.0757085
1.0580448
1.0409309
1.0242803
1.0080269
0.99212042
0.97652169
0.9611996
0.94612867
0.93128743
0.91665736
0.90222219
0.88796741
0.87387989
0.8599477
0.84615991
0.83250648
0.81897813
0.80556631
0.79226311
0.77906117
0.76595371
0.7529344
0.73999738
0.72713717
0.71434871
0.70162726
0.68896841
0.67636805
0.66382234
0.65132771
0.63888081
0.62647853
0.61411795
0.60179635
0.58951119
0.57726008
0.56504081
0.55285129
0.54068959
0.5285539
0.51644251
0.50435383
0.49228639
0.4802388
0.46820975
0.45619805
0.44420255
0.43222219
0.42025599
0.40830302
0.3963624
0.38443334
0.37251508
0.36060691
0.34870816
0.33681821
0.3249365
0.3130625
0.30119568
0.28933556
0.2774817
0.26563371
0.25379121
0.24195387
0.23012129
0.21829315
0.20646914
0.19464905
0.18283266
0.17101971
0.1592099
0.14740302
0.13559886
0.12379736
0.11199831
0.10020158
0.088406875
0.076614169
0.064823197
0.053034091
0.041246468
0.029460494
0.017675554
0.0058919687
1.4554999
1.4432578
1.4211846
1.3913808
1.3580176
1.324387
1.2919305
1.2610703
1.2320216
1.2049591
1.1799012
1.1566741
1.135
1.1145968
1.0952269
1.0767027
1.0588767
1.041632
1.0248768
1.0085398
0.9925659
0.97691231
0.96154503
0.9464364
0.93156326
0.91690587
0.90244701
0.88817148
0.87406566
0.86011721
0.8463149
0.83264843
0.81910836
0.80568595
0.79237316
0.77916253
0.76604716
0.75302065
0.74007706
0.72721085
0.71441689
0.7016904
0.68902692
0.67642231
0.66387269
0.65137446
0.63892424
0.62651889
0.61415548
0.60183125
0.58954366
0.5772903
0.56506894
0.55287749
0.540714
0.52857664
0.5164637
0.50437358
0.49230481
0.48025597
0.46822576
0.45621298
0.44421648
0.43223519
0.42026812
0.40831433
0.39637296
0.38444319
0.37252427
0.36061549
0.34871617
0.33682568
0.32494346
0.31306901
0.30120179
0.28934127
0.27748698
0.2656386
0.25379582
0.24195825
0.2301254
0.2182969
0.20647254
0.19465226
0.18283578
0.1710227
0.15921262
0.14740542
0.13560106
0.12379954
0.11200045
0.10020358
0.088408607
0.076615753
0.064824677
0.05303561
0.041247814
0.029461906
0.017676709
0.0058933661
1.4554999
1.4432578
1.4211846
1.3913808
1.3580176
1.324387
1.2919305
1.2610703
1.2320216
1.2049591
1.1799012
1.1566741
1.135
1.1145968
1.0952269
1.0767027
1.0588767
1.041632
1.0248768
1.0085398
0.9925659
0.97691231
0.96154503
0.9464364
0.93156326
0.91690587
0.90244701
0.88817148
0.87406566
0.86011721
0.8463149
0.83264843
0.81910836
0.80568595
0.79237316
0.77916253
0.76604716
0.75302065
0.74007706
0.72721085
0.71441689
0.7016904
0.68902692
0.67642231
0.66387269
0.65137446
0.63892424
0.62651889
0.61415548
0.60183125
0.58954366
0.5772903
0.56506894
0.55287749
0.540714
0.52857664
0.5164637
0.50437358
0.49230481
0.48025597
0.46822576
0.45621298
0.44421648
0.43223519
0.42026812
0.40831433
0.39637296
0.38444319
0.37252427
0.3606155
0.34871617
0.33682567
0.32494346
0.31306902
0.3012018
0.28934127
0.27748696
0.26563858
0.25379583
0.24195829
0.23012542
0.21829686
0.2064725
0.19465225
0.18283583
0.17102275
0.15921261
0.14740536
0.13560102
0.12379956
0.11200051
0.1002036
0.088408577
0.076615711
0.06482467
0.053035634
0.041247838
0.029461908
0.0176767
0.0058933598
1.4680475
1.4522017
1.4255487
1.3921886
1.3569487
1.3224385
1.2894497
1.2582742
1.2291833
1.2023136
1.177565
1.1546677
1.1333005
1.1131695
1.0940348
1.0757085
1.0580448
1.0409309
1.0242803
1.0080269
0.99212042
0.97652169
0.9611996
0.94612867
0.93128743
0.91665736
0.90222219
0.88796741
0.87387989
0.8599477
0.84615991
0.83250648
0.81897813
0.80556631
0.79226311
0.77906117
0.76595371
0.7529344
0.73999738
0.72713717
0.71434871
0.70162726
0.68896841
0.67636805
0.66382234
0.65132771
0.63888081
0.62647853
0.61411795
0.60179635
0.58951119
0.57726008
0.56504081
0.55285129
0.54068959
0.5285539
0.51644251
0.50435383
0.49228639
0.4802388
0.46820975
0.45619805
0.44420255
0.43222219
0.42025599
0.40830302
0.3963624
0.38443334
0.37251508
0.36060691
0.34870815
0.3368182
0.3249365
0.31306251
0.3011957
0.28933555
0.27748166
0.26563368
0.25379126
0.24195395
0.23012131
0.21829306
0.20646904
0.19464906
0.18283277
0.1710198
0.15920986
0.14740288
0.13559879
0.12379743
0.11199844
0.10020162
0.088406802
0.076614085
0.064823189
0.053034144
0.04124651
0.029460497
0.017675541
0.0058919593
1.4970635
1.4707068
1.4325512
1.3918509
1.3533088
1.3173112
1.2834946
1.2520435
1.2232432
1.1970453
1.173102
1.1509792
1.1302904
1.1107301
1.092064
1.0741141
1.0567471
1.0398641
1.0233925
1.0072784
0.99148123
0.97596929
0.96071711
0.94570336
0.93090961
0.91631958
0.90191861
0.88769336
0.8736316
0.85972206
0.84595431
0.8323187
0.81880628
0.80540875
0.7921184
0.77892807
0.76583112
0.75282135
0.73989299
0.7270407
0.71425946
0.70154462
0.68889183
0.67629703
0.66375644
0.65126652
0.63882397
0.6264257
0.61406883
0.60175066
0.58946866
0.57722049
0.56500395
0.55281696
0.54065761
0.52852409
0.51641473
0.50432794
0.49226225
0.48021628
0.46818875
0.45617846
0.44418428
0.43220515
0.42024008
0.40828817
0.39634855
0.38442042
0.37250302
0.36059564
0.34869763
0.33680839
0.32492735
0.31305396
0.30118769
0.28932807
0.27747471
0.26562723
0.25378521
0.24194823
0.23011595
0.21828811
0.2064645
0.19464482
0.18282873
0.17101595
0.15920629
0.14739964
0.13559582
0.1237946
0.11199571
0.10019905
0.088404485
0.07661194
0.064821218
0.053032199
0.041244777
0.029458714
0.017674149
0.0058904061
1.558579
1.503836
1.4426758
1.3908467
1.3478245
1.3095277
1.2745257
1.2430395
1.2151076
1.1902082
1.1676088
1.1466813
1.1269781
1.1081943
1.0901204
1.0726116
1.0555681
1.0389207
1.0226211
1.006634
0.99093212
0.9754935
0.9602992
0.94533236
0.93057758
0.91602062
0.9016482
0.88744793
0.87340823
0.85951829
0.84576806
0.83214816
0.81864987
0.80526509
0.79198627
0.77880639
0.76571892
0.75271777
0.73979729
0.72695217
0.71417751
0.70146869
0.68882142
0.67623171
0.6636958
0.65121019
0.63877161
0.62637702
0.61402354
0.60170852
0.58942944
0.57718397
0.56496992
0.55278526
0.54062807
0.52849656
0.51638906
0.50430401
0.49223993
0.48019547
0.46816934
0.45616035
0.44416738
0.43218938
0.42022537
0.40827444
0.39633573
0.38440845
0.37249185
0.36058521
0.3486879
0.33679932
0.32491887
0.31304603
0.30118027
0.28932117
0.27746829
0.26562123
0.25377957
0.24194293
0.23011102
0.21828356
0.20646027
0.19464084
0.18282495
0.17101241
0.15920304
0.14739665
0.13559302
0.12379194
0.1119932
0.10019672
0.088402341
0.076609943
0.06481936
0.053030437
0.041243169
0.029457201
0.017672969
0.005889452
1.6803191
1.5603208
1.4644463
1.4005786
1.3519819
1.3093852
1.2715543
1.2388437
1.2107356
1.1861471
1.1640601
1.1437127
1.1245746
1.106289
1.0886245
1.0714365
1.0546368
1.0381718
1.0220078
1.0061218
0.99049616
0.97511604
0.95996762
0.94503765
0.93031325
0.91578188
0.90143142
0.8872503
0.87322748
0.85935258
0.84561582
0.83200806
0.81852076
0.80514595
0.7918762
0.7787046
0.7656247
0.75263048
0.73971635
0.72687708
0.71410779
0.70140392
0.68876123
0.67617574
0.66364373
0.65116173
0.63872651
0.62633502
0.61398442
0.60167206
0.58939546
0.5771523
0.5649404
0.55275774
0.5406024
0.52847262
0.51636672
0.50428317
0.49222049
0.48017732
0.46815241
0.45614455
0.44415263
0.43217561
0.42021252
0.40826244
0.39632453
0.384398
0.37248208
0.3605761
0.3486794
0.33679137
0.32491145
0.31303909
0.3011738
0.28931514
0.27746266
0.26561596
0.25377463
0.24193832
0.23010674
0.21827958
0.20645654
0.19463733
0.18282166
0.17100935
0.1592002
0.14739401
0.13559054
0.1237896
0.11199102
0.10019469
0.08840046
0.076608183
0.064817709
0.053028916
0.041241748
0.029455994
0.017671897
0.0058888648
)
;

boundaryField
{
    top
    {
        type            zeroGradient;
    }
    bottom
    {
        type            zeroGradient;
    }
    inlet
    {
        type            zeroGradient;
    }
    outlet
    {
        type            fixedValue;
        value           uniform 0;
    }
    front
    {
        type            empty;
    }
    back
    {
        type            empty;
    }
}


// ************************************************************************* //
