/*--------------------------------*- C++ -*----------------------------------*\
  =========                 |
  \\      /  F ield         | OpenFOAM: The Open Source CFD Toolbox
   \\    /   O peration     | Website:  https://openfoam.org
    \\  /    A nd           | Version:  13
     \\/     M anipulation  |
\*---------------------------------------------------------------------------*/
FoamFile
{
    format      ascii;
    class       surfaceScalarField;
    location    "17";
    object      phi;
}
// * * * * * * * * * * * * * * * * * * * * * * * * * * * * * * * * * * * * * //

dimensions      [0 3 -1 0 0 0 0];

internalField   nonuniform List<scalar> 
1890
(
0.0093140727
0.00068592734
0.0082963401
0.0010177326
0.0073480838
0.00094825625
0.0065167791
0.00083130473
0.0058112103
0.00070556886
0.0052369127
0.00057429754
0.0047862484
0.00045066426
0.004441012
0.00034523641
0.0041802971
0.0002607149
0.0039843511
0.00019594607
0.0038366531
0.00014769799
0.003724003
0.00011265009
0.0036363473
8.7655673e-05
0.0035663586
6.9988765e-05
0.0035088729
5.748561e-05
0.0034603388
4.8534122e-05
0.0034183544
4.1984433e-05
0.0033813121
3.7042264e-05
0.0033481383
3.3173824e-05
0.003318109
3.002929e-05
0.0032907248
2.7384168e-05
0.0032656285
2.5096348e-05
0.0032425523
2.307619e-05
0.0032212857
2.1266629e-05
0.0032016553
1.9630402e-05
0.0031835132
1.8142096e-05
0.0031667299
1.6783304e-05
0.0031511901
1.5539787e-05
0.0031367902
1.4399859e-05
0.0031234367
1.3353502e-05
0.0031110448
1.2391897e-05
0.0030995377
1.1507168e-05
0.0030888454
1.069224e-05
0.0030789047
9.9407487e-06
0.0030696577
9.2469711e-06
0.0030610519
8.6057678e-06
0.0030530394
8.0125274e-06
0.0030455763
7.4631137e-06
0.0030386225
6.9538154e-06
0.0030321412
6.481299e-06
0.0030260986
6.0425659e-06
0.0030204637
5.634913e-06
0.0030152078
5.2558984e-06
0.0030103045
4.9033102e-06
0.0030057294
4.5751408e-06
0.0030014598
4.2695632e-06
0.0029974749
3.9849102e-06
0.0029937552
3.7196569e-06
0.0029902828
3.4724049e-06
0.0029870409
3.2418697e-06
0.0029840141
3.0268692e-06
0.0029811878
2.8263146e-06
0.0029785486
2.639201e-06
0.002976084
2.4645998e-06
0.0029737823
2.3016512e-06
0.0029716328
2.1495587e-06
0.0029696252
2.0075834e-06
0.0029677501
1.8750399e-06
0.0029659988
1.7512914e-06
0.0029643631
1.6357456e-06
0.0029628352
1.5278516e-06
0.0029614081
1.4270961e-06
0.0029600751
1.3330026e-06
0.00295883
1.2451274e-06
0.002957667
1.1630584e-06
0.0029565805
1.0864093e-06
0.0029555657
1.0148203e-06
0.0029546178
9.4795259e-07
0.0029537323
8.8549427e-07
0.0029529051
8.2715069e-07
0.0029521325
7.7265482e-07
0.0029514107
7.2175168e-07
0.0029507365
6.7421306e-07
0.0029501067
6.298027e-07
0.0029495184
5.8831581e-07
0.0029489688
5.4954658e-07
0.0029484555
5.1335307e-07
0.0029479759
4.7955006e-07
0.002947528
4.4799075e-07
0.0029471095
4.1844255e-07
0.0029467187
3.9083965e-07
0.0029463536
3.6504515e-07
0.0029460125
3.4109667e-07
0.0029456938
3.1868145e-07
0.0029453961
2.9775907e-07
0.0029451182
2.7795346e-07
0.0029448586
2.5961683e-07
0.0029446161
2.4239874e-07
0.0029443893
2.2675029e-07
0.0029441776
2.1173526e-07
0.0029439796
1.9801177e-07
0.0029437952
1.8448025e-07
0.0029436226
1.7260529e-07
0.0029434617
1.608764e-07
0.0029433107
1.5093448e-07
0.0029431699
1.4080665e-07
0.0029430379
1.3205541e-07
0.0029429133
1.2460906e-07
0.0029427969
1.1637224e-07
1.171352e-07
0.010341662
0.00034426525
0.010578184
0.00078121018
0.010615671
0.00091076959
0.010553945
0.0008930309
0.010425822
0.00083369229
0.010248587
0.00075153209
0.010044962
0.0006542893
0.0098354604
0.00055473799
0.0096327827
0.00046339255
0.0094437308
0.000384998
0.0092713466
0.00032008221
0.009116574
0.00026742267
0.0089789731
0.0002252566
0.0088572402
0.0001917216
0.0087496634
0.00016506247
0.0086544455
0.00014375196
0.00856989
0.00012654001
0.0084944844
0.00011244777
0.0084269262
0.00010073204
0.0083661156
9.0839873e-05
0.0083111354
8.2364456e-05
0.0082612243
7.5007436e-05
0.0082157512
6.8549274e-05
0.0081741908
6.2827025e-05
0.0081361031
5.7718127e-05
0.0081011164
5.3128762e-05
0.0080689141
4.8985621e-05
0.0080392237
4.5230167e-05
0.0080118089
4.1814684e-05
0.0079864628
3.8699557e-05
0.0079630033
3.5851398e-05
0.0079412688
3.3241713e-05
0.0079211151
3.0845947e-05
0.007902413
2.8642777e-05
0.0078850464
2.6613566e-05
0.0078689103
2.4741944e-05
0.0078539093
2.3013466e-05
0.0078399571
2.1415336e-05
0.0078269748
1.9936175e-05
0.0078148902
1.8565831e-05
0.0078036376
1.7295214e-05
0.0077931563
1.6116159e-05
0.0077833909
1.5021313e-05
0.0077742902
1.4004031e-05
0.007765807
1.3058295e-05
0.007757898
1.2178638e-05
0.0077505228
1.1360082e-05
0.0077436444
1.059808e-05
0.0077372283
9.8884734e-06
0.0077312427
9.2274471e-06
0.0077256581
8.611499e-06
0.007720447
8.0374088e-06
0.007715584
7.5022112e-06
0.0077110454
7.0031716e-06
0.0077068093
6.5377642e-06
0.0077028552
6.1036528e-06
0.0076991641
5.6986743e-06
0.0076957183
5.3208235e-06
0.0076925014
4.9682406e-06
0.0076894979
4.6391991e-06
0.0076866937
4.3320972e-06
0.0076840753
4.0454479e-06
0.0076816305
3.7778717e-06
0.0076793475
3.5280844e-06
0.0076772157
3.2948935e-06
0.0076752249
3.0771836e-06
0.0076733658
2.8739167e-06
0.0076716296
2.6841161e-06
0.0076700083
2.5068792e-06
0.007668494
2.3413643e-06
0.0076670799
2.1868116e-06
0.0076657591
2.0424923e-06
0.0076645256
1.9077333e-06
0.0076633736
1.7818602e-06
0.0076622976
1.6643046e-06
0.0076612926
1.5545066e-06
0.0076603539
1.4520193e-06
0.0076594772
1.3562743e-06
0.0076586584
1.2668437e-06
0.0076578937
1.1831863e-06
0.0076571794
1.1051431e-06
0.0076565121
1.0322526e-06
0.0076558887
9.6442254e-07
0.0076553066
9.0082663e-07
0.007654763
8.415128e-07
0.0076542553
7.8563623e-07
0.0076537808
7.3400684e-07
0.0076533378
6.8537714e-07
0.0076529236
6.4091333e-07
0.0076525373
5.9814548e-07
0.0076521759
5.5944646e-07
0.0076518391
5.212211e-07
0.0076515234
4.8826656e-07
0.0076512301
4.5422772e-07
0.0076509538
4.2718574e-07
0.0076506989
3.9569497e-07
0.0076504565
3.7456803e-07
0.0076502372
3.4390676e-07
0.007650022
3.3153725e-07
3.0205122e-07
0.010181464
0.00016280099
0.010521798
0.00044087647
0.010842482
0.00059008571
0.011112769
0.00062274377
0.01133602
0.00061044159
0.011508579
0.00057897246
0.011630744
0.0005321246
0.011709907
0.00047557512
0.011755697
0.00041760214
0.011776644
0.00036405133
0.011779503
0.0003172236
0.011769652
0.0002772735
0.01175133
0.00024357852
0.011727726
0.00021532526
0.011701127
0.00019166163
0.011673116
0.00017176286
0.011644765
0.00015489117
0.011616781
0.00014043211
0.011589614
0.00012789905
0.011563536
0.00011691718
0.0115387
0.00010720077
0.011515175
9.8531961e-05
0.011492981
9.074368e-05
0.011472101
8.3706557e-05
0.011452501
7.7319032e-05
0.011434129
7.1499982e-05
0.011416932
6.6183318e-05
0.011400848
6.1314129e-05
0.011385816
5.6845962e-05
0.011371777
5.2738932e-05
0.01135867
4.8958369e-05
0.011346438
4.5473859e-05
0.011335025
4.2258521e-05
0.01132438
3.9288462e-05
0.011314451
3.6542356e-05
0.011305192
3.4001094e-05
0.011296558
3.1647505e-05
0.011288507
2.9466121e-05
0.011281
2.7442971e-05
0.011274001
2.5565407e-05
0.011267474
2.3821959e-05
0.011261388
2.2202201e-05
0.011255712
2.0696638e-05
0.01125042
1.9296611e-05
0.011245484
1.7994205e-05
0.01124088
1.678218e-05
0.011236587
1.5653896e-05
0.011232581
1.4603252e-05
0.011228845
1.3624639e-05
0.01122536
1.2712892e-05
0.011222108
1.1863247e-05
0.011219074
1.1071313e-05
0.011216243
1.0333032e-05
0.011213602
9.6446545e-06
0.011211137
9.0027099e-06
0.011208837
8.4039836e-06
0.01120669
7.8454957e-06
0.011204686
7.3244798e-06
0.011202816
6.8383679e-06
0.01120107
6.3847736e-06
0.011199441
5.9614824e-06
0.01119792
5.5664383e-06
0.0111965
5.1977342e-06
0.011195175
4.8535928e-06
0.011193937
4.5323621e-06
0.011192782
4.232499e-06
0.011191703
3.9525706e-06
0.011190696
3.6912256e-06
0.011189756
3.4472109e-06
0.011188878
3.2193596e-06
0.011188058
3.0066299e-06
0.011187292
2.8080187e-06
0.011186578
2.622584e-06
0.01118591
2.4493755e-06
0.011185287
2.2876235e-06
0.011184705
2.1365857e-06
0.011184161
1.9956524e-06
0.011183653
1.863975e-06
0.011183179
1.7409449e-06
0.011182737
1.625856e-06
0.011182323
1.5185922e-06
0.011181937
1.4184516e-06
0.011181576
1.3252267e-06
0.011181239
1.2376565e-06
0.011180925
1.1560502e-06
0.011180631
1.0792373e-06
0.011180356
1.0085395e-06
0.0111801
9.4166954e-07
0.011179861
8.8065143e-07
0.011179638
8.2136898e-07
0.011179428
7.6856301e-07
0.011179234
7.1555253e-07
0.011179051
6.7140458e-07
0.011178882
6.2327048e-07
0.011178721
5.8781604e-07
0.011178575
5.4168942e-07
0.011178434
5.1586616e-07
0.011178309
4.684882e-07
0.011178186
4.5444816e-07
4.0587699e-07
0.010094914
6.7887459e-05
0.010340233
0.00019555688
0.01065185
0.00027846872
0.010969203
0.00030539076
0.011273712
0.00030593223
0.01155641
0.00029627538
0.011809194
0.00027934034
0.012028326
0.00025644286
0.012214936
0.00023099242
0.012372692
0.00020629519
0.012505836
0.00018407978
0.012618428
0.00016468134
0.012714101
0.00014790567
0.012795956
0.00013346964
0.012866554
0.00012106424
0.01292795
0.00011036698
0.012981772
0.00010106928
0.0130293
9.2903863e-05
0.013071543
8.5655966e-05
0.0131093
7.9159839e-05
0.013143212
7.3289229e-05
0.013173796
6.7947851e-05
0.013201478
6.3061779e-05
0.013226611
5.8573656e-05
0.013249491
5.4438276e-05
0.013270372
5.0619239e-05
0.013289469
4.7086496e-05
0.013306969
4.3814605e-05
0.013323033
4.0781542e-05
0.013337804
3.7967895e-05
0.013351406
3.5356319e-05
0.013363949
3.2931164e-05
0.013375529
3.0678206e-05
0.013386233
2.858446e-05
0.013396137
2.6638031e-05
0.01340531
2.4828001e-05
0.013413814
2.3144326e-05
0.013421702
2.1577767e-05
0.013429025
2.0119805e-05
0.013435828
1.8762589e-05
0.013442151
1.7498872e-05
0.013448031
1.6321963e-05
0.013453502
1.5225682e-05
0.013458595
1.4204314e-05
0.013463336
1.3252578e-05
0.013467753
1.2365585e-05
0.013471868
1.1538807e-05
0.013475703
1.0768047e-05
0.013479278
1.0049416e-05
0.013482612
9.3793016e-06
0.013485721
8.7543562e-06
0.013488621
8.1714722e-06
0.013491326
7.6277658e-06
0.01349385
7.120558e-06
0.013496205
6.6473593e-06
0.013498403
6.2058542e-06
0.013500455
5.793889e-06
0.01350237
5.4094586e-06
0.013504158
5.0506971e-06
0.013505827
4.7158673e-06
0.013507385
4.4033531e-06
0.01350884
4.1116528e-06
0.013510198
3.8393711e-06
0.013511466
3.5852055e-06
0.013512651
3.3479437e-06
0.013513757
3.1264482e-06
0.01351479
2.9196658e-06
0.013515754
2.7266027e-06
0.013516655
2.5463387e-06
0.013517497
2.3780113e-06
0.013518282
2.2208488e-06
0.013519016
2.0741154e-06
0.013519702
1.9371254e-06
0.013520342
1.8091753e-06
0.01352094
1.6896834e-06
0.013521498
1.5780862e-06
0.01352202
1.4739532e-06
0.013522507
1.3766826e-06
0.013522962
1.2858308e-06
0.013523387
1.2008197e-06
0.013523784
1.1215607e-06
0.013524155
1.047539e-06
0.013524502
9.787085e-07
0.013524826
9.1404955e-07
0.013525128
8.5382627e-07
0.01352541
7.9698256e-07
0.013525674
7.4477699e-07
0.01352592
6.9530412e-07
0.01352615
6.5048475e-07
0.013526365
6.0653608e-07
0.013526566
5.6774459e-07
0.013526753
5.2807286e-07
0.013526929
4.9597901e-07
0.013527092
4.5986348e-07
0.013527246
4.3467182e-07
0.013527388
3.9947859e-07
0.013527522
3.8144101e-07
0.013527646
3.4460319e-07
0.013527766
3.3483561e-07
2.9839978e-07
0.010067887
7.2025047e-14
0.010263444
1.2748897e-13
0.010541913
1.3493768e-13
0.010847304
1.366089e-13
0.011153236
1.601127e-13
0.011449511
1.9184519e-13
0.011728852
1.9670692e-13
0.011985295
1.4998968e-13
0.012216287
9.9992445e-14
0.012422582
-5.8281218e-14
0.012606662
-1.6128754e-13
0.012771343
-1.619482e-13
0.012919249
-9.5667893e-14
0.013052719
1.9557128e-13
0.013173783
4.7548789e-13
0.01328415
6.0031508e-13
0.013385219
5.898871e-13
0.013478123
-1.1878814e-16
0.013563779
-6.9913286e-13
0.013642939
-1.151053e-12
0.013716228
-1.1814673e-12
0.013784176
-3.3262458e-13
0.013847238
8.1521115e-13
0.013905811
1.5087513e-12
0.01396025
1.4983923e-12
0.014010869
2.6362348e-13
0.014057955
-1.2755554e-12
0.01410177
-2.1324554e-12
0.014142552
-2.0281075e-12
0.014180519
-7.0271879e-13
0.014215876
1.1463789e-12
0.014248807
2.1944323e-12
0.014279485
2.2522651e-12
0.01430807
1.3190251e-12
0.014334708
-5.1052821e-13
0.014359536
-1.8810487e-12
0.01438268
-2.3920322e-12
0.014404258
-2.1354979e-12
0.014424377
-4.1051192e-13
0.01444314
1.6718131e-12
0.014460639
3.041409e-12
0.014476961
3.3540995e-12
0.014492187
1.3269329e-12
0.014506391
-1.6453601e-12
0.014519643
-3.6055734e-12
0.014532009
-3.9193048e-12
0.014543548
-1.8620162e-12
0.014554316
1.4864993e-12
0.014564365
3.6675925e-12
0.014573745
4.0477504e-12
0.014582499
2.3840413e-12
0.01459067
-7.2427187e-13
0.014598298
-3.4323347e-12
0.014605419
-4.4925264e-12
0.014612066
-4.055276e-12
0.014618272
-1.5520498e-12
0.014624066
2.4832178e-12
0.014629475
5.382463e-12
0.014634526
6.6928665e-12
0.014639242
4.5168343e-12
0.014643645
-1.6843154e-12
0.014647757
-6.5121796e-12
0.014651596
-9.3633913e-12
0.014655182
-7.8845002e-12
0.014658529
-6.5907119e-13
0.014661656
7.8136056e-12
0.014664576
1.6591924e-11
0.014667302
1.3564387e-11
0.014669848
-1.2173985e-12
0.014672226
-1.7765275e-11
0.014674447
-1.4151696e-11
0.014676522
8.6279079e-12
0.014678459
1.4607168e-11
0.014680268
-1.2422111e-11
0.014681957
-3.4504929e-11
0.014683536
-3.8344207e-12
0.01468501
6.7290646e-11
0.014686386
7.2649499e-11
0.014687672
-2.4309696e-11
0.014688872
-1.3934896e-10
0.014689995
-9.8331671e-11
0.014691043
8.2297728e-11
0.014692021
2.1169563e-10
0.014692934
8.9892776e-11
0.014693788
-1.7540268e-10
0.014694585
-2.6745325e-10
0.014695331
-7.9554445e-11
0.014696026
2.5249316e-10
0.014696676
2.75874e-10
0.014697282
6.1996285e-11
0.01469785
-2.5522706e-10
0.014698379
-2.5482094e-10
0.014698875
-4.8348734e-11
0.014699335
1.8793268e-10
0.014699769
2.025063e-10
0.014700168
5.7882351e-11
0.01470055
-9.2908144e-11
0.014700895
-1.425414e-10
0.01470123
-6.8349127e-11
4.8743815e-12
0.010067887
-6.7887459e-05
0.010263444
-0.00019555688
0.010541913
-0.00027846872
0.010847304
-0.00030539076
0.011153236
-0.00030593223
0.011449511
-0.00029627538
0.011728852
-0.00027934034
0.011985295
-0.00025644286
0.012216287
-0.00023099242
0.012422582
-0.00020629519
0.012606662
-0.00018407978
0.012771343
-0.00016468134
0.012919249
-0.00014790567
0.013052719
-0.00013346964
0.013173783
-0.00012106423
0.01328415
-0.00011036698
0.013385219
-0.00010106928
0.013478123
-9.2903863e-05
0.013563779
-8.5655966e-05
0.013642939
-7.9159841e-05
0.013716228
-7.3289231e-05
0.013784176
-6.7947851e-05
0.013847238
-6.3061778e-05
0.013905811
-5.8573654e-05
0.01396025
-5.4438274e-05
0.014010869
-5.0619239e-05
0.014057955
-4.7086498e-05
0.01410177
-4.3814608e-05
0.014142552
-4.0781545e-05
0.014180519
-3.7967896e-05
0.014215876
-3.5356318e-05
0.014248807
-3.2931161e-05
0.014279485
-3.0678202e-05
0.01430807
-2.8584458e-05
0.014334708
-2.6638032e-05
0.014359536
-2.4828003e-05
0.01438268
-2.314433e-05
0.014404258
-2.157777e-05
0.014424377
-2.0119806e-05
0.01444314
-1.8762587e-05
0.014460639
-1.7498868e-05
0.014476961
-1.6321959e-05
0.014492187
-1.5225679e-05
0.014506391
-1.4204316e-05
0.014519643
-1.3252583e-05
0.014532009
-1.236559e-05
0.014543548
-1.153881e-05
0.014554316
-1.0768046e-05
0.014564365
-1.0049411e-05
0.014573745
-9.3792957e-06
0.014582499
-8.7543523e-06
0.01459067
-8.1714725e-06
0.014598298
-7.6277703e-06
0.014605419
-7.120565e-06
0.014612066
-6.6473657e-06
0.014618272
-6.2058567e-06
0.014624066
-5.7938855e-06
0.014629475
-5.4094499e-06
0.014634526
-5.050687e-06
0.014639242
-4.7158607e-06
0.014643645
-4.4033552e-06
0.014647757
-4.1116632e-06
0.014651596
-3.8393854e-06
0.014655182
-3.5852175e-06
0.014658529
-3.3479452e-06
0.014661656
-3.1264366e-06
0.014664576
-2.9196435e-06
0.014667302
-2.7265847e-06
0.014669848
-2.5463404e-06
0.014672226
-2.3780299e-06
0.014674447
-2.2208615e-06
0.014676522
-2.0741061e-06
0.014678459
-1.9371156e-06
0.014680268
-1.8091992e-06
0.014681957
-1.6897217e-06
0.014683536
-1.5780715e-06
0.01468501
-1.4738609e-06
0.014686386
-1.3766033e-06
0.014687671
-1.285888e-06
0.014688872
-1.2009925e-06
0.014689995
-1.1216595e-06
0.014691043
-1.047415e-06
0.014692021
-9.7847226e-07
0.014692934
-9.1398115e-07
0.014693788
-8.5404683e-07
0.014694586
-7.9726351e-07
0.014695331
-7.4480671e-07
0.014696026
-6.9501053e-07
0.014696676
-6.5018108e-07
0.014697281
-6.0652724e-07
0.01469785
-5.6803261e-07
0.014698379
-5.2834196e-07
0.014698875
-4.9599336e-07
0.014699334
-4.5966457e-07
0.014699768
-4.3447756e-07
0.014700168
-3.9943591e-07
0.01470055
-3.8153956e-07
0.014700895
-3.4473434e-07
0.014701229
-3.3490444e-07
-2.9840465e-07
0.010094914
-0.00016280099
0.010340233
-0.00044087647
0.01065185
-0.00059008571
0.010969203
-0.00062274377
0.011273712
-0.00061044159
0.01155641
-0.00057897246
0.011809194
-0.0005321246
0.012028326
-0.00047557512
0.012214936
-0.00041760214
0.012372692
-0.00036405133
0.012505836
-0.0003172236
0.012618428
-0.0002772735
0.012714101
-0.00024357852
0.012795956
-0.00021532526
0.012866554
-0.00019166163
0.01292795
-0.00017176286
0.012981772
-0.00015489117
0.0130293
-0.00014043211
0.013071543
-0.00012789905
0.0131093
-0.00011691718
0.013143212
-0.00010720077
0.013173796
-9.8531962e-05
0.013201478
-9.0743681e-05
0.013226611
-8.3706557e-05
0.013249491
-7.7319031e-05
0.013270372
-7.1499981e-05
0.013289469
-6.6183318e-05
0.013306969
-6.1314129e-05
0.013323033
-5.6845964e-05
0.013337804
-5.2738934e-05
0.013351406
-4.895837e-05
0.013363949
-4.5473859e-05
0.013375529
-4.2258519e-05
0.013386233
-3.928846e-05
0.013396137
-3.6542355e-05
0.01340531
-3.4001094e-05
0.013413814
-3.1647508e-05
0.013421702
-2.9466125e-05
0.013429025
-2.7442973e-05
0.013435828
-2.5565407e-05
0.013442151
-2.3821957e-05
0.013448031
-2.2202198e-05
0.013453502
-2.0696635e-05
0.013458595
-1.9296609e-05
0.013463336
-1.7994207e-05
0.013467753
-1.6782184e-05
0.013471868
-1.5653899e-05
0.013475703
-1.4603254e-05
0.013479278
-1.3624638e-05
0.013482612
-1.2712888e-05
0.013485721
-1.1863243e-05
0.013488621
-1.107131e-05
0.013491326
-1.0333033e-05
0.01349385
-9.6446581e-06
0.013496205
-9.002715e-06
0.013498403
-8.4039876e-06
0.013500455
-7.8454961e-06
0.01350237
-7.3244759e-06
0.013504158
-6.8383614e-06
0.013505827
-6.3847676e-06
0.013507385
-5.9614805e-06
0.01350884
-5.5664422e-06
0.013510198
-5.1977428e-06
0.013511466
-4.8536021e-06
0.013512651
-4.5323659e-06
0.013513757
-4.2324936e-06
0.01351479
-3.9525589e-06
0.013515754
-3.6912151e-06
0.013516655
-3.4472075e-06
0.013517497
-3.2193614e-06
0.013518282
-3.0066312e-06
0.013519016
-2.8080235e-06
0.013519702
-2.6226003e-06
0.013520342
-2.4493988e-06
0.01352094
-2.2876257e-06
0.013521499
-2.1365468e-06
0.01352202
-1.9955952e-06
0.013522507
-1.8639605e-06
0.013522962
-1.7410016e-06
0.013523387
-1.6259345e-06
0.013523785
-1.5186069e-06
0.013524156
-1.4183843e-06
0.013524502
-1.3251578e-06
0.013524825
-1.2376664e-06
0.013525127
-1.1561258e-06
0.01352541
-1.0792812e-06
0.013525674
-1.0085037e-06
0.01352592
-9.4160115e-07
0.01352615
-8.8063538e-07
0.013526365
-8.213982e-07
0.013526566
-7.6858079e-07
0.013526754
-7.1553617e-07
0.013526929
-6.7140192e-07
0.013527092
-6.2332218e-07
0.013527245
-5.8787708e-07
0.013527388
-5.4167879e-07
0.013527522
-5.1577872e-07
0.013527646
-4.6840962e-07
0.013527765
-4.5448216e-07
-4.0594355e-07
0.010181464
-0.00034426525
0.010521798
-0.00078121018
0.010842482
-0.00091076959
0.011112769
-0.0008930309
0.01133602
-0.00083369229
0.011508579
-0.00075153209
0.011630744
-0.0006542893
0.011709907
-0.00055473799
0.011755697
-0.00046339255
0.011776644
-0.000384998
0.011779503
-0.00032008221
0.011769652
-0.00026742267
0.01175133
-0.0002252566
0.011727726
-0.0001917216
0.011701127
-0.00016506247
0.011673116
-0.00014375196
0.011644765
-0.00012654001
0.011616781
-0.00011244777
0.011589614
-0.00010073204
0.011563536
-9.0839873e-05
0.0115387
-8.2364456e-05
0.011515175
-7.5007437e-05
0.011492981
-6.8549275e-05
0.011472101
-6.2827025e-05
0.011452501
-5.7718126e-05
0.011434129
-5.312876e-05
0.011416932
-4.8985619e-05
0.011400848
-4.5230167e-05
0.011385816
-4.1814685e-05
0.011371777
-3.869956e-05
0.01135867
-3.58514e-05
0.011346438
-3.3241713e-05
0.011335025
-3.0845945e-05
0.01132438
-2.8642774e-05
0.011314451
-2.6613564e-05
0.011305192
-2.4741943e-05
0.011296558
-2.3013468e-05
0.011288507
-2.1415339e-05
0.011281
-1.9936178e-05
0.011274001
-1.8565832e-05
0.011267474
-1.7295212e-05
0.011261388
-1.6116156e-05
0.011255712
-1.5021309e-05
0.01125042
-1.4004029e-05
0.011245484
-1.3058296e-05
0.01124088
-1.2178641e-05
0.011236587
-1.1360086e-05
0.011232581
-1.0598083e-05
0.011228845
-9.8884733e-06
0.01122536
-9.227444e-06
0.011222108
-8.6114946e-06
0.011219074
-8.0374054e-06
0.011216243
-7.5022105e-06
0.011213602
-7.0031739e-06
0.011211137
-6.5377683e-06
0.011208837
-6.1036567e-06
0.01120669
-5.6986761e-06
0.011204686
-5.3208222e-06
0.011202816
-4.9682364e-06
0.01120107
-4.6391937e-06
0.011199441
-4.3320936e-06
0.01119792
-4.0454487e-06
0.0111965
-3.7778771e-06
0.011195175
-3.5280916e-06
0.011193937
-3.294898e-06
0.011192782
-3.0771829e-06
0.011191703
-2.873911e-06
0.011190696
-2.684106e-06
0.011189756
-2.5068678e-06
0.011188878
-2.3413598e-06
0.011188058
-2.186823e-06
0.011187292
-2.0425158e-06
0.011186578
-1.9077473e-06
0.01118591
-1.7818487e-06
0.011185287
-1.6642811e-06
0.011184705
-1.5545002e-06
0.011184161
-1.4520321e-06
0.011183653
-1.356272e-06
0.011183179
-1.266813e-06
0.011182737
-1.1831733e-06
0.011182323
-1.1052007e-06
0.011181937
-1.0323423e-06
0.011181576
-9.6442804e-07
0.011181239
-9.0069761e-07
0.011180925
-8.4136833e-07
0.011180631
-7.8565085e-07
0.011180357
-7.3419557e-07
0.0111801
-6.8554999e-07
0.011179861
-6.4086849e-07
0.011179637
-5.9791345e-07
0.011179428
-5.5927086e-07
0.011179234
-5.2129147e-07
0.011179051
-4.8850208e-07
0.011178882
-4.5439126e-07
0.011178721
-4.2714011e-07
0.011178575
-3.9552202e-07
0.011178434
-3.7443642e-07
0.011178309
-3.4389959e-07
0.011178186
-3.3163529e-07
-3.0213071e-07
0.010341662
-0.00068592734
0.010578184
-0.0010177326
0.010615671
-0.00094825625
0.010553945
-0.00083130473
0.010425822
-0.00070556886
0.010248587
-0.00057429754
0.010044962
-0.00045066426
0.0098354604
-0.00034523641
0.0096327827
-0.0002607149
0.0094437308
-0.00019594607
0.0092713466
-0.00014769799
0.009116574
-0.00011265009
0.0089789731
-8.7655673e-05
0.0088572402
-6.9988766e-05
0.0087496634
-5.748561e-05
0.0086544455
-4.8534122e-05
0.00856989
-4.1984433e-05
0.0084944844
-3.7042263e-05
0.0084269262
-3.3173824e-05
0.0083661156
-3.002929e-05
0.0083111354
-2.7384168e-05
0.0082612243
-2.5096349e-05
0.0082157512
-2.3076191e-05
0.0081741908
-2.1266629e-05
0.0081361031
-1.9630402e-05
0.0081011164
-1.8142096e-05
0.0080689141
-1.6783304e-05
0.0080392237
-1.5539787e-05
0.0080118089
-1.4399859e-05
0.0079864628
-1.3353503e-05
0.0079630033
-1.2391897e-05
0.0079412688
-1.1507168e-05
0.0079211151
-1.0692239e-05
0.007902413
-9.9407477e-06
0.0078850465
-9.2469705e-06
0.0078689103
-8.6057679e-06
0.0078539093
-8.0125281e-06
0.0078399571
-7.4631146e-06
0.0078269748
-6.9538159e-06
0.0078148902
-6.4812989e-06
0.0078036376
-6.0425651e-06
0.0077931563
-5.6349118e-06
0.0077833909
-5.2558972e-06
0.0077742902
-4.9033095e-06
0.007765807
-4.5751411e-06
0.007757898
-4.2695643e-06
0.0077505228
-3.9849115e-06
0.0077436444
-3.7196577e-06
0.0077372283
-3.4724047e-06
0.0077312427
-3.2418685e-06
0.0077256581
-3.0268678e-06
0.007720447
-2.8263136e-06
0.007715584
-2.639201e-06
0.0077110454
-2.4646006e-06
0.0077068093
-2.3016523e-06
0.0077028552
-2.1495594e-06
0.0076991641
-2.0075835e-06
0.0076957183
-1.8750394e-06
0.0076925014
-1.7512906e-06
0.0076894979
-1.6357448e-06
0.0076866937
-1.5278512e-06
0.0076840753
-1.4270966e-06
0.0076816305
-1.3330037e-06
0.0076793475
-1.2451281e-06
0.0076772157
-1.1630583e-06
0.0076752249
-1.0864089e-06
0.0076733658
-1.0148201e-06
0.0076716297
-9.4795091e-07
0.0076700083
-8.8548977e-07
0.0076684941
-8.2714746e-07
0.0076670799
-7.7266077e-07
0.0076657591
-7.2176635e-07
0.0076645256
-6.7422002e-07
0.0076633736
-6.2978797e-07
0.0076622976
-5.8829153e-07
0.0076612926
-5.4954449e-07
0.0076603539
-5.1338204e-07
0.0076594773
-4.7957428e-07
0.0076586585
-4.4797085e-07
0.0076578938
-4.183976e-07
0.0076571793
-3.9083439e-07
0.0076565119
-3.6510023e-07
0.0076558886
-3.411461e-07
0.0076553068
-3.1864701e-07
0.0076547632
-2.9766419e-07
0.0076542554
-2.7791099e-07
0.0076537807
-2.5969357e-07
0.0076533376
-2.4251724e-07
0.0076529236
-2.2677296e-07
0.0076525375
-2.1162991e-07
0.0076521761
-1.978981e-07
0.0076518392
-1.8448784e-07
0.0076515233
-1.7272095e-07
0.0076512299
-1.6097023e-07
0.0076509538
-1.5091603e-07
0.007650699
-1.4071731e-07
0.0076504565
-1.3199188e-07
0.0076502372
-1.246137e-07
0.007650022
-1.1642176e-07
-1.171721e-07
0.0093140727
0.0082963401
0.0073480838
0.0065167791
0.0058112103
0.0052369127
0.0047862484
0.004441012
0.0041802971
0.0039843511
0.0038366531
0.003724003
0.0036363473
0.0035663586
0.0035088729
0.0034603388
0.0034183544
0.0033813121
0.0033481383
0.003318109
0.0032907248
0.0032656285
0.0032425523
0.0032212857
0.0032016553
0.0031835132
0.0031667299
0.0031511901
0.0031367902
0.0031234367
0.0031110448
0.0030995377
0.0030888454
0.0030789047
0.0030696577
0.0030610519
0.0030530394
0.0030455763
0.0030386225
0.0030321412
0.0030260986
0.0030204637
0.0030152078
0.0030103045
0.0030057294
0.0030014598
0.0029974749
0.0029937552
0.0029902828
0.0029870409
0.0029840141
0.0029811878
0.0029785486
0.002976084
0.0029737823
0.0029716328
0.0029696252
0.0029677501
0.0029659988
0.0029643631
0.0029628352
0.0029614081
0.0029600751
0.00295883
0.002957667
0.0029565805
0.0029555657
0.0029546178
0.0029537323
0.0029529051
0.0029521325
0.0029514107
0.0029507365
0.0029501067
0.0029495184
0.0029489688
0.0029484555
0.002947976
0.002947528
0.0029471095
0.0029467186
0.0029463536
0.0029460125
0.0029456939
0.0029453962
0.0029451182
0.0029448585
0.002944616
0.0029443893
0.0029441777
0.0029439797
0.0029437952
0.0029436225
0.0029434616
0.0029433107
0.0029431699
0.0029430379
0.0029429133
0.0029427969
)
;

boundaryField
{
    top
    {
        type            calculated;
        value           uniform 0;
    }
    bottom
    {
        type            calculated;
        value           uniform 0;
    }
    inlet
    {
        type            calculated;
        value           nonuniform List<scalar> 10(-0.01 -0.01 -0.01 -0.01 -0.01 -0.01 -0.01 -0.01 -0.01 -0.01);
    }
    outlet
    {
        type            calculated;
        value           nonuniform List<scalar> 10(0.0029426797 0.0076498371 0.011178082 0.013527873 0.014701528 0.014701528 0.013527873 0.011178083 0.007649837 0.0029426797);
    }
    front
    {
        type            empty;
    }
    back
    {
        type            empty;
    }
}


// ************************************************************************* //
