/*--------------------------------*- C++ -*----------------------------------*\
  =========                 |
  \\      /  F ield         | OpenFOAM: The Open Source CFD Toolbox
   \\    /   O peration     | Website:  https://openfoam.org
    \\  /    A nd           | Version:  13
     \\/     M anipulation  |
\*---------------------------------------------------------------------------*/
FoamFile
{
    format      ascii;
    class       volVectorField;
    location    "17";
    object      U;
}
// * * * * * * * * * * * * * * * * * * * * * * * * * * * * * * * * * * * * * //

dimensions      [0 1 -1 0 0 0 0];

internalField   nonuniform List<vector> 
1000
(
(0.92074242 0.03382768 0)
(0.8635379 0.056684191 0)
(0.78799127 0.052753994 0)
(0.69766161 0.041237061 0)
(0.61471542 0.03020314 0)
(0.54875554 0.020988077 0)
(0.49827309 0.013660659 0)
(0.45949312 0.0082997554 0)
(0.42978721 0.004735884 0)
(0.4072852 0.002532184 0)
(0.39034402 0.0012497964 0)
(0.37751559 0.00056180318 0)
(0.36764107 0.00024261438 0)
(0.35985945 0.00013663717 0)
(0.35355677 0.00013976099 0)
(0.34830594 0.00018761023 0)
(0.34381545 0.00024452974 0)
(0.33988918 0.0002935124 0)
(0.33639623 0.00032844055 0)
(0.33324896 0.00034888363 0)
(0.33038779 0.00035693701 0)
(0.32777097 0.0003554665 0)
(0.32536798 0.00034724076 0)
(0.32315538 0.00033457888 0)
(0.32111429 0.00031926786 0)
(0.31922887 0.00030260429 0)
(0.31748536 0.00028548191 0)
(0.31587163 0.00026848672 0)
(0.31437679 0.00025198199 0)
(0.31299103 0.00023617685 0)
(0.31170546 0.00022117785 0)
(0.31051204 0.00020702585 0)
(0.30940345 0.00019372129 0)
(0.30837305 0.00018124099 0)
(0.3074148 0.00016954902 0)
(0.30652319 0.00015860339 0)
(0.30569321 0.00014836017 0)
(0.30492028 0.00013877577 0)
(0.30420021 0.0001298082 0)
(0.30352916 0.00012141765 0)
(0.30290362 0.00011356673 0)
(0.30232035 0.00010622049 0)
(0.30177636 9.9346274e-05 0)
(0.30126891 9.2913656e-05 0)
(0.30079546 8.689426e-05 0)
(0.30035366 8.1261628e-05 0)
(0.29994134 7.5991047e-05 0)
(0.29955648 7.1059402e-05 0)
(0.29919722 6.6445045e-05 0)
(0.29886183 6.2127716e-05 0)
(0.29854869 5.8088466e-05 0)
(0.2982563 5.4309572e-05 0)
(0.29798328 5.0774451e-05 0)
(0.29772833 4.7467561e-05 0)
(0.29749024 4.4374337e-05 0)
(0.29726789 4.1481123e-05 0)
(0.29706022 3.8775143e-05 0)
(0.29686627 3.6244426e-05 0)
(0.29668512 3.3877757e-05 0)
(0.29651592 3.1664592e-05 0)
(0.29635789 2.9595051e-05 0)
(0.29621027 2.7659876e-05 0)
(0.2960724 2.5850462e-05 0)
(0.29594361 2.4158736e-05 0)
(0.29582331 2.2577182e-05 0)
(0.29571094 2.1098666e-05 0)
(0.29560597 1.9716584e-05 0)
(0.29550792 1.8424585e-05 0)
(0.29541633 1.7216818e-05 0)
(0.29533078 1.6087597e-05 0)
(0.29525086 1.5032161e-05 0)
(0.2951762 1.4045943e-05 0)
(0.29510647 1.312484e-05 0)
(0.29504133 1.226351e-05 0)
(0.29498048 1.1457872e-05 0)
(0.29492364 1.0704198e-05 0)
(0.29487054 1.0001624e-05 0)
(0.29482094 9.3459997e-06 0)
(0.2947746 8.7335031e-06 0)
(0.29473133 8.1568153e-06 0)
(0.29469089 7.6179568e-06 0)
(0.29465313 7.1157446e-06 0)
(0.29461785 6.6541682e-06 0)
(0.2945849 6.2194677e-06 0)
(0.2945541 5.8112898e-06 0)
(0.29452535 5.418179e-06 0)
(0.29449849 5.061001e-06 0)
(0.29447342 4.7269771e-06 0)
(0.29444996 4.4319109e-06 0)
(0.29442808 4.1363433e-06 0)
(0.29440759 3.8675357e-06 0)
(0.29438851 3.5936728e-06 0)
(0.29437066 3.3656112e-06 0)
(0.29435398 3.144443e-06 0)
(0.29433846 2.9465786e-06 0)
(0.29432374 2.780933e-06 0)
(0.29431046 2.5504584e-06 0)
(0.29429687 2.5870753e-06 0)
(0.29428637 2.0634026e-06 0)
(0.29426901 2.9314333e-06 0)
(1.0019381 0.052732953 0)
(1.0365395 0.10225274 0)
(1.0602516 0.11315449 0)
(1.0635369 0.1090466 0)
(1.0522935 0.099516705 0)
(1.0346516 0.087114674 0)
(1.0147897 0.073373125 0)
(0.99415463 0.059906706 0)
(0.97358849 0.047880415 0)
(0.95388174 0.037787615 0)
(0.93564763 0.029665823 0)
(0.91918057 0.02332968 0)
(0.90451503 0.018503101 0)
(0.89154102 0.014887717 0)
(0.88008798 0.012203272 0)
(0.86996961 0.010210173 0)
(0.86100573 0.0087174146 0)
(0.85303279 0.0075805261 0)
(0.84590822 0.0066945206 0)
(0.83951094 0.0059853885 0)
(0.83373979 0.0054021117 0)
(0.82851093 0.0049100421 0)
(0.82375499 0.0044858262 0)
(0.81941448 0.0041137185 0)
(0.81544148 0.0037830017 0)
(0.81179572 0.003486233 0)
(0.80844305 0.0032180836 0)
(0.80535423 0.002974588 0)
(0.80250401 0.0027526713 0)
(0.79987035 0.0025498555 0)
(0.79743393 0.0023640799 0)
(0.79517764 0.0021935892 0)
(0.79308626 0.0020368635 0)
(0.79114619 0.0018925723 0)
(0.7893452 0.0017595432 0)
(0.78767226 0.0016367379 0)
(0.7861174 0.0015232345 0)
(0.78467155 0.0014182118 0)
(0.78332647 0.0013209373 0)
(0.78207464 0.0012307555 0)
(0.78090916 0.0011470786 0)
(0.77982372 0.0010693785 0)
(0.77881255 0.00099717889 0)
(0.77787031 0.00093004936 0)
(0.7769921 0.00086759998 0)
(0.7761734 0.00080947648 0)
(0.77541002 0.00075535614 0)
(0.77469811 0.00070494415 0)
(0.7740341 0.00065797058 0)
(0.77341468 0.00061418777 0)
(0.77283678 0.00057336816 0)
(0.77229757 0.00053530234 0)
(0.77179439 0.00049979735 0)
(0.7713248 0.00046667504 0)
(0.77088652 0.00043577071 0)
(0.77047743 0.00040693178 0)
(0.77009557 0.00038001685 0)
(0.76973909 0.00035489474 0)
(0.76940629 0.00033144371 0)
(0.76909559 0.00030955067 0)
(0.7688055 0.00028911055 0)
(0.76853464 0.00027002564 0)
(0.76828173 0.00025220519 0)
(0.76804558 0.0002355647 0)
(0.76782506 0.00022002562 0)
(0.76761914 0.0002055143 0)
(0.76742684 0.00019196221 0)
(0.76724726 0.00017930509 0)
(0.76707955 0.00016748374 0)
(0.76692292 0.00015644225 0)
(0.76677665 0.00014612942 0)
(0.76664004 0.00013649682 0)
(0.76651245 0.00012750147 0)
(0.7663933 0.00011910003 0)
(0.76628201 0.00011125296 0)
(0.76617806 0.00010391956 0)
(0.76608097 9.7070402e-05 0)
(0.76599029 9.0673482e-05 0)
(0.7659056 8.4704145e-05 0)
(0.76582651 7.9121095e-05 0)
(0.76575262 7.3904175e-05 0)
(0.76568361 6.902386e-05 0)
(0.76561912 6.4485307e-05 0)
(0.76555894 6.0243659e-05 0)
(0.76550269 5.6291141e-05 0)
(0.76545021 5.2558461e-05 0)
(0.7654011 4.9090561e-05 0)
(0.76535532 4.5830228e-05 0)
(0.76531243 4.2856746e-05 0)
(0.76527253 4.0022734e-05 0)
(0.76523511 3.7431717e-05 0)
(0.76520029 3.4885186e-05 0)
(0.76516768 3.2635707e-05 0)
(0.76513716 3.0402178e-05 0)
(0.76510903 2.8538612e-05 0)
(0.76508175 2.6549159e-05 0)
(0.76505849 2.499214e-05 0)
(0.76503225 2.3179741e-05 0)
(0.76501646 2.2102798e-05 0)
(0.76498456 2.0688841e-05 0)
(1.0002467 0.026719375 0)
(1.0283936 0.06255548 0)
(1.0646999 0.077616155 0)
(1.0979952 0.080476474 0)
(1.1240764 0.078058279 0)
(1.1435812 0.07291683 0)
(1.1579044 0.065986855 0)
(1.1678877 0.0582047 0)
(1.1741544 0.050495786 0)
(1.1774192 0.043467201 0)
(1.1784517 0.037361306 0)
(1.1779313 0.032190659 0)
(1.1763807 0.027868333 0)
(1.1741779 0.024277407 0)
(1.1715897 0.021298543 0)
(1.1688025 0.018820816 0)
(1.1659442 0.01674707 0)
(1.1630997 0.014996288 0)
(1.1603237 0.013503444 0)
(1.1576498 0.012217608 0)
(1.155097 0.011099376 0)
(1.1526749 0.010118339 0)
(1.1503869 0.0092509608 0)
(1.1482324 0.0084788998 0)
(1.1462083 0.0077877247 0)
(1.1443101 0.0071659429 0)
(1.1425324 0.006604274 0)
(1.1408692 0.0060951138 0)
(1.1393144 0.0056321453 0)
(1.1378619 0.005210055 0)
(1.1365056 0.0048243258 0)
(1.1352396 0.0044710832 0)
(1.1340583 0.0041469786 0)
(1.1329564 0.0038490993 0)
(1.1319285 0.0035748983 0)
(1.13097 0.0033221375 0)
(1.1300761 0.0030888421 0)
(1.1292426 0.0028732626 0)
(1.1284655 0.0026738434 0)
(1.1277408 0.0024891967 0)
(1.1270651 0.0023180801 0)
(1.1264351 0.0021593782 0)
(1.1258476 0.002012086 0)
(1.1252997 0.0018752964 0)
(1.1247887 0.0017481876 0)
(1.1243122 0.0016300138 0)
(1.1238677 0.0015200962 0)
(1.1234532 0.0014178154 0)
(1.1230665 0.0013226051 0)
(1.1227057 0.0012339464 0)
(1.1223692 0.0011513634 0)
(1.1220552 0.0010744184 0)
(1.1217622 0.0010027092 0)
(1.1214889 0.00093586471 0)
(1.1212338 0.00087354282 0)
(1.1209957 0.00081542726 0)
(1.1207736 0.00076122549 0)
(1.1205662 0.00071066653 0)
(1.1203727 0.00066349923 0)
(1.1201921 0.00061949058 0)
(1.1200235 0.0005784245 0)
(1.1198661 0.0005401005 0)
(1.1197192 0.0005043327 0)
(1.1195821 0.00047094817 0)
(1.119454 0.00043978647 0)
(1.1193345 0.00041069767 0)
(1.1192229 0.00038354239 0)
(1.1191187 0.00035818958 0)
(1.1190214 0.00033451816 0)
(1.1189306 0.00031241499 0)
(1.1188458 0.00029177758 0)
(1.1187666 0.00027250785 0)
(1.1186926 0.00025451585 0)
(1.1186235 0.00023771234 0)
(1.1185591 0.00022202147 0)
(1.1184988 0.00020736714 0)
(1.1184426 0.00019368793 0)
(1.1183901 0.00018090865 0)
(1.118341 0.00016897485 0)
(1.1182953 0.00015781528 0)
(1.1182525 0.00014740453 0)
(1.1182125 0.00013767656 0)
(1.1181751 0.00012862017 0)
(1.1181404 0.00012013283 0)
(1.1181078 0.00011222604 0)
(1.1180775 0.00010478046 0)
(1.118049 9.7896278e-05 0)
(1.1180226 9.1398681e-05 0)
(1.1179976 8.546265e-05 0)
(1.1179748 7.9749615e-05 0)
(1.1179529 7.4610348e-05 0)
(1.117933 6.9499029e-05 0)
(1.1179138 6.513816e-05 0)
(1.1178965 6.0533839e-05 0)
(1.11788 5.7001705e-05 0)
(1.1178644 5.2672642e-05 0)
(1.1178509 5.0008682e-05 0)
(1.1178356 4.5645971e-05 0)
(1.117827 4.4073917e-05 0)
(1.1178088 3.9590504e-05 0)
(1.0000321 0.01172771 0)
(1.0173964 0.030563016 0)
(1.0455868 0.040990665 0)
(1.0788323 0.044657243 0)
(1.1117703 0.044906518 0)
(1.1419849 0.043513626 0)
(1.1689322 0.040998751 0)
(1.1925678 0.037704081 0)
(1.2129268 0.034089591 0)
(1.2301852 0.030558837 0)
(1.2446903 0.027331285 0)
(1.256878 0.024473251 0)
(1.2671747 0.021977088 0)
(1.2759451 0.019810764 0)
(1.283481 0.017935176 0)
(1.290012 0.016308896 0)
(1.2957188 0.01489143 0)
(1.3007436 0.013646371 0)
(1.3051988 0.01254321 0)
(1.3091728 0.011557532 0)
(1.3127361 0.010670221 0)
(1.3159451 0.0098663839 0)
(1.3188459 0.0091343731 0)
(1.3214765 0.008464993 0)
(1.3238688 0.0078508906 0)
(1.3260498 0.0072860864 0)
(1.3280427 0.0067656222 0)
(1.3298674 0.0062853022 0)
(1.3315412 0.0058415093 0)
(1.3330791 0.0054310758 0)
(1.3344943 0.0050511928 0)
(1.3357985 0.0046993462 0)
(1.3370019 0.0043732698 0)
(1.3381138 0.0040709112 0)
(1.339142 0.0037904042 0)
(1.340094 0.0035300482 0)
(1.340976 0.0032882898 0)
(1.341794 0.0030637084 0)
(1.3425532 0.0028550031 0)
(1.3432582 0.0026609812 0)
(1.3439133 0.0024805482 0)
(1.3445224 0.0023126988 0)
(1.345089 0.0021565085 0)
(1.3456163 0.002011127 0)
(1.3461071 0.0018757713 0)
(1.3465643 0.0017497199 0)
(1.3469902 0.0016323071 0)
(1.347387 0.0015229184 0)
(1.347757 0.0014209854 0)
(1.3481019 0.001325983 0)
(1.3484235 0.001237425 0)
(1.3487234 0.0011548616 0)
(1.3490033 0.0010778762 0)
(1.3492643 0.0010060826 0)
(1.3495079 0.0009391227 0)
(1.3497353 0.00087666423 0)
(1.3499474 0.00081839863 0)
(1.3501454 0.00076403919 0)
(1.3503303 0.00071331934 0)
(1.3505029 0.00066599111 0)
(1.350664 0.0006218241 0)
(1.3508144 0.00058060424 0)
(1.3509548 0.00054213291 0)
(1.351086 0.00050622483 0)
(1.3512084 0.00047270782 0)
(1.3513228 0.00044142102 0)
(1.3514296 0.00041221515 0)
(1.3515293 0.00038494907 0)
(1.3516224 0.00035949153 0)
(1.3517094 0.00033572061 0)
(1.3517907 0.00031352844 0)
(1.3518665 0.00029281104 0)
(1.3519374 0.00027346906 0)
(1.3520036 0.00025540082 0)
(1.3520654 0.00023852612 0)
(1.3521231 0.00022277143 0)
(1.352177 0.00020807629 0)
(1.3522274 0.00019434801 0)
(1.3522745 0.00018151596 0)
(1.3523184 0.00016950506 0)
(1.3523594 0.00015831441 0)
(1.3523978 0.00014787695 0)
(1.3524336 0.00013816872 0)
(1.3524672 0.00012903772 0)
(1.3524982 0.00012051915 0)
(1.3525276 0.00011249309 0)
(1.3525546 0.00010513017 0)
(1.3525804 9.8165484e-05 0)
(1.3526037 9.182506e-05 0)
(1.3526266 8.5620053e-05 0)
(1.3526465 8.0119942e-05 0)
(1.352667 7.4558517e-05 0)
(1.3526837 7.0005668e-05 0)
(1.3527024 6.4951542e-05 0)
(1.3527159 6.1311546e-05 0)
(1.3527337 5.6429527e-05 0)
(1.3527436 5.379515e-05 0)
(1.3527615 4.8812234e-05 0)
(1.3527672 4.7352693e-05 0)
(1.3527872 4.1997493e-05 0)
(1.0001568 0.0034383906 0)
(1.0134518 0.0092557598 0)
(1.036628 0.012853241 0)
(1.0666034 0.014335343 0)
(1.0987809 0.014626052 0)
(1.1300715 0.014363697 0)
(1.1593037 0.013741451 0)
(1.1861976 0.01284016 0)
(1.2106431 0.011790373 0)
(1.2325915 0.010728734 0)
(1.2521417 0.0097376724 0)
(1.2695378 0.0088459648 0)
(1.2850832 0.0080555411 0)
(1.2990634 0.0073596116 0)
(1.3117148 0.006748688 0)
(1.3232262 0.0062117873 0)
(1.3337497 0.0057373916 0)
(1.3434089 0.0053147117 0)
(1.3523048 0.0049345706 0)
(1.3605198 0.0045896476 0)
(1.3681215 0.0042742899 0)
(1.3751666 0.0039841791 0)
(1.3817032 0.003716012 0)
(1.3877733 0.0034672426 0)
(1.3934137 0.003235881 0)
(1.3986577 0.0030203394 0)
(1.4035351 0.0028193156 0)
(1.408073 0.0026317093 0)
(1.4122964 0.0024565635 0)
(1.416228 0.0022930255 0)
(1.4198888 0.002140321 0)
(1.4232982 0.0019977379 0)
(1.4264741 0.0018646156 0)
(1.429433 0.0017403375 0)
(1.4321902 0.0016243268 0)
(1.4347599 0.0015160428 0)
(1.4371552 0.0014149784 0)
(1.4393882 0.0013206583 0)
(1.4414702 0.0012326367 0)
(1.4434117 0.0011504961 0)
(1.4452223 0.0010738455 0)
(1.4469111 0.0010023191 0)
(1.4484863 0.00093557459 0)
(1.4499558 0.00087329255 0)
(1.4513269 0.00081517446 0)
(1.4526061 0.00076094164 0)
(1.4537997 0.00071033377 0)
(1.4549136 0.00066310764 0)
(1.4559531 0.0006190362 0)
(1.4569232 0.00057790755 0)
(1.4578287 0.00053952411 0)
(1.4586739 0.00050370174 0)
(1.4594628 0.00047026871 0)
(1.4601993 0.00043906488 0)
(1.4608868 0.00040994087 0)
(1.4615286 0.00038275731 0)
(1.4621278 0.0003573842 0)
(1.4626872 0.00033370013 0)
(1.4632096 0.00031159179 0)
(1.4636973 0.00029095338 0)
(1.4641526 0.00027168654 0)
(1.4645778 0.00025369981 0)
(1.4649749 0.0002369081 0)
(1.4653456 0.00022123187 0)
(1.4656918 0.0002065967 0)
(1.4660151 0.00019293317 0)
(1.4663171 0.00018017649 0)
(1.466599 0.00016826481 0)
(1.4668623 0.00015714078 0)
(1.4671082 0.00014675232 0)
(1.4673379 0.00013705447 0)
(1.4675524 0.00012800237 0)
(1.4677526 0.00011954975 0)
(1.4679397 0.00011164995 0)
(1.4681144 0.00010427086 0)
(1.4682776 9.738605e-05 0)
(1.4684301 9.0969128e-05 0)
(1.4685724 8.4969802e-05 0)
(1.4687052 7.9352e-05 0)
(1.4688295 7.4089975e-05 0)
(1.4689454 6.9200699e-05 0)
(1.4690539 6.4653201e-05 0)
(1.469155 6.0422026e-05 0)
(1.4692495 5.6418232e-05 0)
(1.4693375 5.2673978e-05 0)
(1.4694204 4.9152551e-05 0)
(1.469497 4.5955452e-05 0)
(1.4695696 4.2929427e-05 0)
(1.4696358 4.0171445e-05 0)
(1.4696996 3.7425559e-05 0)
(1.4697567 3.5012383e-05 0)
(1.4698136 3.2562252e-05 0)
(1.4698621 3.0615525e-05 0)
(1.4699135 2.8393263e-05 0)
(1.469953 2.6834168e-05 0)
(1.4700015 2.464795e-05 0)
(1.4700313 2.3529815e-05 0)
(1.4700801 2.1300794e-05 0)
(1.4700974 2.0699592e-05 0)
(1.4701522 1.8285586e-05 0)
(1.0001568 -0.0034383906 0)
(1.0134518 -0.0092557598 0)
(1.036628 -0.012853241 0)
(1.0666034 -0.014335343 0)
(1.0987809 -0.014626052 0)
(1.1300715 -0.014363697 0)
(1.1593037 -0.013741451 0)
(1.1861976 -0.012840159 0)
(1.2106431 -0.011790373 0)
(1.2325915 -0.010728734 0)
(1.2521417 -0.0097376724 0)
(1.2695378 -0.0088459649 0)
(1.2850832 -0.0080555412 0)
(1.2990634 -0.0073596116 0)
(1.3117148 -0.006748688 0)
(1.3232262 -0.0062117872 0)
(1.3337497 -0.0057373915 0)
(1.3434089 -0.0053147116 0)
(1.3523048 -0.0049345707 0)
(1.3605198 -0.0045896478 0)
(1.3681215 -0.0042742902 0)
(1.3751666 -0.0039841792 0)
(1.3817032 -0.0037160119 0)
(1.3877733 -0.0034672423 0)
(1.3934137 -0.0032358807 0)
(1.3986577 -0.0030203393 0)
(1.4035351 -0.0028193158 0)
(1.408073 -0.0026317097 0)
(1.4122964 -0.0024565639 0)
(1.416228 -0.0022930256 0)
(1.4198888 -0.0021403208 0)
(1.4232982 -0.0019977375 0)
(1.4264741 -0.0018646151 0)
(1.429433 -0.0017403372 0)
(1.4321902 -0.0016243268 0)
(1.4347599 -0.0015160432 0)
(1.4371552 -0.001414979 0)
(1.4393882 -0.0013206588 0)
(1.4414702 -0.0012326369 0)
(1.4434117 -0.0011504958 0)
(1.4452223 -0.0010738449 0)
(1.4469111 -0.0010023184 0)
(1.4484863 -0.00093557431 0)
(1.4499558 -0.00087329286 0)
(1.4513269 -0.00081517523 0)
(1.4526061 -0.00076094244 0)
(1.4537997 -0.00071033416 0)
(1.4549136 -0.00066310741 0)
(1.4559531 -0.00061903546 0)
(1.4569232 -0.00057790669 0)
(1.4578287 -0.00053952358 0)
(1.4586739 -0.00050370179 0)
(1.4594628 -0.00047026934 0)
(1.4601993 -0.00043906585 0)
(1.4608868 -0.00040994177 0)
(1.4615286 -0.0003827577 0)
(1.4621278 -0.00035738377 0)
(1.4626872 -0.00033369895 0)
(1.4632096 -0.00031159034 0)
(1.4636973 -0.00029095249 0)
(1.4641526 -0.0002716868 0)
(1.4645778 -0.00025370123 0)
(1.4649749 -0.00023691012 0)
(1.4653456 -0.00022123339 0)
(1.4656918 -0.00020659687 0)
(1.4660151 -0.00019293139 0)
(1.4663171 -0.00018017332 0)
(1.466599 -0.00016826234 0)
(1.4668623 -0.00015714115 0)
(1.4671082 -0.00014675508 0)
(1.4673379 -0.00013705632 0)
(1.4675524 -0.00012800092 0)
(1.4677526 -0.00011954825 0)
(1.4679397 -0.00011165303 0)
(1.4681144 -0.00010427641 0)
(1.4682777 -9.738436e-05 0)
(1.4684301 -9.0956425e-05 0)
(1.4685724 -8.4959082e-05 0)
(1.4687052 -7.9360652e-05 0)
(1.4688294 -7.4114856e-05 0)
(1.4689454 -6.9213789e-05 0)
(1.469054 -6.4633896e-05 0)
(1.4691549 -6.0386895e-05 0)
(1.4692495 -5.6409023e-05 0)
(1.4693375 -5.2706856e-05 0)
(1.4694204 -4.9195974e-05 0)
(1.469497 -4.5960654e-05 0)
(1.4695696 -4.2888112e-05 0)
(1.4696358 -4.0124674e-05 0)
(1.4696996 -3.74233e-05 0)
(1.4697568 -3.5053685e-05 0)
(1.4698137 -3.260333e-05 0)
(1.4698621 -3.061839e-05 0)
(1.4699135 -2.8362751e-05 0)
(1.469953 -2.6803631e-05 0)
(1.4700015 -2.4640126e-05 0)
(1.4700314 -2.3543703e-05 0)
(1.4700801 -2.1322174e-05 0)
(1.4700974 -2.0712253e-05 0)
(1.4701522 -1.8285919e-05 0)
(1.0000321 -0.01172771 0)
(1.0173964 -0.030563016 0)
(1.0455868 -0.040990665 0)
(1.0788323 -0.044657243 0)
(1.1117703 -0.044906518 0)
(1.1419849 -0.043513626 0)
(1.1689322 -0.040998751 0)
(1.1925678 -0.037704081 0)
(1.2129268 -0.034089591 0)
(1.2301852 -0.030558837 0)
(1.2446903 -0.027331285 0)
(1.256878 -0.024473251 0)
(1.2671747 -0.021977088 0)
(1.2759451 -0.019810764 0)
(1.283481 -0.017935176 0)
(1.290012 -0.016308896 0)
(1.2957188 -0.01489143 0)
(1.3007436 -0.013646371 0)
(1.3051988 -0.01254321 0)
(1.3091728 -0.011557532 0)
(1.3127361 -0.010670221 0)
(1.3159451 -0.009866384 0)
(1.3188459 -0.0091343731 0)
(1.3214765 -0.0084649929 0)
(1.3238688 -0.0078508905 0)
(1.3260498 -0.0072860864 0)
(1.3280427 -0.0067656222 0)
(1.3298674 -0.0062853023 0)
(1.3315412 -0.0058415095 0)
(1.3330791 -0.005431076 0)
(1.3344943 -0.0050511928 0)
(1.3357985 -0.004699346 0)
(1.3370019 -0.0043732696 0)
(1.3381138 -0.004070911 0)
(1.339142 -0.0037904042 0)
(1.340094 -0.0035300483 0)
(1.340976 -0.00328829 0)
(1.341794 -0.0030637086 0)
(1.3425532 -0.0028550032 0)
(1.3432582 -0.0026609811 0)
(1.3439133 -0.0024805479 0)
(1.3445224 -0.0023126984 0)
(1.345089 -0.0021565083 0)
(1.3456163 -0.002011127 0)
(1.3461071 -0.0018757716 0)
(1.3465643 -0.0017497203 0)
(1.3469902 -0.0016323074 0)
(1.347387 -0.0015229184 0)
(1.347757 -0.0014209851 0)
(1.3481019 -0.0013259825 0)
(1.3484235 -0.0012374246 0)
(1.3487235 -0.0011548615 0)
(1.3490033 -0.0010778765 0)
(1.3492643 -0.0010060831 0)
(1.3495079 -0.00093912323 0)
(1.3497353 -0.00087666447 0)
(1.3499474 -0.0008183984 0)
(1.3501454 -0.00076403854 0)
(1.3503303 -0.00071331857 0)
(1.3505029 -0.00066599061 0)
(1.350664 -0.00062182421 0)
(1.3508144 -0.00058060501 0)
(1.3509548 -0.00054213399 0)
(1.351086 -0.00050622569 0)
(1.3512084 -0.00047270783 0)
(1.3513228 -0.00044142011 0)
(1.3514296 -0.00041221378 0)
(1.3515293 -0.00038494798 0)
(1.3516224 -0.00035949128 0)
(1.3517094 -0.00033572114 0)
(1.3517907 -0.00031352924 0)
(1.3518665 -0.00029281197 0)
(1.3519374 -0.00027347004 0)
(1.3520036 -0.00025540164 0)
(1.3520654 -0.00023852566 0)
(1.3521232 -0.00022276884 0)
(1.3521771 -0.00020807265 0)
(1.3522274 -0.00019434669 0)
(1.3522744 -0.0001815196 0)
(1.3523184 -0.00016951132 0)
(1.3523595 -0.00015831705 0)
(1.3523979 -0.00014787204 0)
(1.3524336 -0.00013816084 0)
(1.3524671 -0.00012903593 0)
(1.3524982 -0.00012052778 0)
(1.3525277 -0.00011250353 0)
(1.3525547 -0.00010513072 0)
(1.3525805 -9.8153201e-05 0)
(1.3526037 -9.1812459e-05 0)
(1.3526266 -8.5618789e-05 0)
(1.3526465 -8.013158e-05 0)
(1.3526671 -7.457119e-05 0)
(1.3526837 -7.0007813e-05 0)
(1.3527024 -6.4943417e-05 0)
(1.3527159 -6.1302643e-05 0)
(1.3527337 -5.6427115e-05 0)
(1.3527436 -5.3799208e-05 0)
(1.3527616 -4.8816867e-05 0)
(1.3527672 -4.7355853e-05 0)
(1.3527872 -4.1999322e-05 0)
(1.0002467 -0.026719375 0)
(1.0283936 -0.06255548 0)
(1.0646999 -0.077616155 0)
(1.0979952 -0.080476474 0)
(1.1240764 -0.078058279 0)
(1.1435812 -0.07291683 0)
(1.1579044 -0.065986855 0)
(1.1678877 -0.0582047 0)
(1.1741544 -0.050495786 0)
(1.1774192 -0.043467201 0)
(1.1784517 -0.037361306 0)
(1.1779313 -0.032190659 0)
(1.1763807 -0.027868333 0)
(1.1741779 -0.024277407 0)
(1.1715897 -0.021298543 0)
(1.1688025 -0.018820816 0)
(1.1659442 -0.01674707 0)
(1.1630997 -0.014996288 0)
(1.1603237 -0.013503444 0)
(1.1576498 -0.012217608 0)
(1.155097 -0.011099376 0)
(1.1526749 -0.010118339 0)
(1.1503869 -0.0092509609 0)
(1.1482324 -0.0084788999 0)
(1.1462083 -0.0077877247 0)
(1.1443101 -0.0071659429 0)
(1.1425324 -0.0066042738 0)
(1.1408692 -0.0060951137 0)
(1.1393144 -0.0056321453 0)
(1.1378619 -0.0052100551 0)
(1.1365056 -0.004824326 0)
(1.1352396 -0.0044710833 0)
(1.1340583 -0.0041469785 0)
(1.1329564 -0.0038490991 0)
(1.1319285 -0.0035748981 0)
(1.13097 -0.0033221375 0)
(1.1300761 -0.0030888422 0)
(1.1292426 -0.0028732628 0)
(1.1284655 -0.0026738436 0)
(1.1277408 -0.0024891968 0)
(1.1270651 -0.0023180801 0)
(1.1264351 -0.0021593779 0)
(1.1258476 -0.0020120857 0)
(1.1252997 -0.0018752961 0)
(1.1247887 -0.0017481875 0)
(1.1243122 -0.001630014 0)
(1.1238677 -0.0015200965 0)
(1.1234532 -0.0014178157 0)
(1.1230665 -0.0013226052 0)
(1.1227057 -0.0012339463 0)
(1.1223692 -0.001151363 0)
(1.1220552 -0.0010744182 0)
(1.1217622 -0.0010027091 0)
(1.1214889 -0.00093586487 0)
(1.1212338 -0.0008735431 0)
(1.1209957 -0.00081542751 0)
(1.1207736 -0.0007612256 0)
(1.1205662 -0.00071066647 0)
(1.1203727 -0.000663499 0)
(1.1201921 -0.00061949025 0)
(1.1200235 -0.00057842423 0)
(1.1198661 -0.00054010047 0)
(1.1197192 -0.00050433297 0)
(1.1195821 -0.00047094865 0)
(1.119454 -0.00043978689 0)
(1.1193345 -0.0004106979 0)
(1.1192229 -0.00038354226 0)
(1.1191187 -0.00035818876 0)
(1.1190214 -0.00033451666 0)
(1.1189306 -0.0003124139 0)
(1.1188458 -0.00029177855 0)
(1.1187666 -0.00027251079 0)
(1.1186926 -0.00025451762 0)
(1.1186235 -0.00023771028 0)
(1.1185591 -0.00022201779 0)
(1.1184989 -0.00020736743 0)
(1.1184426 -0.00019369287 0)
(1.1183901 -0.00018091074 0)
(1.118341 -0.00016896784 0)
(1.1182953 -0.00015780583 0)
(1.1182525 -0.00014740709 0)
(1.1182125 -0.00013769352 0)
(1.1181751 -0.0001286337 0)
(1.1181404 -0.00012012376 0)
(1.1181078 -0.00011220044 0)
(1.1180775 -0.00010476612 0)
(1.118049 -9.791155e-05 0)
(1.1180226 -9.1428371e-05 0)
(1.1179976 -8.5473991e-05 0)
(1.1179747 -7.9729095e-05 0)
(1.1179529 -7.4580675e-05 0)
(1.117933 -6.949212e-05 0)
(1.1179138 -6.5159035e-05 0)
(1.1178965 -6.0558821e-05 0)
(1.11788 -5.700735e-05 0)
(1.1178644 -5.2659236e-05 0)
(1.1178509 -4.9992478e-05 0)
(1.1178356 -4.5638442e-05 0)
(1.117827 -4.4079677e-05 0)
(1.1178088 -3.9598863e-05 0)
(1.0019381 -0.052732953 0)
(1.0365395 -0.10225274 0)
(1.0602516 -0.11315449 0)
(1.0635369 -0.1090466 0)
(1.0522935 -0.099516705 0)
(1.0346516 -0.087114674 0)
(1.0147897 -0.073373125 0)
(0.99415463 -0.059906706 0)
(0.97358849 -0.047880415 0)
(0.95388174 -0.037787615 0)
(0.93564763 -0.029665823 0)
(0.91918057 -0.02332968 0)
(0.90451503 -0.018503101 0)
(0.89154102 -0.014887717 0)
(0.88008798 -0.012203272 0)
(0.86996961 -0.010210173 0)
(0.86100573 -0.0087174146 0)
(0.85303279 -0.007580526 0)
(0.84590822 -0.0066945205 0)
(0.83951094 -0.0059853884 0)
(0.83373979 -0.0054021117 0)
(0.82851093 -0.0049100422 0)
(0.82375499 -0.0044858263 0)
(0.81941448 -0.0041137186 0)
(0.81544148 -0.0037830016 0)
(0.81179572 -0.0034862329 0)
(0.80844305 -0.0032180835 0)
(0.80535423 -0.002974588 0)
(0.80250401 -0.0027526714 0)
(0.79987035 -0.0025498557 0)
(0.79743393 -0.0023640801 0)
(0.79517764 -0.0021935892 0)
(0.79308626 -0.0020368633 0)
(0.79114619 -0.0018925721 0)
(0.7893452 -0.0017595431 0)
(0.78767226 -0.0016367379 0)
(0.7861174 -0.0015232346 0)
(0.78467155 -0.001418212 0)
(0.78332647 -0.0013209374 0)
(0.78207464 -0.0012307555 0)
(0.78090916 -0.0011470786 0)
(0.77982372 -0.0010693783 0)
(0.77881255 -0.00099717861 0)
(0.77787031 -0.00093004917 0)
(0.7769921 -0.00086759999 0)
(0.7761734 -0.0008094767 0)
(0.77541002 -0.00075535643 0)
(0.77469811 -0.00070494434 0)
(0.7740341 -0.00065797058 0)
(0.77341468 -0.00061418759 0)
(0.77283678 -0.0005733679 0)
(0.77229757 -0.00053530215 0)
(0.77179439 -0.0004997973 0)
(0.7713248 -0.00046667514 0)
(0.77088652 -0.00043577088 0)
(0.77047743 -0.00040693195 0)
(0.77009557 -0.00038001696 0)
(0.76973909 -0.00035489473 0)
(0.76940629 -0.00033144355 0)
(0.76909559 -0.0003095504 0)
(0.7688055 -0.00028911032 0)
(0.76853464 -0.00027002561 0)
(0.76828174 -0.00025220543 0)
(0.76804558 -0.00023556509 0)
(0.76782506 -0.00022002593 0)
(0.76761914 -0.00020551432 0)
(0.76742684 -0.00019196179 0)
(0.76724726 -0.00017930425 0)
(0.76707955 -0.00016748292 0)
(0.76692293 -0.00015644228 0)
(0.76677665 -0.00014613071 0)
(0.76664004 -0.00013649838 0)
(0.76651245 -0.00012750151 0)
(0.7663933 -0.00011909844 0)
(0.76628201 -0.00011125203 0)
(0.76617806 -0.00010392094 0)
(0.76608096 -9.707185e-05 0)
(0.76599029 -9.0671068e-05 0)
(0.76590561 -8.4698949e-05 0)
(0.76582653 -7.9120552e-05 0)
(0.76575262 -7.3912913e-05 0)
(0.76568359 -6.9034366e-05 0)
(0.7656191 -6.4483875e-05 0)
(0.76555895 -6.0227435e-05 0)
(0.76550272 -5.6275758e-05 0)
(0.76545023 -5.2562334e-05 0)
(0.76540108 -4.9112408e-05 0)
(0.76535528 -4.5847569e-05 0)
(0.76531241 -4.2850041e-05 0)
(0.76527255 -3.9998194e-05 0)
(0.76523514 -3.7415235e-05 0)
(0.7652003 -3.4893691e-05 0)
(0.76516767 -3.2659117e-05 0)
(0.76513715 -3.0416948e-05 0)
(0.76510903 -2.8532929e-05 0)
(0.76508176 -2.6532298e-05 0)
(0.7650585 -2.4980121e-05 0)
(0.76503225 -2.3180164e-05 0)
(0.76501646 -2.2112613e-05 0)
(0.76498456 -2.0696135e-05 0)
(0.92074242 -0.03382768 0)
(0.8635379 -0.056684191 0)
(0.78799127 -0.052753994 0)
(0.69766161 -0.041237061 0)
(0.61471542 -0.03020314 0)
(0.54875554 -0.020988077 0)
(0.49827309 -0.013660659 0)
(0.45949312 -0.0082997554 0)
(0.42978721 -0.004735884 0)
(0.4072852 -0.002532184 0)
(0.39034402 -0.0012497964 0)
(0.37751559 -0.00056180319 0)
(0.36764107 -0.0002426144 0)
(0.35985945 -0.0001366372 0)
(0.35355677 -0.00013976101 0)
(0.34830594 -0.00018761023 0)
(0.34381545 -0.00024452972 0)
(0.33988918 -0.00029351237 0)
(0.33639623 -0.00032844054 0)
(0.33324896 -0.00034888365 0)
(0.33038779 -0.00035693705 0)
(0.32777097 -0.00035546655 0)
(0.32536797 -0.00034724079 0)
(0.32315538 -0.00033457887 0)
(0.32111429 -0.00031926783 0)
(0.31922887 -0.00030260424 0)
(0.31748536 -0.00028548189 0)
(0.31587163 -0.00026848674 0)
(0.31437679 -0.00025198204 0)
(0.31299103 -0.0002361769 0)
(0.31170546 -0.00022117788 0)
(0.31051204 -0.00020702584 0)
(0.30940345 -0.00019372124 0)
(0.30837305 -0.00018124093 0)
(0.3074148 -0.00016954897 0)
(0.30652319 -0.00015860339 0)
(0.30569321 -0.00014836021 0)
(0.30492028 -0.00013877583 0)
(0.30420021 -0.00012980825 0)
(0.30352916 -0.00012141765 0)
(0.30290362 -0.00011356668 0)
(0.30232035 -0.0001062204 0)
(0.30177636 -9.9346186e-05 0)
(0.30126891 -9.2913612e-05 0)
(0.30079546 -8.6894284e-05 0)
(0.30035366 -8.1261705e-05 0)
(0.29994134 -7.5991138e-05 0)
(0.29955648 -7.1059459e-05 0)
(0.29919722 -6.644504e-05 0)
(0.29886183 -6.2127648e-05 0)
(0.29854869 -5.808836e-05 0)
(0.2982563 -5.4309473e-05 0)
(0.29798328 -5.0774401e-05 0)
(0.29772833 -4.7467588e-05 0)
(0.29749024 -4.4374432e-05 0)
(0.29726789 -4.1481243e-05 0)
(0.29706022 -3.8775225e-05 0)
(0.29686627 -3.6244419e-05 0)
(0.29668512 -3.3877653e-05 0)
(0.29651592 -3.1664439e-05 0)
(0.29635789 -2.9594934e-05 0)
(0.29621027 -2.7659867e-05 0)
(0.2960724 -2.5850564e-05 0)
(0.29594361 -2.4158877e-05 0)
(0.29582331 -2.2577256e-05 0)
(0.29571094 -2.1098627e-05 0)
(0.29560597 -1.9716477e-05 0)
(0.29550792 -1.8424493e-05 0)
(0.29541633 -1.7216759e-05 0)
(0.29533078 -1.6087554e-05 0)
(0.29525086 -1.5032176e-05 0)
(0.2951762 -1.404612e-05 0)
(0.29510647 -1.3125158e-05 0)
(0.29504133 -1.226372e-05 0)
(0.29498048 -1.1457568e-05 0)
(0.29492363 -1.070338e-05 0)
(0.29487054 -1.000099e-05 0)
(0.29482094 -9.346399e-06 0)
(0.29477461 -8.7349313e-06 0)
(0.29473132 -8.1581157e-06 0)
(0.29469089 -7.6177008e-06 0)
(0.29465313 -7.1137042e-06 0)
(0.29461785 -6.65196e-06 0)
(0.29458491 -6.219067e-06 0)
(0.29455411 -5.8132585e-06 0)
(0.29452535 -5.4209457e-06 0)
(0.29449848 -5.0622273e-06 0)
(0.29447341 -4.7255121e-06 0)
(0.29444996 -4.4290129e-06 0)
(0.29442809 -4.1345597e-06 0)
(0.2944076 -3.8684667e-06 0)
(0.29438851 -3.5965486e-06 0)
(0.29437065 -3.3680245e-06 0)
(0.29435398 -3.1445195e-06 0)
(0.29433846 -2.9444209e-06 0)
(0.29432374 -2.7784904e-06 0)
(0.29431046 -2.5496969e-06 0)
(0.29429688 -2.5884357e-06 0)
(0.29428637 -2.0654305e-06 0)
(0.29426901 -2.932469e-06 0)
)
;

boundaryField
{
    top
    {
        type            fixedValue;
        value           uniform (0 0 0);
    }
    bottom
    {
        type            fixedValue;
        value           uniform (0 0 0);
    }
    inlet
    {
        type            fixedValue;
        value           uniform (1 0 0);
    }
    outlet
    {
        type            zeroGradient;
    }
    front
    {
        type            empty;
    }
    back
    {
        type            empty;
    }
}


// ************************************************************************* //
