/*--------------------------------*- C++ -*----------------------------------*\
  =========                 |
  \\      /  F ield         | OpenFOAM: The Open Source CFD Toolbox
   \\    /   O peration     | Website:  https://openfoam.org
    \\  /    A nd           | Version:  13
     \\/     M anipulation  |
\*---------------------------------------------------------------------------*/
FoamFile
{
    format      ascii;
    class       volScalarField;
    location    "6";
    object      p;
}
// * * * * * * * * * * * * * * * * * * * * * * * * * * * * * * * * * * * * * //

dimensions      [0 2 -2 0 0 0 0];

internalField   nonuniform List<scalar> 
1000
(
1.6806978
1.5606995
1.4648249
1.4009573
1.3523606
1.3097639
1.271933
1.2392223
1.2111143
1.1865257
1.1644387
1.1440914
1.1249533
1.1066677
1.0890032
1.0718152
1.0550155
1.0385505
1.0223865
1.0065005
0.99087488
0.97549476
0.96034635
0.9454164
0.93069202
0.91616067
0.90181025
0.88762917
0.87360642
0.85973161
0.84599498
0.83238739
0.81890033
0.80552586
0.79225658
0.77908563
0.76600662
0.75301365
0.7401012
0.72726421
0.71449795
0.7017981
0.68916063
0.67658183
0.66405829
0.65158685
0.63916458
0.62678874
0.61445678
0.60216628
0.58991494
0.57770053
0.56552092
0.55337397
0.54125761
0.52916978
0.51710843
0.50507152
0.49305703
0.48106299
0.46908747
0.45712856
0.44518446
0.43325345
0.4213339
0.4094243
0.39752325
0.38562949
0.37374188
0.36185941
0.34998119
0.33810645
0.32623454
0.3143649
0.30249707
0.29063065
0.27876535
0.26690089
0.25503709
0.24317378
0.23131084
0.21944817
0.20758571
0.19572339
0.18386117
0.17199903
0.16013694
0.14827489
0.13641286
0.12455085
0.11268886
0.10082687
0.08896488
0.077102899
0.065240922
0.053378955
0.041516996
0.029655033
0.017793046
0.0059310207
1.5589576
1.5042147
1.4430545
1.3912254
1.3482032
1.3099064
1.2749044
1.2434182
1.2154863
1.1905869
1.1679874
1.14706
1.1273568
1.108573
1.0904991
1.0729903
1.0559468
1.0392994
1.0229998
1.0070127
0.99131083
0.97587222
0.96067793
0.9457111
0.93095633
0.9163994
0.90202701
0.88782678
0.87378713
0.85989727
0.84614715
0.8325274
0.81902933
0.80564484
0.79236644
0.77918713
0.76610046
0.75310043
0.74018146
0.72733842
0.71456653
0.70186141
0.68921899
0.67663553
0.66410758
0.65163196
0.6392057
0.62682608
0.61449051
0.60219658
0.58994199
0.57772452
0.56554203
0.5533924
0.54127356
0.52918345
0.51712002
0.50508124
0.4930651
0.48106959
0.46909279
0.45713278
0.44518776
0.43325597
0.42133579
0.40942567
0.39752422
0.38563015
0.3737423
0.36185966
0.34998131
0.33810649
0.32623453
0.31436486
0.30249701
0.29063059
0.27876528
0.26690083
0.25503703
0.24317373
0.2313108
0.21944814
0.20758568
0.19572337
0.18386116
0.17199902
0.16013693
0.14827488
0.13641286
0.12455085
0.11268885
0.10082686
0.088964879
0.077102898
0.065240921
0.053378955
0.041516999
0.029655042
0.017793059
0.0059310289
1.4974422
1.4710855
1.4329299
1.3922296
1.3536875
1.3176899
1.2838733
1.2524222
1.2236219
1.197424
1.1734807
1.1513579
1.1306691
1.1111088
1.0924427
1.0744928
1.0571258
1.0402428
1.0237712
1.0076571
0.99185994
0.97634801
0.96109584
0.9460821
0.93128837
0.91669835
0.90229741
0.8880722
0.8740105
0.86010104
0.84633339
0.83269792
0.81918571
0.80578846
0.79249851
0.77930874
0.76621256
0.75320386
0.74027698
0.72742668
0.71464812
0.70193685
0.68928874
0.6767
0.66416711
0.65168687
0.63925627
0.62687254
0.61453309
0.60223549
0.5899774
0.57775661
0.56557097
0.55341836
0.54129671
0.52920397
0.51713808
0.50509702
0.49307878
0.48108136
0.46910283
0.45714128
0.44519488
0.43326189
0.42134065
0.40942964
0.39752742
0.3856327
0.37374432
0.36186123
0.34998253
0.33810743
0.32623524
0.31436539
0.3024974
0.29063087
0.27876548
0.26690098
0.25503714
0.2431738
0.23131085
0.21944817
0.2075857
0.19572338
0.18386116
0.17199902
0.16013693
0.14827488
0.13641286
0.12455085
0.11268885
0.10082686
0.088964879
0.077102898
0.065240921
0.053378956
0.041517001
0.029655051
0.01779307
0.0059310314
1.4684262
1.4525804
1.4259273
1.3925673
1.3573274
1.3228172
1.2898284
1.2586529
1.229562
1.2026923
1.1779437
1.1550464
1.1336792
1.1135482
1.0944135
1.0760872
1.0584235
1.0413096
1.024659
1.0084056
0.99249913
0.9769004
0.96157832
0.9465074
0.93166618
0.91703614
0.902601
0.88834625
0.87425879
0.86032668
0.846539
0.83288573
0.8193576
0.80594608
0.79264331
0.77944197
0.76633533
0.75331715
0.74038167
0.72752356
0.7147379
0.70202013
0.68936609
0.67677191
0.66423404
0.65174919
0.63931432
0.62692662
0.61458346
0.60228235
0.59002095
0.57779701
0.56560834
0.55345283
0.54132838
0.52923294
0.51716445
0.5051209
0.49310027
0.48110059
0.4691199
0.45715633
0.44520805
0.43327332
0.4213505
0.40943804
0.39753453
0.38563867
0.37374928
0.36186532
0.34998587
0.33811013
0.3262374
0.3143671
0.30249874
0.29063192
0.27876629
0.26690159
0.2550376
0.24317415
0.23131111
0.21944836
0.20758584
0.19572348
0.18386123
0.17199907
0.16013697
0.14827491
0.13641287
0.12455086
0.11268886
0.10082687
0.088964881
0.0771029
0.065240922
0.053378958
0.041517006
0.029655061
0.017793082
0.0059310348
1.4558786
1.4436364
1.4215632
1.3917594
1.3583963
1.3247657
1.2923092
1.2614489
1.2324003
1.2053378
1.1802798
1.1570527
1.1353786
1.1149755
1.0956056
1.0770814
1.0592554
1.0420107
1.0252555
1.0089185
0.99294461
0.97729102
0.96192376
0.94681514
0.93194202
0.91728465
0.90282582
0.88855034
0.87444458
0.86049621
0.84669402
0.83302772
0.81948788
0.80606581
0.79275348
0.77954349
0.76642901
0.75340371
0.74046177
0.72759778
0.71480676
0.70208414
0.68942567
0.67682745
0.6642859
0.65179767
0.63935971
0.62696915
0.61462332
0.60231972
0.59005597
0.57782978
0.56563897
0.55348137
0.5413549
0.52925748
0.51718707
0.50514163
0.49311916
0.48111769
0.46913528
0.45717005
0.44522021
0.433284
0.4213598
0.40944608
0.39754141
0.3856445
0.37375418
0.3618694
0.34998923
0.33811287
0.32623962
0.31436888
0.30250015
0.29063302
0.27876715
0.26690225
0.2550381
0.24317453
0.23131139
0.21944857
0.20758599
0.19572359
0.18386131
0.17199913
0.16013701
0.14827493
0.13641289
0.12455087
0.11268887
0.10082687
0.088964884
0.077102902
0.065240924
0.053378962
0.04151701
0.029655067
0.01779309
0.0059310376
1.4558786
1.4436364
1.4215632
1.3917594
1.3583963
1.3247657
1.2923092
1.2614489
1.2324003
1.2053378
1.1802798
1.1570527
1.1353786
1.1149755
1.0956056
1.0770814
1.0592554
1.0420107
1.0252555
1.0089185
0.99294461
0.97729102
0.96192376
0.94681514
0.93194202
0.91728464
0.90282582
0.88855034
0.87444458
0.86049621
0.84669402
0.83302772
0.81948788
0.80606581
0.79275348
0.77954349
0.76642901
0.75340372
0.74046177
0.72759778
0.71480677
0.70208415
0.68942568
0.67682746
0.66428591
0.65179768
0.63935972
0.62696916
0.61462334
0.60231974
0.59005599
0.5778298
0.56563898
0.55348138
0.54135491
0.52925749
0.51718707
0.50514163
0.49311916
0.48111768
0.46913527
0.45717004
0.44522019
0.43328399
0.42135978
0.40944606
0.39754139
0.38564448
0.37375416
0.36186938
0.34998921
0.33811285
0.3262396
0.31436886
0.30250014
0.29063301
0.27876714
0.26690224
0.2550381
0.24317452
0.23131138
0.21944857
0.20758599
0.19572358
0.18386131
0.17199912
0.160137
0.14827493
0.13641289
0.12455087
0.11268887
0.10082687
0.088964883
0.077102901
0.065240924
0.053378963
0.041517012
0.02965507
0.017793091
0.005931038
1.4684262
1.4525804
1.4259273
1.3925673
1.3573274
1.3228172
1.2898284
1.2586529
1.229562
1.2026923
1.1779437
1.1550464
1.1336792
1.1135482
1.0944135
1.0760872
1.0584235
1.0413096
1.024659
1.0084056
0.99249913
0.9769004
0.96157832
0.9465074
0.93166618
0.91703613
0.902601
0.88834625
0.87425879
0.86032668
0.846539
0.83288573
0.8193576
0.80594609
0.79264331
0.77944197
0.76633534
0.75331716
0.74038169
0.72752358
0.71473791
0.70202016
0.68936612
0.67677194
0.66423407
0.65174922
0.63931436
0.62692666
0.6145835
0.6022824
0.59002099
0.57779705
0.56560838
0.55345286
0.5413284
0.52923296
0.51716446
0.5051209
0.49310027
0.48110057
0.46911988
0.4571563
0.44520801
0.43327328
0.42135045
0.40943799
0.39753448
0.38563862
0.37374923
0.36186527
0.34998582
0.33811008
0.32623735
0.31436706
0.30249871
0.29063188
0.27876626
0.26690157
0.25503758
0.24317413
0.23131109
0.21944835
0.20758583
0.19572347
0.18386122
0.17199906
0.16013696
0.1482749
0.13641287
0.12455086
0.11268885
0.10082686
0.088964878
0.077102898
0.065240923
0.053378963
0.041517012
0.029655066
0.017793086
0.0059310371
1.4974422
1.4710855
1.4329299
1.3922296
1.3536875
1.3176899
1.2838733
1.2524222
1.2236219
1.197424
1.1734807
1.1513579
1.1306691
1.1111088
1.0924427
1.0744928
1.0571258
1.0402428
1.0237712
1.0076571
0.99185994
0.976348
0.96109584
0.9460821
0.93128837
0.91669835
0.90229741
0.8880722
0.8740105
0.86010104
0.84633339
0.83269793
0.81918571
0.80578846
0.79249851
0.77930875
0.76621257
0.75320387
0.74027699
0.7274267
0.71464815
0.70193689
0.68928878
0.67670004
0.66416716
0.65168692
0.63925632
0.6268726
0.61453315
0.60223555
0.58997746
0.57775667
0.56557102
0.55341841
0.54129675
0.52920399
0.51713809
0.50509702
0.49307876
0.48108134
0.46910279
0.45714123
0.44519482
0.43326182
0.42134058
0.40942956
0.39752734
0.38563262
0.37374424
0.36186115
0.34998246
0.33810735
0.32623517
0.31436532
0.30249734
0.29063082
0.27876544
0.26690093
0.2550371
0.24317377
0.23131082
0.21944815
0.20758568
0.19572336
0.18386115
0.17199901
0.16013692
0.14827487
0.13641285
0.12455084
0.11268885
0.10082686
0.088964875
0.077102896
0.065240923
0.053378962
0.04151701
0.029655061
0.017793076
0.0059310344
1.5589576
1.5042147
1.4430545
1.3912254
1.3482032
1.3099064
1.2749044
1.2434182
1.2154863
1.1905869
1.1679874
1.14706
1.1273568
1.108573
1.0904991
1.0729903
1.0559468
1.0392994
1.0229998
1.0070127
0.99131083
0.97587222
0.96067793
0.9457111
0.93095633
0.9163994
0.90202701
0.88782678
0.87378713
0.85989728
0.84614715
0.8325274
0.81902933
0.80564485
0.79236644
0.77918714
0.76610048
0.75310045
0.74018149
0.72733845
0.71456657
0.70186145
0.68921904
0.67663559
0.66410765
0.65163202
0.63920577
0.62682615
0.61449058
0.60219665
0.58994206
0.57772459
0.56554208
0.55339244
0.54127359
0.52918347
0.51712003
0.50508123
0.49306507
0.48106956
0.46909274
0.45713272
0.44518768
0.43325589
0.42133569
0.40942557
0.39752412
0.38563005
0.3737422
0.36185956
0.34998122
0.33810641
0.32623445
0.31436478
0.30249694
0.29063052
0.27876522
0.26690078
0.25503699
0.2431737
0.23131077
0.21944811
0.20758566
0.19572335
0.18386114
0.171999
0.16013692
0.14827487
0.13641285
0.12455084
0.11268885
0.10082686
0.088964875
0.077102896
0.065240924
0.053378965
0.041517013
0.029655053
0.017793064
0.0059310294
1.6806978
1.5606995
1.4648249
1.4009573
1.3523606
1.3097639
1.271933
1.2392223
1.2111143
1.1865257
1.1644387
1.1440914
1.1249533
1.1066677
1.0890032
1.0718152
1.0550155
1.0385505
1.0223865
1.0065005
0.99087488
0.97549476
0.96034635
0.9454164
0.93069202
0.91616067
0.90181025
0.88762917
0.87360642
0.85973161
0.84599498
0.8323874
0.81890034
0.80552587
0.79225659
0.77908564
0.76600664
0.75301367
0.74010123
0.72726424
0.71449799
0.70179815
0.68916068
0.67658189
0.66405836
0.65158693
0.63916465
0.62678882
0.61445686
0.60216636
0.58991501
0.5777006
0.56552097
0.55337401
0.54125765
0.5291698
0.51710843
0.5050715
0.493057
0.48106295
0.4690874
0.45712848
0.44518437
0.43325335
0.4213338
0.40942419
0.39752314
0.38562938
0.37374177
0.3618593
0.34998109
0.33810636
0.32623446
0.31436482
0.302497
0.29063059
0.27876529
0.26690084
0.25503705
0.24317374
0.23131081
0.21944815
0.20758568
0.19572337
0.18386115
0.17199901
0.16013693
0.14827488
0.13641285
0.12455084
0.11268885
0.10082686
0.088964876
0.077102899
0.065240929
0.053378967
0.041517008
0.029655038
0.017793045
0.0059310198
)
;

boundaryField
{
    top
    {
        type            zeroGradient;
    }
    bottom
    {
        type            zeroGradient;
    }
    inlet
    {
        type            zeroGradient;
    }
    outlet
    {
        type            fixedValue;
        value           uniform 0;
    }
    front
    {
        type            empty;
    }
    back
    {
        type            empty;
    }
}


// ************************************************************************* //
