/*--------------------------------*- C++ -*----------------------------------*\
  =========                 |
  \\      /  F ield         | OpenFOAM: The Open Source CFD Toolbox
   \\    /   O peration     | Website:  https://openfoam.org
    \\  /    A nd           | Version:  13
     \\/     M anipulation  |
\*---------------------------------------------------------------------------*/
FoamFile
{
    format      ascii;
    class       surfaceScalarField;
    location    "6";
    object      phi;
}
// * * * * * * * * * * * * * * * * * * * * * * * * * * * * * * * * * * * * * //

dimensions      [0 3 -1 0 0 0 0];

internalField   nonuniform List<scalar> 
1890
(
0.0093140727
0.00068592734
0.0082963401
0.0010177326
0.0073480838
0.00094825625
0.0065167791
0.00083130473
0.0058112103
0.00070556886
0.0052369127
0.00057429754
0.0047862485
0.00045066426
0.004441012
0.00034523641
0.0041802971
0.0002607149
0.0039843511
0.00019594607
0.0038366531
0.00014769799
0.003724003
0.00011265008
0.0036363473
8.7655668e-05
0.0035663586
6.9988759e-05
0.003508873
5.7485601e-05
0.0034603389
4.853411e-05
0.0034183545
4.1984417e-05
0.0033813122
3.7042242e-05
0.0033481384
3.3173795e-05
0.0033181092
3.0029254e-05
0.003290725
2.7384122e-05
0.0032656287
2.5096289e-05
0.0032425526
2.3076115e-05
0.0032212861
2.1266531e-05
0.0032016558
1.9630275e-05
0.0031835139
1.814193e-05
0.0031667308
1.6783086e-05
0.0031511913
1.5539496e-05
0.0031367919
1.4399463e-05
0.0031234389
1.3352955e-05
0.0031110478
1.2391128e-05
0.0030995417
1.150607e-05
0.0030888511
1.0690656e-05
0.0030789126
9.9384473e-06
0.003069669
9.2436184e-06
0.0030610682
8.6008893e-06
0.0030530627
8.0054641e-06
0.0030456098
7.4529713e-06
0.0030386704
6.9394123e-06
0.0030322093
6.4611154e-06
0.0030261946
6.0146988e-06
0.0030205976
5.5970472e-06
0.0030153923
5.2052945e-06
0.0030105555
4.836825e-06
0.0030060662
4.4892673e-06
0.0030019057
4.1605154e-06
0.002998057
3.8487244e-06
0.0029945046
3.5523406e-06
0.0029912345
3.270084e-06
0.0029882335
3.0009747e-06
0.0029854892
2.744294e-06
0.0029829895
2.4995989e-06
0.0029807229
2.2666567e-06
0.0029786774
2.0454467e-06
0.0029768413
1.8360749e-06
0.0029752025
1.6387653e-06
0.0029737487
1.4537704e-06
0.0029724674
1.281358e-06
0.0029713457
1.1217289e-06
0.0029703707
9.7500748e-07
0.0029695295
8.4120611e-07
0.0029688093
7.2021158e-07
0.0029681976
6.1175171e-07
0.0029676822
5.1541045e-07
0.0029672516
4.306344e-07
0.0029668949
3.5674987e-07
0.0029666019
2.9299019e-07
0.0029663634
2.3851202e-07
0.002966171
1.9243711e-07
0.0029660171
1.5386167e-07
0.0029658952
1.2190127e-07
0.0029657995
9.5689032e-08
0.0029657251
7.4419548e-08
0.0029656677
5.733427e-08
0.002965624
4.3759305e-08
0.0029655909
3.3079202e-08
0.0029655661
2.4770943e-08
0.0029655477
1.8368744e-08
0.0029655342
1.3493878e-08
0.0029655243
9.8135059e-09
0.0029655173
7.0712464e-09
0.0029655122
5.0421287e-09
0.0029655086
3.5642501e-09
0.0029655061
2.490897e-09
0.0029655044
1.727996e-09
0.0029655032
1.1828259e-09
0.0029655024
8.0726355e-10
0.0029655018
5.4113764e-10
0.0029655015
3.6609519e-10
0.0029655012
2.3976163e-10
0.0029655011
1.6267985e-10
0.002965501
1.0060506e-10
0.0029655009
7.0690555e-11
0.0029655008
4.6440585e-11
0.0029655007
5.2511887e-11
0.0029655006
3.2078954e-11
0.0029655006
-2.7316094e-11
0.002965501
-1.4769485e-10
0.0029655017
-3.3699667e-10
-1.5512871e-11
0.010341662
0.00034426525
0.010578184
0.00078121018
0.010615671
0.00091076959
0.010553945
0.0008930309
0.010425822
0.00083369229
0.010248587
0.00075153209
0.010044962
0.0006542893
0.0098354604
0.00055473799
0.0096327827
0.00046339255
0.0094437308
0.000384998
0.0092713466
0.0003200822
0.009116574
0.00026742266
0.0089789731
0.00022525659
0.0088572403
0.00019172158
0.0087496634
0.00016506245
0.0086544456
0.00014375193
0.0085698901
0.00012653996
0.0084944846
0.0001124477
0.0084269264
0.00010073195
0.008366116
9.0839745e-05
0.0083111358
8.2364281e-05
0.0082612249
7.5007196e-05
0.0082157521
6.8548946e-05
0.008174192
6.2826575e-05
0.0081361048
5.771751e-05
0.0081011188
5.3127918e-05
0.0080689174
4.8984464e-05
0.0080392283
4.5228579e-05
0.0080118153
4.1812496e-05
0.0079864717
3.8696532e-05
0.0079630157
3.5847204e-05
0.0079412858
3.3235888e-05
0.0079211386
3.0837853e-05
0.0079024456
2.8631536e-05
0.0078850912
2.6597977e-05
0.0078689717
2.4720393e-05
0.0078539934
2.2983805e-05
0.0078400716
2.1374763e-05
0.00782713
1.9881102e-05
0.0078150993
1.8491765e-05
0.0078039174
1.7196649e-05
0.007793528
1.5986515e-05
0.0077838804
1.4852916e-05
0.007774929
1.3788169e-05
0.007766633
1.2785344e-05
0.0077589552
1.1838275e-05
0.0077518624
1.0941584e-05
0.007745324
1.0090686e-05
0.0077393123
9.2818193e-06
0.0077338012
8.5120131e-06
0.0077287664
7.7790891e-06
0.0077241844
7.0815749e-06
0.0077200323
6.4186577e-06
0.0077162877
5.7900472e-06
0.0077129279
5.195888e-06
0.00770993
4.6365924e-06
0.0077072711
4.1127336e-06
0.0077049275
3.6248812e-06
0.0077028757
3.1734996e-06
0.0077010919
2.7588225e-06
0.0076995524
2.3807875e-06
0.0076982336
2.0389671e-06
0.0076971128
1.7325427e-06
0.007696168
1.4603038e-06
0.0076953779
1.2206702e-06
0.0076947229
1.0117426e-06
0.0076941846
8.3135252e-07
0.007693746
6.7714422e-07
0.0076933917
5.4663602e-07
0.0076931083
4.3730899e-07
0.0076928835
3.4665896e-07
0.0076927069
2.7227228e-07
0.0076925695
2.1185994e-07
0.0076924635
1.6330962e-07
0.0076923825
1.2469643e-07
0.0076923213
9.4309211e-08
0.0076922754
7.064394e-08
0.0076922413
5.2408406e-08
0.0076922163
3.8503459e-08
0.007692198
2.8012277e-08
0.0076921849
2.0180229e-08
0.0076921756
1.4394431e-08
0.0076921689
1.0167091e-08
0.0076921643
7.108595e-09
0.0076921611
4.9226162e-09
0.0076921589
3.3729054e-09
0.0076921574
2.2921128e-09
0.0076921564
1.5400883e-09
0.0076921558
1.0315227e-09
0.0076921553
6.8161739e-10
0.007692155
4.5289472e-10
0.0076921549
2.8989949e-10
0.0076921547
1.8586453e-10
0.0076921546
1.2031755e-10
0.0076921545
9.0002126e-11
0.0076921543
7.663299e-11
0.0076921544
-2.4671155e-11
0.0076921547
-2.1728867e-10
0.0076921552
-4.6051675e-10
-3.5133827e-11
0.010181464
0.00016280099
0.010521798
0.00044087647
0.010842482
0.00059008571
0.011112769
0.00062274377
0.01133602
0.00061044159
0.011508579
0.00057897246
0.011630744
0.0005321246
0.011709907
0.00047557512
0.011755697
0.00041760214
0.011776644
0.00036405133
0.011779503
0.0003172236
0.011769652
0.00027727349
0.01175133
0.00024357851
0.011727726
0.00021532525
0.011701127
0.00019166161
0.011673116
0.00017176282
0.011644765
0.00015489112
0.011616781
0.00014043203
0.011589614
0.00012789894
0.011563536
0.00011691703
0.0115387
0.00010720056
0.011515176
9.8531671e-05
0.011492981
9.0743276e-05
0.011472102
8.3705992e-05
0.011452501
7.7318247e-05
0.01143413
7.1498894e-05
0.011416933
6.6181811e-05
0.011400849
6.131204e-05
0.011385819
5.6843064e-05
0.01137178
5.2734907e-05
0.011358675
4.8952779e-05
0.011346445
4.5466097e-05
0.011335035
4.2247758e-05
0.011324393
3.9273574e-05
0.011314469
3.6521825e-05
0.011305216
3.3972898e-05
0.011296591
3.1608989e-05
0.011288552
2.9413848e-05
0.011281061
2.7372573e-05
0.011274081
2.5471441e-05
0.01126758
2.3697772e-05
0.011261527
2.2039841e-05
0.011255893
2.0486816e-05
0.011250652
1.9028729e-05
0.011245781
1.7656479e-05
0.011241257
1.6361849e-05
0.011237061
1.5137541e-05
0.011233175
1.397721e-05
0.011229581
1.2875491e-05
0.011226265
1.182801e-05
0.011223213
1.083137e-05
0.011220411
9.883109e-06
0.011217848
8.9816231e-06
0.011215512
8.1260619e-06
0.011213392
7.316191e-06
0.011211476
6.5522419e-06
0.011209754
5.8347381e-06
0.011208215
5.1643283e-06
0.011206847
4.5416154e-06
0.011205638
3.9670113e-06
0.011204579
3.4406102e-06
0.011203655
2.9620959e-06
0.011202857
2.5306794e-06
0.011202173
2.1450729e-06
0.01120159
1.8035011e-06
0.011201098
1.5037358e-06
0.011200686
1.2431631e-06
0.011200344
1.0188585e-06
0.011200063
8.2768549e-07
0.011199834
6.6638335e-07
0.011199649
5.3166741e-07
0.011199501
4.2030576e-07
0.011199384
3.2920023e-07
0.011199292
2.5543737e-07
0.01119922
1.9633915e-07
0.011199165
1.4948274e-07
0.011199123
1.1272298e-07
0.011199091
8.4184913e-08
0.011199067
6.2264767e-08
0.01119905
4.5602578e-08
0.011199037
3.3073604e-08
0.011199027
2.3748893e-08
0.011199021
1.6886598e-08
0.011199016
1.1885382e-08
0.011199012
8.2849339e-09
0.01119901
5.7145658e-09
0.011199008
3.9072762e-09
0.011199007
2.6427882e-09
0.011199007
1.7778554e-09
0.011199006
1.1828264e-09
0.011199006
7.8532633e-10
0.011199006
5.1070299e-10
0.011199005
3.2693279e-10
0.011199005
2.1348474e-10
0.011199005
1.3752088e-10
0.011199005
9.7947546e-11
0.011199005
-4.1523848e-11
0.011199005
-1.8177059e-10
0.011199006
-3.715692e-10
-2.7450924e-11
0.010094914
6.788746e-05
0.010340233
0.00019555688
0.01065185
0.00027846872
0.010969203
0.00030539076
0.011273712
0.00030593223
0.01155641
0.00029627538
0.011809194
0.00027934034
0.012028326
0.00025644286
0.012214936
0.00023099242
0.012372692
0.00020629519
0.012505836
0.00018407978
0.012618428
0.00016468134
0.012714101
0.00014790566
0.012795956
0.00013346963
0.012866554
0.00012106422
0.01292795
0.00011036696
0.012981771
0.00010106925
0.0130293
9.2903819e-05
0.013071543
8.5655903e-05
0.0131093
7.915975e-05
0.013143211
7.3289102e-05
0.013173795
6.794767e-05
0.013201477
6.3061522e-05
0.01322661
5.8573293e-05
0.01324949
5.4437767e-05
0.013270371
5.0618527e-05
0.013289467
4.7085502e-05
0.013306966
4.3813218e-05
0.013323029
4.0779607e-05
0.013337799
3.7965195e-05
0.013351399
3.5352557e-05
0.013363939
3.2925929e-05
0.013375516
3.0670942e-05
0.013386215
2.8574413e-05
0.013396113
2.6624189e-05
0.013405277
2.480902e-05
0.013413768
2.3118449e-05
0.013421639
2.1542727e-05
0.013428938
2.007273e-05
0.01343571
1.8699904e-05
0.013441992
1.7416209e-05
0.013447817
1.6214098e-05
0.013453218
1.5086492e-05
0.01345822
1.4026791e-05
0.013462847
1.3028882e-05
0.013467122
1.2087164e-05
0.013471063
1.1196588e-05
0.013474687
1.035268e-05
0.013478011
9.5515897e-06
0.013481049
8.7900813e-06
0.013483815
8.0655779e-06
0.013486322
7.3761015e-06
0.013488583
6.7202936e-06
0.013490612
6.097295e-06
0.013492421
5.506739e-06
0.013494025
4.9485838e-06
0.013495437
4.4230835e-06
0.01349667
3.9305966e-06
0.013497741
3.4715497e-06
0.013498661
3.0462588e-06
0.013499447
2.6549038e-06
0.013500112
2.2973911e-06
0.013500669
1.9733507e-06
0.013501132
1.6820622e-06
0.013501513
1.4224796e-06
0.013501824
1.193222e-06
0.013502074
9.92619e-07
0.013502274
8.1875433e-07
0.013502432
6.6951925e-07
0.013502556
5.4269073e-07
0.013502652
4.359742e-07
0.013502725
3.4709328e-07
0.01350278
2.73812e-07
0.013502822
2.1402016e-07
0.013502852
1.657281e-07
0.013502875
1.2713661e-07
0.013502891
9.6607421e-08
0.013502902
7.2716767e-08
0.01350291
5.4207058e-08
0.013502916
4.0024828e-08
0.01350292
2.9263519e-08
0.013502922
2.1191545e-08
0.013502924
1.5193349e-08
0.013502925
1.0789845e-08
0.013502926
7.5850211e-09
0.013502926
5.283103e-09
0.013502926
3.6429905e-09
0.013502927
2.4924179e-09
0.013502927
1.6903597e-09
0.013502927
1.1417885e-09
0.013502927
7.6338616e-10
0.013502927
5.0891111e-10
0.013502927
3.2731902e-10
0.013502927
2.150344e-10
0.013502926
1.2459535e-10
0.013502926
8.1916212e-11
0.013502926
-1.6667282e-11
0.013502927
-9.1758319e-11
0.013502927
-1.8565227e-10
1.6575811e-12
0.010067887
3.2875456e-13
0.010263444
2.3957694e-13
0.010541913
1.1415394e-13
0.010847304
1.377179e-13
0.011153236
2.4898817e-13
0.011449511
4.1492863e-13
0.011728852
6.288217e-13
0.011985295
8.8014715e-13
0.012216287
1.1840544e-12
0.012422582
1.5409761e-12
0.012606662
1.9684029e-12
0.012771343
2.4667694e-12
0.012919249
3.0545061e-12
0.013052719
3.7327673e-12
0.013173783
4.5233917e-12
0.01328415
5.4254673e-12
0.013385219
6.461136e-12
0.013478123
7.6175865e-12
0.013563779
8.9120977e-12
0.013642939
1.0309415e-11
0.013716228
1.1823819e-11
0.013784175
1.3373399e-11
0.013847237
1.4992581e-11
0.01390581
1.6551542e-11
0.013960248
1.8085416e-11
0.014010866
1.9360194e-11
0.014057952
2.0450514e-11
0.014101765
2.0921612e-11
0.014142545
2.1003174e-11
0.01418051
2.0060052e-11
0.014215862
1.8450125e-11
0.014248788
1.5288149e-11
0.014279459
1.1689618e-11
0.014308034
6.4651029e-12
0.014334658
1.37526e-12
0.014359467
-5.485238e-12
0.014382585
-1.0321503e-11
0.014404128
-1.541148e-11
0.014424201
-1.6684857e-11
0.014442901
-1.5649038e-11
0.014460317
-7.9841733e-12
0.014476531
2.1335845e-12
0.014491617
1.7989397e-11
0.014505644
4.1244899e-11
0.014518673
7.0292684e-11
0.01453076
1.0551486e-10
0.014541957
1.4217871e-10
0.014552309
1.835158e-10
0.01456186
2.207347e-10
0.01457065
2.5916824e-10
0.014578716
2.8569383e-10
0.014586091
3.1001326e-10
0.014592811
3.1705996e-10
0.014598908
3.197951e-10
0.014604415
3.018208e-10
0.014609363
2.7922482e-10
0.014613786
2.3750025e-10
0.014617716
1.9426536e-10
0.014621188
1.3615076e-10
0.014624234
8.008429e-11
0.014626889
1.7327089e-11
0.014629186
-3.6768365e-11
0.01463116
-9.1629827e-11
0.014632842
-1.368873e-10
0.014634265
-1.765964e-10
0.014635458
-2.0607206e-10
0.014636451
-2.2664735e-10
0.01463727
-2.3926276e-10
0.01463794
-2.4314409e-10
0.014638482
-2.4230767e-10
0.014638919
-2.3328162e-10
0.014639266
-2.2324106e-10
0.01463954
-2.0713608e-10
0.014639754
-1.9299529e-10
0.01463992
-1.7351508e-10
0.014640047
-1.5792528e-10
0.014640144
-1.3833241e-10
0.014640217
-1.2373083e-10
0.014640271
-1.0492491e-10
0.014640311
-9.151392e-11
0.01464034
-7.461506e-11
0.014640362
-6.3409363e-11
0.014640377
-4.8231239e-11
0.014640388
-3.885891e-11
0.014640395
-2.5972495e-11
0.014640401
-1.9004402e-11
0.014640404
-7.3441202e-12
0.014640407
-1.4682097e-12
0.014640408
1.0350063e-11
0.01464041
1.5245658e-11
0.01464041
2.2292715e-11
0.014640411
2.0289614e-11
0.014640411
1.8837666e-11
0.014640411
5.5841564e-12
0.014640411
8.0528892e-13
0.014640411
-2.0264014e-11
0.014640411
-2.14684e-11
0.014640412
-1.8685955e-11
0.014640412
2.5070767e-11
4.5657212e-11
0.010067887
-6.7887459e-05
0.010263444
-0.00019555688
0.010541913
-0.00027846872
0.010847304
-0.00030539076
0.011153236
-0.00030593223
0.011449511
-0.00029627538
0.011728852
-0.00027934034
0.011985295
-0.00025644286
0.012216287
-0.00023099242
0.012422582
-0.00020629519
0.012606662
-0.00018407977
0.012771343
-0.00016468134
0.012919249
-0.00014790566
0.013052719
-0.00013346963
0.013173783
-0.00012106421
0.01328415
-0.00011036695
0.013385219
-0.00010106924
0.013478123
-9.2903805e-05
0.013563779
-8.5655886e-05
0.013642939
-7.9159731e-05
0.013716228
-7.328908e-05
0.013784175
-6.7947646e-05
0.013847237
-6.3061495e-05
0.01390581
-5.8573263e-05
0.013960248
-5.4437733e-05
0.014010866
-5.0618492e-05
0.014057952
-4.7085465e-05
0.014101765
-4.381318e-05
0.014142545
-4.0779569e-05
0.01418051
-3.7965159e-05
0.014215862
-3.5352523e-05
0.014248788
-3.29259e-05
0.014279459
-3.0670919e-05
0.014308034
-2.8574398e-05
0.014334658
-2.6624183e-05
0.014359467
-2.4809023e-05
0.014382585
-2.311846e-05
0.014404128
-2.1542744e-05
0.014424201
-2.0072747e-05
0.014442901
-1.8699915e-05
0.014460317
-1.7416206e-05
0.014476531
-1.6214072e-05
0.014491617
-1.5086435e-05
0.014505644
-1.4026689e-05
0.014518673
-1.3028727e-05
0.01453076
-1.2086945e-05
0.014541957
-1.1196304e-05
0.014552309
-1.0352326e-05
0.01456186
-9.5511708e-06
0.01457065
-8.7896e-06
0.014578716
-8.0650532e-06
0.014586092
-7.3755424e-06
0.014592812
-6.7197265e-06
0.014598909
-6.0967333e-06
0.014604415
-5.506214e-06
0.014609364
-4.9481091e-06
0.014613787
-4.4226862e-06
0.014617717
-3.9302843e-06
0.014621188
-3.4713415e-06
0.014624235
-3.0461541e-06
0.01462689
-2.6549079e-06
0.014629187
-2.2974934e-06
0.014631161
-1.973546e-06
0.014632843
-1.6823356e-06
0.014634265
-1.4228178e-06
0.014635459
-1.1936082e-06
0.014636451
-9.9303575e-07
0.01463727
-8.1918865e-07
0.01463794
-6.6995567e-07
0.014638483
-5.4312128e-07
0.014638919
-4.3638548e-07
0.014639266
-3.4748374e-07
0.01463954
-2.7417265e-07
0.014639754
-2.1435382e-07
0.01463992
-1.6602724e-07
0.014640047
-1.2740732e-07
0.014640144
-9.6844549e-08
0.014640217
-7.2927557e-08
0.014640271
-5.4385826e-08
0.014640311
-4.0179686e-08
0.014640341
-2.9390006e-08
0.014640362
-2.1297755e-08
0.014640377
-1.5273955e-08
0.014640388
-1.0853428e-08
0.014640395
-7.6272884e-09
0.014640401
-5.3121426e-09
0.014640404
-3.6526251e-09
0.014640407
-2.4898665e-09
0.014640408
-1.669101e-09
0.01464041
-1.1110772e-09
0.01464041
-7.2072447e-10
0.014640411
-4.693656e-10
0.014640411
-2.9166038e-10
0.014640411
-2.0376702e-10
0.014640411
-1.3205327e-10
0.014640411
-1.3747808e-10
0.014640411
-3.5506262e-11
0.014640412
9.1652005e-11
0.014640412
2.3554805e-10
7.7196186e-11
0.010094914
-0.00016280099
0.010340233
-0.00044087647
0.01065185
-0.00059008571
0.010969203
-0.00062274377
0.011273712
-0.00061044159
0.01155641
-0.00057897246
0.011809194
-0.0005321246
0.012028326
-0.00047557511
0.012214936
-0.00041760214
0.012372692
-0.00036405133
0.012505836
-0.00031722359
0.012618428
-0.00027727349
0.012714101
-0.00024357851
0.012795956
-0.00021532524
0.012866554
-0.0001916616
0.01292795
-0.00017176281
0.012981771
-0.00015489111
0.0130293
-0.00014043202
0.013071543
-0.00012789893
0.0131093
-0.00011691702
0.013143211
-0.00010720055
0.013173795
-9.8531652e-05
0.013201477
-9.0743254e-05
0.01322661
-8.3705969e-05
0.01324949
-7.7318223e-05
0.013270371
-7.1498867e-05
0.013289467
-6.6181783e-05
0.013306966
-6.1312011e-05
0.013323029
-5.6843036e-05
0.013337799
-5.2734879e-05
0.013351399
-4.8952753e-05
0.01336394
-4.5466073e-05
0.013375516
-4.2247738e-05
0.013386215
-3.9273557e-05
0.013396113
-3.6521812e-05
0.013405277
-3.3972887e-05
0.013413768
-3.160898e-05
0.013421639
-2.9413836e-05
0.013428938
-2.7372557e-05
0.01343571
-2.5471411e-05
0.013441991
-2.3697726e-05
0.013447817
-2.2039771e-05
0.013453218
-2.0486715e-05
0.013458219
-1.9028592e-05
0.013462847
-1.7656297e-05
0.013467122
-1.6361625e-05
0.013471063
-1.5137266e-05
0.013474687
-1.3976896e-05
0.013478011
-1.287513e-05
0.013481049
-1.1827627e-05
0.013483815
-1.0830959e-05
0.013486323
-9.8827032e-06
0.013488584
-8.9812165e-06
0.013490613
-8.1256923e-06
0.013492423
-7.3158522e-06
0.013494027
-6.5519701e-06
0.013495438
-5.8345228e-06
0.013496672
-5.1641977e-06
0.013497742
-4.5415551e-06
0.013498663
-3.9670381e-06
0.013499449
-3.4407059e-06
0.013500114
-2.9622638e-06
0.013500671
-2.5309011e-06
0.013501134
-2.1453427e-06
0.013501515
-1.8038035e-06
0.013501826
-1.5040579e-06
0.013502076
-1.2434956e-06
0.013502276
-1.0191869e-06
0.013502434
-8.2800844e-07
0.013502557
-6.666854e-07
0.013502653
-5.3195445e-07
0.013502726
-4.2056379e-07
0.013502781
-3.2944118e-07
0.013502823
-2.55647e-07
0.013502853
-1.9653233e-07
0.013502875
-1.4964601e-07
0.013502891
-1.1287312e-07
0.013502903
-8.4307253e-08
0.013502911
-6.2376125e-08
0.013502916
-4.5688657e-08
0.01350292
-3.3151674e-08
0.013502922
-2.3803688e-08
0.013502924
-1.6935108e-08
0.013502925
-1.1913096e-08
0.013502926
-8.3093167e-09
0.013502926
-5.7197809e-09
0.013502926
-3.9099799e-09
0.013502927
-2.6268476e-09
0.013502927
-1.7600568e-09
0.013502927
-1.1482463e-09
0.013502927
-7.5351142e-10
0.013502927
-4.7183221e-10
0.013502927
-3.0900385e-10
0.013502927
-2.0141169e-10
0.013502926
-1.6821569e-10
0.013502926
-1.3769779e-10
0.013502926
-8.8527947e-12
0.013502927
1.6177705e-10
0.013502927
4.1710478e-10
1.0240234e-10
0.010181464
-0.00034426525
0.010521798
-0.00078121018
0.010842482
-0.00091076959
0.011112769
-0.0008930309
0.01133602
-0.00083369229
0.011508579
-0.00075153209
0.011630744
-0.0006542893
0.011709907
-0.00055473799
0.011755697
-0.00046339255
0.011776644
-0.000384998
0.011779503
-0.0003200822
0.011769652
-0.00026742266
0.01175133
-0.00022525658
0.011727726
-0.00019172157
0.011701127
-0.00016506244
0.011673116
-0.00014375192
0.011644765
-0.00012653996
0.011616781
-0.0001124477
0.011589614
-0.00010073194
0.011563536
-9.0839736e-05
0.0115387
-8.2364271e-05
0.011515176
-7.5007186e-05
0.011492981
-6.8548934e-05
0.011472102
-6.2826562e-05
0.011452501
-5.7717496e-05
0.01143413
-5.3127903e-05
0.011416933
-4.8984449e-05
0.011400849
-4.5228563e-05
0.011385819
-4.181248e-05
0.01137178
-3.8696516e-05
0.011358675
-3.5847189e-05
0.011346445
-3.3235873e-05
0.011335035
-3.083784e-05
0.011324393
-2.8631521e-05
0.011314469
-2.6597964e-05
0.011305216
-2.4720377e-05
0.011296591
-2.2983786e-05
0.011288552
-2.1374737e-05
0.011281061
-1.9881069e-05
0.011274081
-1.8491719e-05
0.01126758
-1.7196587e-05
0.011261526
-1.5986435e-05
0.011255893
-1.4852813e-05
0.011250652
-1.3788043e-05
0.011245781
-1.278519e-05
0.011241258
-1.1838098e-05
0.011237062
-1.094138e-05
0.011233175
-1.0090466e-05
0.011229582
-9.2815791e-06
0.011226266
-8.5117713e-06
0.011223214
-7.7788418e-06
0.011220412
-7.081344e-06
0.01121785
-6.4184391e-06
0.011215514
-5.7898637e-06
0.011213394
-5.1957342e-06
0.011211478
-4.6364875e-06
0.011209756
-4.1126699e-06
0.011208217
-3.6248712e-06
0.011206849
-3.1735336e-06
0.011205641
-2.7589054e-06
0.011204581
-2.3809081e-06
0.011203658
-2.0391224e-06
0.01120286
-1.7327225e-06
0.011202175
-1.4605012e-06
0.011201592
-1.2208777e-06
0.0112011
-1.0119501e-06
0.011200688
-8.3155735e-07
0.011200346
-6.7733693e-07
0.011200065
-5.4681877e-07
0.011199835
-4.3747236e-07
0.01119965
-3.4680931e-07
0.011199502
-2.7240198e-07
0.011199385
-2.1197793e-07
0.011199292
-1.6340787e-07
0.011199221
-1.2478514e-07
0.011199165
-9.4381112e-08
0.011199123
-7.0709337e-08
0.011199091
-5.2458808e-08
0.011199067
-3.8548952e-08
0.01119905
-2.8044954e-08
0.011199037
-2.0209816e-08
0.011199027
-1.4412075e-08
0.011199021
-1.0182472e-08
0.011199016
-7.1137678e-09
0.011199012
-4.9269974e-09
0.01119901
-3.3674048e-09
0.011199008
-2.2858203e-09
0.011199007
-1.5243161e-09
0.011199007
-1.0160425e-09
0.011199006
-6.5749065e-10
0.011199006
-4.3167208e-10
0.011199006
-2.6561884e-10
0.011199005
-1.748548e-10
0.011199005
-1.2784175e-10
0.011199005
-1.3922595e-10
0.011199005
-1.459213e-10
0.011199005
2.2240799e-12
0.011199005
2.5068534e-10
0.011199006
5.6337547e-10
1.1608578e-10
0.010341662
-0.00068592734
0.010578184
-0.0010177326
0.010615671
-0.00094825625
0.010553945
-0.00083130473
0.010425822
-0.00070556886
0.010248587
-0.00057429754
0.010044962
-0.00045066426
0.0098354604
-0.00034523641
0.0096327827
-0.00026071489
0.0094437308
-0.00019594607
0.0092713466
-0.00014769799
0.009116574
-0.00011265008
0.0089789731
-8.7655667e-05
0.0088572403
-6.9988758e-05
0.0087496634
-5.74856e-05
0.0086544456
-4.8534108e-05
0.0085698901
-4.1984415e-05
0.0084944846
-3.704224e-05
0.0084269265
-3.3173793e-05
0.008366116
-3.0029251e-05
0.0083111358
-2.7384119e-05
0.0082612249
-2.5096285e-05
0.0082157521
-2.3076111e-05
0.0081741921
-2.1266526e-05
0.0081361048
-1.9630271e-05
0.0081011189
-1.8141926e-05
0.0080689175
-1.6783081e-05
0.0080392284
-1.5539491e-05
0.0080118154
-1.4399458e-05
0.0079864718
-1.335295e-05
0.0079630157
-1.2391122e-05
0.0079412859
-1.1506065e-05
0.0079211387
-1.069065e-05
0.0079024456
-9.9384412e-06
0.0078850913
-9.2436112e-06
0.0078689718
-8.6008805e-06
0.0078539935
-8.0054529e-06
0.0078400717
-7.452957e-06
0.00782713
-6.9393945e-06
0.0078150994
-6.4610919e-06
0.0078039175
-6.0146707e-06
0.0077935281
-5.5970109e-06
0.0077838806
-5.2052538e-06
0.0077749293
-4.8367736e-06
0.0077666334
-4.4892129e-06
0.0077589557
-4.160449e-06
0.007751863
-3.8486583e-06
0.0077453248
-3.5522629e-06
0.0077393132
-3.2700118e-06
0.0077338024
-3.0008935e-06
0.0077287677
-2.7442243e-06
0.0077241859
-2.4995242e-06
0.007720034
-2.2665995e-06
0.0077162895
-2.0453896e-06
0.0077129297
-1.8360392e-06
0.007709932
-1.6387343e-06
0.007707273
-1.4537619e-06
0.0077049295
-1.2813573e-06
0.0077028777
-1.1217482e-06
0.0077010938
-9.750359e-07
0.0076995541
-8.4124902e-07
0.0076982353
-7.2026204e-07
0.0076971144
-6.1180906e-07
0.0076961694
-5.1547334e-07
0.0076953792
-4.3069683e-07
0.0076947241
-3.568153e-07
0.0076941856
-2.93049e-07
0.0076937468
-2.385728e-07
0.0076933925
-1.9248747e-07
0.0076931089
-1.5391349e-07
0.007692884
-1.2194071e-07
0.0076927073
-9.5731006e-08
0.0076925698
-7.4448907e-08
0.0076924637
-5.7366949e-08
0.0076923827
-4.3779621e-08
0.0076923214
-3.3104197e-08
0.0076922755
-2.4784246e-08
0.0076922414
-1.8387096e-08
0.0076922163
-1.3500868e-08
0.0076921981
-9.8263189e-09
0.0076921849
-7.073253e-09
0.0076921755
-5.0500125e-09
0.0076921689
-3.5616555e-09
0.0076921643
-2.4948523e-09
0.0076921611
-1.7219471e-09
0.0076921589
-1.1831866e-09
0.0076921574
-7.9778309e-10
0.0076921564
-5.3875531e-10
0.0076921558
-3.5490073e-10
0.0076921553
-2.3557142e-10
0.007692155
-1.5012124e-10
0.0076921549
-9.983744e-11
0.0076921548
-7.2344453e-11
0.0076921546
-8.20913e-11
0.0076921544
-1.0478166e-10
0.0076921543
-7.8453463e-11
0.0076921544
6.5902194e-11
0.0076921547
2.8883645e-10
0.0076921552
4.8090813e-10
7.6206661e-11
0.0093140727
0.0082963401
0.0073480838
0.0065167791
0.0058112103
0.0052369127
0.0047862485
0.004441012
0.0041802971
0.0039843511
0.0038366531
0.003724003
0.0036363473
0.0035663586
0.003508873
0.0034603389
0.0034183545
0.0033813122
0.0033481384
0.0033181092
0.0032907251
0.0032656288
0.0032425527
0.0032212861
0.0032016559
0.0031835139
0.0031667309
0.0031511914
0.0031367919
0.0031234389
0.0031110478
0.0030995418
0.0030888511
0.0030789127
0.003069669
0.0030610682
0.0030530627
0.0030456098
0.0030386704
0.0030322093
0.0030261946
0.0030205976
0.0030153924
0.0030105556
0.0030060664
0.003001906
0.0029980573
0.002994505
0.002991235
0.0029882341
0.0029854899
0.0029829903
0.0029807237
0.0029786783
0.0029768422
0.0029752034
0.0029737497
0.0029724683
0.0029713465
0.0029703715
0.0029695303
0.00296881
0.0029681982
0.0029676827
0.002967252
0.0029668952
0.0029666022
0.0029663636
0.0029661711
0.0029660172
0.0029658953
0.0029657995
0.0029657251
0.0029656677
0.0029656239
0.0029655908
0.002965566
0.0029655476
0.0029655341
0.0029655243
0.0029655172
0.0029655121
0.0029655086
0.0029655061
0.0029655043
0.0029655032
0.0029655024
0.0029655018
0.0029655015
0.0029655012
0.0029655011
0.002965501
0.0029655009
0.0029655007
0.0029655006
0.0029655005
0.0029655007
0.0029655012
0.0029655018
)
;

boundaryField
{
    top
    {
        type            calculated;
        value           uniform 0;
    }
    bottom
    {
        type            calculated;
        value           uniform 0;
    }
    inlet
    {
        type            calculated;
        value           nonuniform List<scalar> 10(-0.01 -0.01 -0.01 -0.01 -0.01 -0.01 -0.01 -0.01 -0.01 -0.01);
    }
    outlet
    {
        type            calculated;
        value           nonuniform List<scalar> 10(0.0029655018 0.0076921553 0.011199006 0.013502927 0.014640412 0.014640412 0.013502927 0.011199006 0.0076921553 0.0029655019);
    }
    front
    {
        type            empty;
    }
    back
    {
        type            empty;
    }
}


// ************************************************************************* //
