/*--------------------------------*- C++ -*----------------------------------*\
  =========                 |
  \\      /  F ield         | OpenFOAM: The Open Source CFD Toolbox
   \\    /   O peration     | Website:  https://openfoam.org
    \\  /    A nd           | Version:  13
     \\/     M anipulation  |
\*---------------------------------------------------------------------------*/
FoamFile
{
    format      ascii;
    class       volVectorField;
    location    "6";
    object      U;
}
// * * * * * * * * * * * * * * * * * * * * * * * * * * * * * * * * * * * * * //

dimensions      [0 1 -1 0 0 0 0];

internalField   nonuniform List<vector> 
1000
(
(0.92074242 0.03382768 0)
(0.8635379 0.056684191 0)
(0.78799127 0.052753994 0)
(0.69766161 0.041237061 0)
(0.61471542 0.03020314 0)
(0.54875554 0.020988077 0)
(0.49827309 0.013660659 0)
(0.45949312 0.0082997553 0)
(0.42978721 0.0047358839 0)
(0.4072852 0.0025321839 0)
(0.39034402 0.0012497963 0)
(0.37751559 0.00056180299 0)
(0.36764107 0.00024261414 0)
(0.35985945 0.00013663686 0)
(0.35355677 0.0001397606 0)
(0.34830594 0.00018760973 0)
(0.34381545 0.0002445291 0)
(0.33988919 0.00029351161 0)
(0.33639624 0.0003284396 0)
(0.33324897 0.0003488825 0)
(0.3303878 0.00035693565 0)
(0.32777099 0.00035546486 0)
(0.325368 0.00034723874 0)
(0.32315541 0.00033457639 0)
(0.32111434 0.00031926487 0)
(0.31922892 0.00030260076 0)
(0.31748543 0.0002854778 0)
(0.31587172 0.00026848194 0)
(0.31437691 0.0002519763 0)
(0.31299119 0.00023616987 0)
(0.31170569 0.00022116897 0)
(0.31051235 0.00020701404 0)
(0.30940388 0.00019370488 0)
(0.30837366 0.00018121728 0)
(0.30741567 0.00016951386 0)
(0.30652444 0.00015855055 0)
(0.30569502 0.00014828056 0)
(0.30492291 0.00013865658 0)
(0.30420402 0.00012963185 0)
(0.30353465 0.00012116091 0)
(0.30291145 0.00011319952 0)
(0.3023314 0.00010570533 0)
(0.30179176 9.8637416e-05 0)
(0.30129009 9.1957529e-05 0)
(0.30082417 8.5629148e-05 0)
(0.30039204 7.9619548e-05 0)
(0.29999191 7.38984e-05 0)
(0.29962217 6.8440484e-05 0)
(0.29928134 6.3223538e-05 0)
(0.29896808 5.8231351e-05 0)
(0.29868109 5.3450903e-05 0)
(0.29841917 4.8875432e-05 0)
(0.29818114 4.4500819e-05 0)
(0.29796581 4.0328322e-05 0)
(0.29777201 3.6360613e-05 0)
(0.29759856 3.260404e-05 0)
(0.29744421 2.9064801e-05 0)
(0.29730774 2.575055e-05 0)
(0.29718787 2.2667107e-05 0)
(0.29708331 1.9819285e-05 0)
(0.29699277 1.7208114e-05 0)
(0.29691496 1.4832189e-05 0)
(0.2968486 1.2687569e-05 0)
(0.29679248 1.0767988e-05 0)
(0.29674539 9.0651664e-06 0)
(0.29670621 7.5682451e-06 0)
(0.2966739 6.2650868e-06 0)
(0.29664748 5.1412159e-06 0)
(0.29662607 4.1820013e-06 0)
(0.29660887 3.3710756e-06 0)
(0.29659518 2.6930217e-06 0)
(0.29658439 2.1313336e-06 0)
(0.29657595 1.6714487e-06 0)
(0.29656942 1.2982526e-06 0)
(0.29656441 9.9918809e-07 0)
(0.29656061 7.6141479e-07 0)
(0.29655774 5.7499563e-07 0)
(0.29655561 4.2975214e-07 0)
(0.29655403 3.1842662e-07 0)
(0.29655288 2.3334103e-07 0)
(0.29655205 1.6965632e-07 0)
(0.29655145 1.2183803e-07 0)
(0.29655102 8.6990686e-08 0)
(0.29655073 6.1166055e-08 0)
(0.29655052 4.2947168e-08 0)
(0.29655037 2.9510047e-08 0)
(0.29655028 2.0487793e-08 0)
(0.29655021 1.3702761e-08 0)
(0.29655016 9.5671039e-09 0)
(0.29655013 6.2024583e-09 0)
(0.29655011 4.5916334e-09 0)
(0.2965501 2.7687861e-09 0)
(0.29655009 2.2589683e-09 0)
(0.29655009 9.3910221e-10 0)
(0.29655007 1.4254677e-09 0)
(0.29655007 9.15265e-11 0)
(0.29655006 -6.4983526e-10 0)
(0.29655009 -2.2921186e-09 0)
(0.29655014 -6.3968298e-09 0)
(0.29655018 6.5900727e-09 0)
(1.0019381 0.052732953 0)
(1.0365395 0.10225274 0)
(1.0602516 0.11315449 0)
(1.0635369 0.1090466 0)
(1.0522935 0.099516705 0)
(1.0346516 0.087114674 0)
(1.0147897 0.073373125 0)
(0.99415463 0.059906706 0)
(0.97358849 0.047880415 0)
(0.95388174 0.037787615 0)
(0.93564763 0.029665822 0)
(0.91918058 0.023329679 0)
(0.90451503 0.0185031 0)
(0.89154102 0.014887715 0)
(0.88008799 0.01220327 0)
(0.86996962 0.010210171 0)
(0.86100574 0.0087174106 0)
(0.8530328 0.0075805206 0)
(0.84590823 0.006694513 0)
(0.83951096 0.0059853782 0)
(0.83373983 0.0054020977 0)
(0.82851098 0.004910023 0)
(0.82375506 0.0044858002 0)
(0.81941458 0.004113683 0)
(0.81544162 0.0037829531 0)
(0.81179591 0.0034861665 0)
(0.80844332 0.0032179925 0)
(0.8053546 0.0029744628 0)
(0.80250452 0.0027524985 0)
(0.79987106 0.0025496162 0)
(0.79743492 0.0023637471 0)
(0.79517902 0.0021931252 0)
(0.79308817 0.0020362161 0)
(0.79114884 0.0018916695 0)
(0.78934887 0.0017582864 0)
(0.78767733 0.0016349946 0)
(0.78612437 0.001520829 0)
(0.78468111 0.0014149164 0)
(0.7833395 0.0013164624 0)
(0.7820923 0.0012247421 0)
(0.78093294 0.0011390918 0)
(0.77985551 0.001058905 0)
(0.77885469 0.00098362885 0)
(0.77792568 0.00091276396 0)
(0.77706415 0.00084586441 0)
(0.77626623 0.00078253926 0)
(0.77552841 0.00072245386 0)
(0.77484751 0.00066533094 0)
(0.77422062 0.00061095031 0)
(0.77364507 0.00055914718 0)
(0.77311834 0.00050980882 0)
(0.77263806 0.00046286939 0)
(0.7722019 0.00041830316 0)
(0.77180761 0.00037611616 0)
(0.77145293 0.00033633683 0)
(0.77113559 0.00029900631 0)
(0.7708533 0.00026416873 0)
(0.77060371 0.00023186236 0)
(0.77038449 0.00020211122 0)
(0.77019324 0.00017491893 0)
(0.77002758 0.00015026319 0)
(0.76988516 0.00012809434 0)
(0.76976366 0.00010833498 0)
(0.76966083 9.0882199e-05 0)
(0.7695745 7.5609749e-05 0)
(0.76950264 6.2372521e-05 0)
(0.76944333 5.1010418e-05 0)
(0.76939479 4.1353904e-05 0)
(0.76935544 3.3228685e-05 0)
(0.7693238 2.6460823e-05 0)
(0.76929861 2.0880722e-05 0)
(0.76927872 1.6326803e-05 0)
(0.76926318 1.2648466e-05 0)
(0.76925113 9.7078475e-06 0)
(0.7692419 7.3813304e-06 0)
(0.76923487 5.55949e-06 0)
(0.76922959 4.1477653e-06 0)
(0.76922565 3.0649814e-06 0)
(0.76922274 2.2433466e-06 0)
(0.76922061 1.6260352e-06 0)
(0.76921907 1.1673659e-06 0)
(0.76921797 8.2978537e-07 0)
(0.76921718 5.8434047e-07 0)
(0.76921663 4.0724175e-07 0)
(0.76921625 2.8134086e-07 0)
(0.76921599 1.9218879e-07 0)
(0.76921581 1.3050395e-07 0)
(0.76921569 8.7453793e-08 0)
(0.7692156 5.875567e-08 0)
(0.76921555 3.8661917e-08 0)
(0.76921551 2.592023e-08 0)
(0.7692155 1.6253129e-08 0)
(0.76921547 1.0892896e-08 0)
(0.76921547 7.3180666e-09 0)
(0.76921544 7.4123957e-09 0)
(0.76921545 5.6574935e-09 0)
(0.76921542 -2.9190891e-09 0)
(0.76921549 -2.1858529e-08 0)
(0.76921548 -5.0449318e-08 0)
(0.76921553 -6.4161073e-09 0)
(1.0002467 0.026719375 0)
(1.0283936 0.06255548 0)
(1.0646999 0.077616155 0)
(1.0979952 0.080476474 0)
(1.1240764 0.078058279 0)
(1.1435812 0.07291683 0)
(1.1579044 0.065986855 0)
(1.1678877 0.0582047 0)
(1.1741544 0.050495786 0)
(1.1774192 0.043467201 0)
(1.1784517 0.037361305 0)
(1.1779313 0.032190658 0)
(1.1763807 0.027868332 0)
(1.1741779 0.024277405 0)
(1.1715897 0.02129854 0)
(1.1688025 0.018820813 0)
(1.1659442 0.016747065 0)
(1.1630997 0.014996281 0)
(1.1603237 0.013503434 0)
(1.1576498 0.012217594 0)
(1.155097 0.011099356 0)
(1.1526749 0.010118312 0)
(1.1503869 0.009250924 0)
(1.1482324 0.0084788488 0)
(1.1462083 0.0077876539 0)
(1.1443102 0.0071658449 0)
(1.1425325 0.0066041381 0)
(1.1408693 0.0060949252 0)
(1.1393146 0.0056318831 0)
(1.1378621 0.0052096894 0)
(1.1365059 0.0048238152 0)
(1.1352401 0.0044703694 0)
(1.1340591 0.004145981 0)
(1.1329574 0.0038477074 0)
(1.1319299 0.0035729612 0)
(1.1309719 0.0033194521 0)
(1.1300788 0.0030851385 0)
(1.1292463 0.0028681884 0)
(1.1284705 0.0026669472 0)
(1.1277475 0.0024799118 0)
(1.1270741 0.0023057105 0)
(1.1264469 0.0021430884 0)
(1.1258631 0.0019908983 0)
(1.1253198 0.0018480944 0)
(1.1248147 0.0017137315 0)
(1.1243453 0.0015869648 0)
(1.1239098 0.0014670535 0)
(1.123506 0.0013533617 0)
(1.1231323 0.0012453617 0)
(1.1227872 0.0011426323 0)
(1.1224691 0.0010448567 0)
(1.1221766 0.00095181542 0)
(1.1219087 0.00086337734 0)
(1.121664 0.00077948639 0)
(1.1214414 0.00070014631 0)
(1.1212399 0.00062540303 0)
(1.1210582 0.00055532647 0)
(1.1208954 0.00048999226 0)
(1.1207502 0.00042946452 0)
(1.1206217 0.00037378139 0)
(1.1205085 0.00032294309 0)
(1.1204095 0.00027690394 0)
(1.1203237 0.00023556685 0)
(1.1202497 0.00019878282 0)
(1.1201865 0.00016635285 0)
(1.120133 0.00013803373 0)
(1.120088 0.0001135452 0)
(1.1200505 9.2579333e-05 0)
(1.1200195 7.4810257e-05 0)
(1.1199941 5.9904134e-05 0)
(1.1199735 4.7528438e-05 0)
(1.119957 3.7360078e-05 0)
(1.1199438 2.9092539e-05 0)
(1.1199334 2.24408e-05 0)
(1.1199253 1.7145417e-05 0)
(1.119919 1.2974033e-05 0)
(1.1199142 9.7229228e-06 0)
(1.1199105 7.2156464e-06 0)
(1.1199078 5.3027457e-06 0)
(1.1199057 3.8584742e-06 0)
(1.1199042 2.7799663e-06 0)
(1.1199031 1.9827807e-06 0)
(1.1199024 1.4003185e-06 0)
(1.1199018 9.7871581e-07 0)
(1.1199014 6.7750088e-07 0)
(1.1199011 4.6389109e-07 0)
(1.1199009 3.1499098e-07 0)
(1.1199008 2.1138593e-07 0)
(1.1199007 1.4131201e-07 0)
(1.1199006 9.3215918e-08 0)
(1.1199006 6.1651696e-08 0)
(1.1199006 3.962719e-08 0)
(1.1199005 2.5234773e-08 0)
(1.1199005 1.6461376e-08 0)
(1.1199005 1.1002948e-08 0)
(1.1199005 8.9325962e-09 0)
(1.1199005 -3.9884241e-09 0)
(1.1199006 -2.0483573e-08 0)
(1.1199005 -4.3380573e-08 0)
(1.1199006 -3.2869504e-09 0)
(1.0000321 0.01172771 0)
(1.0173964 0.030563016 0)
(1.0455868 0.040990665 0)
(1.0788323 0.044657243 0)
(1.1117703 0.044906518 0)
(1.1419849 0.043513626 0)
(1.1689322 0.04099875 0)
(1.1925678 0.037704081 0)
(1.2129268 0.03408959 0)
(1.2301852 0.030558837 0)
(1.2446903 0.027331284 0)
(1.256878 0.024473251 0)
(1.2671747 0.021977087 0)
(1.2759451 0.019810763 0)
(1.283481 0.017935174 0)
(1.290012 0.016308893 0)
(1.2957188 0.014891426 0)
(1.3007436 0.013646365 0)
(1.3051988 0.012543202 0)
(1.3091728 0.011557521 0)
(1.3127361 0.010670205 0)
(1.3159451 0.0098663621 0)
(1.3188459 0.0091343426 0)
(1.3214764 0.0084649503 0)
(1.3238687 0.0078508311 0)
(1.3260497 0.0072860039 0)
(1.3280426 0.0067655076 0)
(1.3298672 0.006285143 0)
(1.3315409 0.0058412875 0)
(1.3330786 0.0054307663 0)
(1.3344937 0.0050507601 0)
(1.3357977 0.004698741 0)
(1.3370008 0.004372424 0)
(1.3381122 0.0040697308 0)
(1.3391399 0.0037887613 0)
(1.340091 0.00352777 0)
(1.340972 0.0032851465 0)
(1.3417885 0.0030593992 0)
(1.3425457 0.0028491412 0)
(1.343248 0.0026530787 0)
(1.3438995 0.0024700019 0)
(1.3445039 0.0022987792 0)
(1.3450643 0.0021383531 0)
(1.3455836 0.0019877397 0)
(1.3460644 0.0018460297 0)
(1.3465089 0.0017123914 0)
(1.3469192 0.001586076 0)
(1.3472969 0.0014664213 0)
(1.3476439 0.0013528574 0)
(1.3479616 0.0012449078 0)
(1.3482514 0.0011421927 0)
(1.3485147 0.0010444239 0)
(1.3487528 0.00095140328 0)
(1.3489669 0.0008630103 0)
(1.3491585 0.0007791947 0)
(1.3493288 0.00069995803 0)
(1.3494791 0.0006253424 0)
(1.349611 0.00055540877 0)
(1.3497258 0.00049022486 0)
(1.3498249 0.0004298447 0)
(1.3499098 0.00037429929 0)
(1.3499819 0.00032358114 0)
(1.3500426 0.00027763988 0)
(1.3500932 0.00023637445 0)
(1.350135 0.00019963504 0)
(1.3501692 0.00016722289 0)
(1.3501969 0.00013889713 0)
(1.3502191 0.00011438062 0)
(1.3502368 9.3369429e-05 0)
(1.3502506 7.554211e-05 0)
(1.3502614 6.0568912e-05 0)
(1.3502696 4.8121531e-05 0)
(1.3502759 3.7880079e-05 0)
(1.3502806 2.9541245e-05 0)
(1.3502841 2.2821849e-05 0)
(1.3502867 1.7464346e-05 0)
(1.3502885 1.3237039e-05 0)
(1.3502898 9.9369329e-06 0)
(1.3502908 7.3873806e-06 0)
(1.3502914 5.4387908e-06 0)
(1.3502918 3.9649183e-06 0)
(1.3502921 2.8621701e-06 0)
(1.3502923 2.0456454e-06 0)
(1.3502925 1.4476185e-06 0)
(1.3502925 1.0142282e-06 0)
(1.3502926 7.0353256e-07 0)
(1.3502926 4.8330644e-07 0)
(1.3502927 3.2886043e-07 0)
(1.3502927 2.2196657e-07 0)
(1.3502927 1.4868084e-07 0)
(1.3502927 9.8782218e-08 0)
(1.3502927 6.5039566e-08 0)
(1.3502926 4.1563796e-08 0)
(1.3502927 2.733836e-08 0)
(1.3502926 1.6434746e-08 0)
(1.3502927 1.1667458e-08 0)
(1.3502926 -1.9628622e-09 0)
(1.3502927 -1.25498e-08 0)
(1.3502926 -2.6751452e-08 0)
(1.3502927 -1.5231742e-09 0)
(1.0001568 0.0034383906 0)
(1.0134518 0.0092557598 0)
(1.036628 0.012853241 0)
(1.0666034 0.014335343 0)
(1.0987809 0.014626052 0)
(1.1300715 0.014363697 0)
(1.1593037 0.013741451 0)
(1.1861976 0.01284016 0)
(1.2106431 0.011790373 0)
(1.2325915 0.010728734 0)
(1.2521417 0.0097376724 0)
(1.2695378 0.0088459648 0)
(1.2850832 0.0080555411 0)
(1.2990634 0.0073596114 0)
(1.3117148 0.0067486876 0)
(1.3232262 0.0062117866 0)
(1.3337497 0.0057373905 0)
(1.3434089 0.00531471 0)
(1.3523048 0.0049345681 0)
(1.3605197 0.004589644 0)
(1.3681215 0.0042742847 0)
(1.3751665 0.0039841715 0)
(1.3817031 0.003716001 0)
(1.3877731 0.0034672268 0)
(1.3934136 0.0032358587 0)
(1.3986575 0.0030203081 0)
(1.4035348 0.0028192719 0)
(1.4080726 0.0026316482 0)
(1.4122958 0.0024564778 0)
(1.4162271 0.0022929051 0)
(1.4198876 0.0021401521 0)
(1.4232966 0.0019975011 0)
(1.4264718 0.0018642842 0)
(1.4294299 0.0017398748 0)
(1.4321859 0.001623683 0)
(1.434754 0.0015151504 0)
(1.4371471 0.0014137479 0)
(1.4393771 0.0013189723 0)
(1.4414551 0.0012303448 0)
(1.4433911 0.0011474083 0)
(1.4451946 0.001069727 0)
(1.446874 0.00099688543 0)
(1.448437 0.00092848896 0)
(1.4498909 0.00086416373 0)
(1.4512421 0.00080355988 0)
(1.4524964 0.00074635148 0)
(1.4536593 0.00069224171 0)
(1.4547356 0.00064096242 0)
(1.4557297 0.00059228021 0)
(1.4566457 0.00054599414 0)
(1.4574876 0.00050194164 0)
(1.4582587 0.00045999348 0)
(1.4589627 0.00042005808 0)
(1.4596027 0.0003820732 0)
(1.460182 0.00034600812 0)
(1.4607039 0.00031185286 0)
(1.4611716 0.00027961818 0)
(1.4615884 0.00024932363 0)
(1.4619576 0.000220996 0)
(1.4622825 0.00019465828 0)
(1.4625667 0.00017032779 0)
(1.4628134 0.00014800791 0)
(1.463026 0.00012768681 0)
(1.4632079 0.00010933308 0)
(1.4633623 9.2895344e-05 0)
(1.4634922 7.8302687e-05 0)
(1.4636008 6.546492e-05 0)
(1.4636906 5.4276709e-05 0)
(1.4637644 4.4618271e-05 0)
(1.4638244 3.6362207e-05 0)
(1.4638728 2.9373547e-05 0)
(1.4639115 2.3517733e-05 0)
(1.4639422 1.8659444e-05 0)
(1.4639662 1.4670764e-05 0)
(1.4639849 1.1428345e-05 0)
(1.4639993 8.8207595e-06 0)
(1.4640103 6.744096e-06 0)
(1.4640186 5.1084834e-06 0)
(1.4640249 3.8324526e-06 0)
(1.4640295 2.8484209e-06 0)
(1.4640328 2.0963129e-06 0)
(1.4640353 1.5285328e-06 0)
(1.4640371 1.1033522e-06 0)
(1.4640383 7.8932874e-07 0)
(1.4640392 5.588222e-07 0)
(1.4640399 3.9238547e-07 0)
(1.4640403 2.7260754e-07 0)
(1.4640406 1.8837307e-07 0)
(1.4640408 1.2882335e-07 0)
(1.4640409 8.8189787e-08 0)
(1.464041 5.9495361e-08 0)
(1.4640411 4.0365507e-08 0)
(1.4640411 2.6130921e-08 0)
(1.4640412 1.727339e-08 0)
(1.4640411 9.9276635e-09 0)
(1.4640412 6.1072938e-09 0)
(1.4640411 -2.4714692e-10 0)
(1.4640413 -4.7409304e-09 0)
(1.4640411 -6.8975809e-09 0)
(1.4640412 2.470325e-09 0)
(1.0001568 -0.0034383906 0)
(1.0134518 -0.0092557598 0)
(1.036628 -0.012853241 0)
(1.0666034 -0.014335343 0)
(1.0987809 -0.014626052 0)
(1.1300715 -0.014363697 0)
(1.1593037 -0.013741451 0)
(1.1861976 -0.012840159 0)
(1.2106431 -0.011790373 0)
(1.2325915 -0.010728734 0)
(1.2521417 -0.009737672 0)
(1.2695378 -0.0088459643 0)
(1.2850832 -0.0080555405 0)
(1.2990634 -0.0073596107 0)
(1.3117148 -0.0067486867 0)
(1.3232262 -0.0062117855 0)
(1.3337497 -0.0057373892 0)
(1.3434089 -0.0053147084 0)
(1.3523048 -0.0049345664 0)
(1.3605197 -0.004589642 0)
(1.3681215 -0.0042742824 0)
(1.3751665 -0.0039841689 0)
(1.3817031 -0.003715998 0)
(1.3877731 -0.0034672235 0)
(1.3934136 -0.0032358551 0)
(1.3986575 -0.0030203043 0)
(1.4035348 -0.0028192679 0)
(1.4080726 -0.0026316441 0)
(1.4122958 -0.0024564737 0)
(1.4162271 -0.0022929012 0)
(1.4198876 -0.0021401484 0)
(1.4232966 -0.001997498 0)
(1.4264718 -0.0018642818 0)
(1.4294299 -0.0017398735 0)
(1.4321859 -0.0016236826 0)
(1.434754 -0.0015151512 0)
(1.4371471 -0.0014137495 0)
(1.4393771 -0.0013189749 0)
(1.4414551 -0.0012303475 0)
(1.4433911 -0.0011474107 0)
(1.4451946 -0.0010697282 0)
(1.446874 -0.00099688418 0)
(1.448437 -0.00092848397 0)
(1.4498909 -0.00086415365 0)
(1.4512421 -0.00080354375 0)
(1.4524964 -0.00074632798 0)
(1.4536593 -0.00069221081 0)
(1.4547356 -0.00064092306 0)
(1.4557297 -0.0005922335 0)
(1.4566457 -0.00054593966 0)
(1.4574876 -0.0005018821 0)
(1.4582587 -0.00045992916 0)
(1.4589627 -0.00041999273 0)
(1.4596027 -0.00038200748 0)
(1.460182 -0.00034594646 0)
(1.4607039 -0.00031179603 0)
(1.4611716 -0.00027957021 0)
(1.4615884 -0.00024928465 0)
(1.4619576 -0.00022096896 0)
(1.4622826 -0.00019464258 0)
(1.4625668 -0.0001703249 0)
(1.4628134 -0.00014801647 0)
(1.4630261 -0.00012770667 0)
(1.463208 -0.00010936227 0)
(1.4633623 -9.2932654e-05 0)
(1.4634923 -7.8346091e-05 0)
(1.4636008 -6.5512467e-05 0)
(1.4636907 -5.4326884e-05 0)
(1.4637645 -4.466913e-05 0)
(1.4638245 -3.6412952e-05 0)
(1.4638729 -2.9422302e-05 0)
(1.4639116 -2.3564468e-05 0)
(1.4639422 -1.870271e-05 0)
(1.4639663 -1.4711195e-05 0)
(1.463985 -1.1464605e-05 0)
(1.4639994 -8.8538729e-06 0)
(1.4640104 -6.7730005e-06 0)
(1.4640187 -5.1344797e-06 0)
(1.4640249 -3.8544107e-06 0)
(1.4640295 -2.8677035e-06 0)
(1.4640329 -2.1119452e-06 0)
(1.4640353 -1.5419775e-06 0)
(1.4640371 -1.1135203e-06 0)
(1.4640384 -7.9766618e-07 0)
(1.4640392 -5.6436235e-07 0)
(1.4640399 -3.9659945e-07 0)
(1.4640403 -2.7429015e-07 0)
(1.4640406 -1.8881327e-07 0)
(1.4640408 -1.2690408e-07 0)
(1.4640409 -8.5457257e-08 0)
(1.464041 -5.5177001e-08 0)
(1.4640411 -3.666588e-08 0)
(1.4640411 -2.2387508e-08 0)
(1.4640412 -1.6363387e-08 0)
(1.4640411 -9.7857119e-09 0)
(1.4640412 -1.081948e-08 0)
(1.4640411 -4.03814e-09 0)
(1.4640413 2.4942015e-09 0)
(1.4640411 1.216487e-08 0)
(1.4640412 6.1666316e-09 0)
(1.0000321 -0.01172771 0)
(1.0173964 -0.030563016 0)
(1.0455868 -0.040990665 0)
(1.0788323 -0.044657243 0)
(1.1117703 -0.044906518 0)
(1.1419849 -0.043513626 0)
(1.1689322 -0.04099875 0)
(1.1925678 -0.037704081 0)
(1.2129268 -0.03408959 0)
(1.2301852 -0.030558837 0)
(1.2446903 -0.027331284 0)
(1.256878 -0.02447325 0)
(1.2671747 -0.021977087 0)
(1.2759451 -0.019810763 0)
(1.283481 -0.017935173 0)
(1.290012 -0.016308892 0)
(1.2957188 -0.014891425 0)
(1.3007436 -0.013646364 0)
(1.3051988 -0.012543201 0)
(1.3091728 -0.011557519 0)
(1.3127361 -0.010670203 0)
(1.3159451 -0.0098663599 0)
(1.3188459 -0.0091343401 0)
(1.3214764 -0.0084649476 0)
(1.3238687 -0.0078508282 0)
(1.3260497 -0.0072860007 0)
(1.3280426 -0.0067655043 0)
(1.3298672 -0.0062851396 0)
(1.3315409 -0.0058412842 0)
(1.3330786 -0.005430763 0)
(1.3344937 -0.0050507572 0)
(1.3357977 -0.0046987384 0)
(1.3370008 -0.0043724219 0)
(1.3381122 -0.0040697294 0)
(1.3391399 -0.0037887606 0)
(1.340091 -0.0035277698 0)
(1.340972 -0.0032851467 0)
(1.3417885 -0.0030593995 0)
(1.3425457 -0.0028491411 0)
(1.343248 -0.0026530775 0)
(1.3438995 -0.0024699989 0)
(1.3445039 -0.0022987735 0)
(1.3450643 -0.0021383439 0)
(1.3455836 -0.0019877261 0)
(1.3460644 -0.0018460106 0)
(1.3465089 -0.0017123665 0)
(1.3469191 -0.0015860448 0)
(1.3472969 -0.0014663842 0)
(1.3476439 -0.0013528142 0)
(1.3479616 -0.00124486 0)
(1.3482515 -0.001142141 0)
(1.3485148 -0.0010443707 0)
(1.3487528 -0.00095134954 0)
(1.348967 -0.00086295902 0)
(1.3491586 -0.00077914706 0)
(1.3493289 -0.00069991693 0)
(1.3494793 -0.00062530853 0)
(1.3496112 -0.0005553843 0)
(1.349726 -0.00049020986 0)
(1.3498251 -0.00042984032 0)
(1.34991 -0.00037430467 0)
(1.3499821 -0.00032359605 0)
(1.3500428 -0.0002776628 0)
(1.3500934 -0.00023640444 0)
(1.3501352 -0.00019967038 0)
(1.3501694 -0.00016726208 0)
(1.3501971 -0.00013893857 0)
(1.3502193 -0.00011442289 0)
(1.3502369 -9.3411537e-05 0)
(1.3502508 -7.5582796e-05 0)
(1.3502615 -6.0607701e-05 0)
(1.3502697 -4.8157584e-05 0)
(1.350276 -3.791355e-05 0)
(1.3502807 -2.957148e-05 0)
(1.3502842 -2.2849252e-05 0)
(1.3502867 -1.7488492e-05 0)
(1.3502886 -1.3258619e-05 0)
(1.3502899 -9.9554817e-06 0)
(1.3502908 -7.4035555e-06 0)
(1.3502914 -5.4522139e-06 0)
(1.3502919 -3.9763754e-06 0)
(1.3502922 -2.8711927e-06 0)
(1.3502924 -2.0529374e-06 0)
(1.3502925 -1.4527988e-06 0)
(1.3502926 -1.0181155e-06 0)
(1.3502926 -7.0560796e-07 0)
(1.3502926 -4.8422725e-07 0)
(1.3502927 -3.2809289e-07 0)
(1.3502927 -2.2018777e-07 0)
(1.3502927 -1.4546541e-07 0)
(1.3502927 -9.5103417e-08 0)
(1.3502927 -6.1023834e-08 0)
(1.3502926 -3.886641e-08 0)
(1.3502927 -2.5886761e-08 0)
(1.3502926 -1.8325489e-08 0)
(1.3502927 -1.6377252e-08 0)
(1.3502926 -2.6786261e-09 0)
(1.3502928 1.1990058e-08 0)
(1.3502926 3.1635269e-08 0)
(1.3502927 9.5295002e-09 0)
(1.0002467 -0.026719375 0)
(1.0283936 -0.06255548 0)
(1.0646999 -0.077616155 0)
(1.0979952 -0.080476474 0)
(1.1240764 -0.078058279 0)
(1.1435812 -0.07291683 0)
(1.1579044 -0.065986855 0)
(1.1678877 -0.0582047 0)
(1.1741544 -0.050495786 0)
(1.1774192 -0.0434672 0)
(1.1784517 -0.037361305 0)
(1.1779313 -0.032190658 0)
(1.1763807 -0.027868332 0)
(1.1741779 -0.024277404 0)
(1.1715897 -0.02129854 0)
(1.1688025 -0.018820812 0)
(1.1659442 -0.016747064 0)
(1.1630997 -0.01499628 0)
(1.1603237 -0.013503433 0)
(1.1576498 -0.012217593 0)
(1.155097 -0.011099355 0)
(1.1526749 -0.010118311 0)
(1.1503869 -0.0092509224 0)
(1.1482324 -0.0084788469 0)
(1.1462083 -0.007787652 0)
(1.1443102 -0.0071658428 0)
(1.1425325 -0.0066041359 0)
(1.1408693 -0.006094923 0)
(1.1393146 -0.0056318808 0)
(1.1378621 -0.0052096872 0)
(1.1365059 -0.0048238131 0)
(1.1352401 -0.0044703673 0)
(1.1340591 -0.0041459792 0)
(1.1329574 -0.0038477056 0)
(1.1319299 -0.0035729595 0)
(1.1309719 -0.0033194501 0)
(1.1300788 -0.0030851362 0)
(1.1292463 -0.0028681854 0)
(1.1284705 -0.0026669432 0)
(1.1277475 -0.0024799063 0)
(1.1270741 -0.002305703 0)
(1.1264469 -0.0021430788 0)
(1.1258631 -0.0019908856 0)
(1.1253198 -0.0018480788 0)
(1.1248147 -0.001713712 0)
(1.1243454 -0.0015869427 0)
(1.1239098 -0.0014670273 0)
(1.123506 -0.0013533336 0)
(1.1231324 -0.0012453305 0)
(1.1227872 -0.0011426011 0)
(1.1224691 -0.0010448241 0)
(1.1221768 -0.00095178522 0)
(1.1219088 -0.00086334807 0)
(1.1216642 -0.00077946203 0)
(1.1214416 -0.00070012525 0)
(1.1212401 -0.00062538881 0)
(1.1210585 -0.00055531718 0)
(1.1208956 -0.00048999053 0)
(1.1207505 -0.00042946837 0)
(1.1206219 -0.00037379221 0)
(1.1205087 -0.00032295881 0)
(1.1204098 -0.00027692467 0)
(1.1203239 -0.00023559095 0)
(1.12025 -0.00019880954 0)
(1.1201868 -0.00016638115 0)
(1.1201332 -0.00013806214 0)
(1.1200882 -0.00011357356 0)
(1.1200506 -9.2606016e-05 0)
(1.1200196 -7.4835966e-05 0)
(1.1199942 -5.9927009e-05 0)
(1.1199736 -4.7549953e-05 0)
(1.1199571 -3.7378476e-05 0)
(1.1199439 -2.9109788e-05 0)
(1.1199335 -2.2454923e-05 0)
(1.1199253 -1.7158687e-05 0)
(1.119919 -1.2984531e-05 0)
(1.1199142 -9.733005e-06 0)
(1.1199106 -7.2231252e-06 0)
(1.1199078 -5.3100196e-06 0)
(1.1199058 -3.863441e-06 0)
(1.1199043 -2.7849971e-06 0)
(1.1199032 -1.9855696e-06 0)
(1.1199024 -1.4032724e-06 0)
(1.1199018 -9.7967818e-07 0)
(1.1199014 -6.7886326e-07 0)
(1.1199011 -4.632754e-07 0)
(1.1199009 -3.1479279e-07 0)
(1.1199008 -2.092864e-07 0)
(1.1199007 -1.3973869e-07 0)
(1.1199006 -8.9811993e-08 0)
(1.1199006 -5.9123555e-08 0)
(1.1199006 -3.5986113e-08 0)
(1.1199005 -2.3981165e-08 0)
(1.1199005 -1.5552214e-08 0)
(1.1199005 -1.5418213e-08 0)
(1.1199005 -1.4048813e-08 0)
(1.1199005 -9.1075478e-10 0)
(1.1199006 2.0427029e-08 0)
(1.1199005 5.0232591e-08 0)
(1.1199006 1.1321536e-08 0)
(1.0019381 -0.052732953 0)
(1.0365395 -0.10225274 0)
(1.0602516 -0.11315449 0)
(1.0635369 -0.1090466 0)
(1.0522935 -0.099516705 0)
(1.0346516 -0.087114674 0)
(1.0147897 -0.073373125 0)
(0.99415463 -0.059906706 0)
(0.97358849 -0.047880415 0)
(0.95388174 -0.037787615 0)
(0.93564763 -0.029665822 0)
(0.91918058 -0.023329679 0)
(0.90451503 -0.0185031 0)
(0.89154102 -0.014887715 0)
(0.88008799 -0.01220327 0)
(0.86996962 -0.01021017 0)
(0.86100574 -0.0087174102 0)
(0.85303281 -0.0075805201 0)
(0.84590824 -0.0066945125 0)
(0.83951097 -0.0059853776 0)
(0.83373983 -0.0054020971 0)
(0.82851098 -0.0049100223 0)
(0.82375506 -0.0044857994 0)
(0.81941458 -0.0041136822 0)
(0.81544162 -0.0037829522 0)
(0.81179592 -0.0034861656 0)
(0.80844332 -0.0032179915 0)
(0.80535461 -0.0029744617 0)
(0.80250453 -0.0027524974 0)
(0.79987107 -0.002549615 0)
(0.79743493 -0.0023637459 0)
(0.79517902 -0.0021931239 0)
(0.79308818 -0.0020362148 0)
(0.79114885 -0.0018916681 0)
(0.78934888 -0.0017582848 0)
(0.78767734 -0.0016349927 0)
(0.78612438 -0.0015208268 0)
(0.78468111 -0.0014149136 0)
(0.78333951 -0.0013164591 0)
(0.7820923 -0.0012247379 0)
(0.78093294 -0.0011390869 0)
(0.77985552 -0.0010588989 0)
(0.77885471 -0.00098362187 0)
(0.7779257 -0.00091275552 0)
(0.77706419 -0.00084585522 0)
(0.77626628 -0.00078252867 0)
(0.77552847 -0.0007224429 0)
(0.77484758 -0.00066531893 0)
(0.77422072 -0.00061093869 0)
(0.77364518 -0.00055913527 0)
(0.77311847 -0.00050979822 0)
(0.7726382 -0.0004628594 0)
(0.77220206 -0.00041829545 0)
(0.77180778 -0.00037610997 0)
(0.77145312 -0.00033633356 0)
(0.77113578 -0.00029900513 0)
(0.77085349 -0.00026417065 0)
(0.77060391 -0.00023186647 0)
(0.77038468 -0.00020211797 0)
(0.77019343 -0.00017492749 0)
(0.77002776 -0.00015027349 0)
(0.76988534 -0.00012810572 0)
(0.76976382 -0.00010834702 0)
(0.76966098 -9.0894584e-05 0)
(0.76957464 -7.5621754e-05 0)
(0.76950276 -6.2384202e-05 0)
(0.76944343 -5.1020974e-05 0)
(0.76939489 -4.1363844e-05 0)
(0.76935551 -3.3237087e-05 0)
(0.76932387 -2.6468524e-05 0)
(0.76929866 -2.0886827e-05 0)
(0.76927877 -1.6332434e-05 0)
(0.76926321 -1.2652604e-05 0)
(0.76925117 -9.7117226e-06 0)
(0.76924192 -7.3839169e-06 0)
(0.76923489 -5.5621069e-06 0)
(0.7692296 -4.1492375e-06 0)
(0.76922566 -3.0666023e-06 0)
(0.76922274 -2.2439467e-06 0)
(0.76922062 -1.6269399e-06 0)
(0.76921907 -1.1673011e-06 0)
(0.76921797 -8.3004526e-07 0)
(0.76921718 -5.8370497e-07 0)
(0.76921663 -4.0703996e-07 0)
(0.76921625 -2.8026281e-07 0)
(0.76921599 -1.9151337e-07 0)
(0.7692158 -1.2896967e-07 0)
(0.76921569 -8.6380093e-08 0)
(0.7692156 -5.6896108e-08 0)
(0.76921555 -3.7263477e-08 0)
(0.76921551 -2.3867602e-08 0)
(0.7692155 -1.5235327e-08 0)
(0.76921547 -1.0423321e-08 0)
(0.76921547 -1.0860633e-08 0)
(0.76921544 -1.3716044e-08 0)
(0.76921545 -1.2390828e-08 0)
(0.76921542 4.2340365e-09 0)
(0.76921549 3.4988054e-08 0)
(0.76921548 6.5783965e-08 0)
(0.76921553 1.3462086e-08 0)
(0.92074242 -0.03382768 0)
(0.8635379 -0.056684191 0)
(0.78799127 -0.052753994 0)
(0.69766161 -0.041237061 0)
(0.61471542 -0.03020314 0)
(0.54875554 -0.020988077 0)
(0.49827309 -0.013660659 0)
(0.45949312 -0.0082997553 0)
(0.42978721 -0.0047358839 0)
(0.4072852 -0.0025321839 0)
(0.39034402 -0.0012497962 0)
(0.37751559 -0.00056180295 0)
(0.36764107 -0.00024261409 0)
(0.35985945 -0.0001366368 0)
(0.35355677 -0.00013976054 0)
(0.34830594 -0.00018760966 0)
(0.34381545 -0.00024452902 0)
(0.33988919 -0.00029351152 0)
(0.33639624 -0.00032843949 0)
(0.33324897 -0.00034888237 0)
(0.33038781 -0.0003569355 0)
(0.32777099 -0.00035546467 0)
(0.325368 -0.00034723851 0)
(0.32315541 -0.00033457613 0)
(0.32111434 -0.00031926455 0)
(0.31922893 -0.00030260038 0)
(0.31748544 -0.00028547736 0)
(0.31587173 -0.00026848143 0)
(0.31437692 -0.00025197571 0)
(0.3129912 -0.0002361692 0)
(0.31170569 -0.00022116821 0)
(0.31051236 -0.0002070132 0)
(0.30940389 -0.00019370394 0)
(0.30837366 -0.00018121627 0)
(0.30741567 -0.00016951277 0)
(0.30652444 -0.00015854939 0)
(0.30569502 -0.00014827936 0)
(0.30492291 -0.0001386553 0)
(0.30420402 -0.00012963061 0)
(0.30353465 -0.00012115957 0)
(0.30291146 -0.00011319831 0)
(0.3023314 -0.00010570398 0)
(0.30179177 -9.8636361e-05 0)
(0.3012901 -9.1956286e-05 0)
(0.30082419 -8.5628368e-05 0)
(0.30039207 -7.9618502e-05 0)
(0.29999194 -7.3898015e-05 0)
(0.29962221 -6.8439815e-05 0)
(0.29928139 -6.3223708e-05 0)
(0.29896813 -5.8231201e-05 0)
(0.29868115 -5.3451713e-05 0)
(0.29841924 -4.8875959e-05 0)
(0.29818121 -4.4502358e-05 0)
(0.29796589 -4.0329595e-05 0)
(0.2977721 -3.6362807e-05 0)
(0.29759865 -3.2606008e-05 0)
(0.29744431 -2.9067505e-05 0)
(0.29730783 -2.5753043e-05 0)
(0.29718796 -2.267003e-05 0)
(0.2970834 -1.9822022e-05 0)
(0.29699285 -1.7210992e-05 0)
(0.29691503 -1.4834955e-05 0)
(0.29684867 -1.269018e-05 0)
(0.29679253 -1.0770559e-05 0)
(0.29674543 -9.067344e-06 0)
(0.29670625 -7.5704794e-06 0)
(0.29667393 -6.2667355e-06 0)
(0.2966475 -5.1430048e-06 0)
(0.29662608 -4.1830968e-06 0)
(0.29660888 -3.3724254e-06 0)
(0.29659519 -2.6936263e-06 0)
(0.29658439 -2.1322795e-06 0)
(0.29657595 -1.6716523e-06 0)
(0.29656942 -1.2988987e-06 0)
(0.29656441 -9.9911083e-07 0)
(0.2965606 -7.6183391e-07 0)
(0.29655774 -5.7472191e-07 0)
(0.2965556 -4.3003319e-07 0)
(0.29655403 -3.1803403e-07 0)
(0.29655288 -2.3351676e-07 0)
(0.29655204 -1.6917963e-07 0)
(0.29655144 -1.2196046e-07 0)
(0.29655102 -8.6470698e-08 0)
(0.29655072 -6.1242475e-08 0)
(0.29655051 -4.2392743e-08 0)
(0.29655037 -2.9570588e-08 0)
(0.29655027 -1.9919732e-08 0)
(0.29655021 -1.3743811e-08 0)
(0.29655016 -8.9825537e-09 0)
(0.29655013 -6.1858047e-09 0)
(0.29655011 -3.8768587e-09 0)
(0.2965501 -2.7433439e-09 0)
(0.29655009 -2.0268284e-09 0)
(0.29655008 -2.4834646e-09 0)
(0.29655006 -3.32202e-09 0)
(0.29655006 -1.8701517e-09 0)
(0.29655006 3.3722598e-09 0)
(0.2965501 9.4667023e-09 0)
(0.29655016 1.355916e-08 0)
(0.29655019 -3.9523431e-09 0)
)
;

boundaryField
{
    top
    {
        type            fixedValue;
        value           uniform (0 0 0);
    }
    bottom
    {
        type            fixedValue;
        value           uniform (0 0 0);
    }
    inlet
    {
        type            fixedValue;
        value           uniform (1 0 0);
    }
    outlet
    {
        type            zeroGradient;
    }
    front
    {
        type            empty;
    }
    back
    {
        type            empty;
    }
}


// ************************************************************************* //
