/*--------------------------------*- C++ -*----------------------------------*\
  =========                 |
  \\      /  F ield         | OpenFOAM: The Open Source CFD Toolbox
   \\    /   O peration     | Website:  https://openfoam.org
    \\  /    A nd           | Version:  13
     \\/     M anipulation  |
\*---------------------------------------------------------------------------*/
FoamFile
{
    format      ascii;
    class       volScalarField;
    location    "1";
    object      p;
}
// * * * * * * * * * * * * * * * * * * * * * * * * * * * * * * * * * * * * * //

dimensions      [0 2 -2 0 0 0 0];

internalField   nonuniform List<scalar> 
1000
(
2.0463433
1.9263488
1.8305305
1.7665253
1.7176694
1.6754645
1.6393268
1.6095854
1.5852452
1.5646844
1.5464314
1.5294034
1.5128747
1.4964102
1.479834
1.4630603
1.4461119
1.4290271
1.4118462
1.3946024
1.3773203
1.3600165
1.3427008
1.3253792
1.3080548
1.2907294
1.2734036
1.2560778
1.2387521
1.2214265
1.2041011
1.1867757
1.1694504
1.1521251
1.1347999
1.1174746
1.1001494
1.0828242
1.065499
1.0481738
1.0308486
1.0135235
0.99619827
0.97887308
0.96154789
0.9442227
0.92689752
0.90957233
0.89224715
0.87492196
0.85759678
0.84027159
0.82294641
0.80562122
0.78829603
0.77097085
0.75364566
0.73632048
0.71899529
0.70167011
0.68434492
0.66701974
0.64969455
0.63236937
0.61504418
0.597719
0.58039381
0.56306863
0.54574344
0.52841826
0.51109307
0.49376789
0.47644271
0.45911753
0.44179234
0.42446716
0.40714198
0.3898168
0.37249161
0.35516645
0.33784122
0.32051612
0.30319079
0.28586586
0.26854027
0.2512157
0.23388969
0.21656552
0.19923932
0.18191479
0.16458993
0.14726295
0.12994126
0.11261119
0.09528968
0.077963568
0.060634268
0.043312889
0.025983369
0.0086554805
1.9247299
1.8700581
1.8091978
1.7575888
1.7142693
1.6760172
1.6425518
1.6139965
1.5895384
1.5681336
1.5489257
1.5311173
1.5139949
1.4970967
1.4801943
1.4632352
1.4461911
1.4290571
1.411852
1.394598
1.3773134
1.36001
1.3426958
1.3253757
1.3080525
1.2907279
1.2734027
1.2560772
1.2387518
1.2214263
1.204101
1.1867756
1.1694504
1.1521251
1.1347999
1.1174746
1.1001494
1.0828242
1.065499
1.0481738
1.0308486
1.0135235
0.99619827
0.97887308
0.96154789
0.9442227
0.92689752
0.90957233
0.89224715
0.87492196
0.85759678
0.84027159
0.82294641
0.80562122
0.78829604
0.77097085
0.75364566
0.73632048
0.71899529
0.70167011
0.68434492
0.66701974
0.64969455
0.63236937
0.61504418
0.597719
0.58039381
0.56306863
0.54574344
0.52841826
0.51109307
0.49376789
0.47644271
0.45911753
0.44179234
0.42446716
0.40714197
0.3898168
0.3724916
0.35516646
0.33784119
0.32051617
0.3031907
0.28586598
0.26854009
0.25121593
0.23388941
0.21656575
0.19923922
0.18191448
0.16459069
0.14726119
0.12994328
0.11260929
0.095290508
0.077965995
0.060629986
0.043316892
0.025983173
0.0086515342
1.8634252
1.8372297
1.7996318
1.7593871
1.7203871
1.684064
1.6516956
1.6231644
1.5974326
1.5740578
1.5530153
1.5338493
1.5157654
1.4981708
1.4808003
1.4635508
1.4463411
1.4291228
1.4118755
1.3946013
1.3773087
1.3600036
1.3426901
1.3253713
1.3080494
1.2907258
1.2734013
1.2560764
1.2387513
1.2214261
1.2041008
1.1867755
1.1694503
1.1521251
1.1347998
1.1174746
1.1001494
1.0828242
1.065499
1.0481738
1.0308486
1.0135235
0.99619827
0.97887308
0.96154789
0.9442227
0.92689752
0.90957233
0.89224715
0.87492196
0.85759678
0.84027159
0.82294641
0.80562122
0.78829604
0.77097085
0.75364566
0.73632048
0.71899529
0.70167011
0.68434492
0.66701974
0.64969455
0.63236937
0.61504418
0.597719
0.58039381
0.56306863
0.54574344
0.52841826
0.51109307
0.49376789
0.47644271
0.45911753
0.44179234
0.42446716
0.40714197
0.38981681
0.37249159
0.35516648
0.33784116
0.32051622
0.30319062
0.2858661
0.26853991
0.25121616
0.23388913
0.21656599
0.19923906
0.18191436
0.16459114
0.14726029
0.12994448
0.11260793
0.095290762
0.077965834
0.060625432
0.043316966
0.025980413
0.0086467841
1.8346169
1.8189903
1.7930263
1.7601553
1.7242636
1.6892194
1.657669
1.6294179
1.6031252
1.5786044
1.5563631
1.5362295
1.517403
1.4992308
1.4814386
1.4639096
1.4465319
1.4292147
1.4119134
1.3946134
1.3773093
1.3599999
1.3426856
1.3253674
1.3080464
1.2907237
1.2734
1.2560755
1.2387507
1.2214257
1.2041006
1.1867754
1.1694502
1.152125
1.1347998
1.1174746
1.1001494
1.0828242
1.065499
1.0481738
1.0308486
1.0135235
0.99619827
0.97887308
0.96154789
0.9442227
0.92689752
0.90957233
0.89224715
0.87492196
0.85759678
0.84027159
0.82294641
0.80562122
0.78829604
0.77097085
0.75364566
0.73632048
0.71899529
0.70167011
0.68434492
0.66701974
0.64969455
0.63236937
0.61504418
0.597719
0.58039381
0.56306863
0.54574344
0.52841826
0.51109307
0.49376789
0.47644271
0.45911753
0.44179234
0.42446717
0.40714197
0.38981681
0.37249158
0.35516649
0.33784114
0.32051625
0.30319057
0.28586617
0.2685398
0.25121628
0.23388898
0.21656612
0.19923897
0.18191431
0.16459134
0.14725976
0.12994497
0.11260697
0.095290163
0.077965424
0.060622297
0.043316779
0.025980104
0.0086441695
1.8221962
1.8101837
1.7887856
1.7594165
1.7253209
1.691121
1.6601353
1.6322051
1.6058283
1.5808862
1.5581231
1.5375264
1.5183217
1.4998436
1.4818198
1.4641326
1.4466556
1.4292789
1.4119433
1.3946248
1.3773124
1.3599995
1.3426839
1.3253656
1.3080449
1.2907226
1.2733992
1.256075
1.2387504
1.2214255
1.2041005
1.1867754
1.1694502
1.152125
1.1347998
1.1174746
1.1001494
1.0828242
1.065499
1.0481738
1.0308486
1.0135235
0.99619826
0.97887308
0.96154789
0.9442227
0.92689752
0.90957233
0.89224715
0.87492196
0.85759678
0.84027159
0.82294641
0.80562122
0.78829604
0.77097085
0.75364566
0.73632048
0.71899529
0.70167011
0.68434492
0.66701974
0.64969455
0.63236937
0.61504418
0.597719
0.58039381
0.56306863
0.54574344
0.52841826
0.51109307
0.49376789
0.47644271
0.45911753
0.44179234
0.42446717
0.40714197
0.38981682
0.37249158
0.3551665
0.33784113
0.32051626
0.30319055
0.2858662
0.26853975
0.25121633
0.23388891
0.21656617
0.19923894
0.18191427
0.16459145
0.14725949
0.1299451
0.11260646
0.095289564
0.077965274
0.06062088
0.043316508
0.02598034
0.008643247
1.8221962
1.8101837
1.7887856
1.7594165
1.7253208
1.6911209
1.6601352
1.6322051
1.6058283
1.5808862
1.5581231
1.5375263
1.5183217
1.4998435
1.4818198
1.4641326
1.4466555
1.4292788
1.4119433
1.3946248
1.3773123
1.3599994
1.3426839
1.3253655
1.3080449
1.2907226
1.2733992
1.256075
1.2387504
1.2214255
1.2041005
1.1867754
1.1694502
1.152125
1.1347998
1.1174746
1.1001494
1.0828242
1.065499
1.0481738
1.0308486
1.0135235
0.99619826
0.97887308
0.96154789
0.9442227
0.92689752
0.90957233
0.89224715
0.87492196
0.85759678
0.84027159
0.82294641
0.80562122
0.78829604
0.77097085
0.75364566
0.73632048
0.71899529
0.70167011
0.68434492
0.66701974
0.64969455
0.63236937
0.61504418
0.597719
0.58039381
0.56306863
0.54574344
0.52841826
0.51109308
0.49376789
0.47644271
0.45911753
0.44179234
0.42446717
0.40714197
0.38981682
0.37249158
0.3551665
0.33784113
0.32051626
0.30319055
0.2858662
0.26853975
0.25121633
0.23388892
0.21656617
0.19923894
0.18191427
0.16459145
0.14725949
0.1299451
0.11260646
0.095289564
0.077965276
0.060620884
0.043316512
0.025980346
0.008643248
1.8346169
1.8189903
1.7930264
1.7601554
1.7242635
1.6892194
1.657669
1.6294179
1.6031252
1.5786044
1.556363
1.5362295
1.5174029
1.4992307
1.4814384
1.4639094
1.4465317
1.4292145
1.4119132
1.3946133
1.3773092
1.3599998
1.3426855
1.3253672
1.3080463
1.2907236
1.2733999
1.2560755
1.2387507
1.2214257
1.2041006
1.1867754
1.1694502
1.152125
1.1347998
1.1174746
1.1001494
1.0828242
1.065499
1.0481738
1.0308486
1.0135235
0.99619826
0.97887308
0.96154789
0.9442227
0.92689752
0.90957233
0.89224715
0.87492196
0.85759678
0.84027159
0.82294641
0.80562122
0.78829604
0.77097085
0.75364566
0.73632048
0.71899529
0.70167011
0.68434492
0.66701974
0.64969455
0.63236937
0.61504418
0.597719
0.58039381
0.56306863
0.54574344
0.52841826
0.51109308
0.49376789
0.47644271
0.45911753
0.44179234
0.42446717
0.40714197
0.38981681
0.37249158
0.35516649
0.33784114
0.32051625
0.30319057
0.28586617
0.2685398
0.25121628
0.23388898
0.21656613
0.19923898
0.18191433
0.16459136
0.14725978
0.12994498
0.11260697
0.095290157
0.077965427
0.060622302
0.04331678
0.025980111
0.0086441744
1.8634253
1.8372298
1.7996319
1.7593871
1.720387
1.6840639
1.6516955
1.6231644
1.5974325
1.5740577
1.5530152
1.5338492
1.5157652
1.4981706
1.4808001
1.4635506
1.4463408
1.4291226
1.4118752
1.3946011
1.3773085
1.3600034
1.3426899
1.3253711
1.3080493
1.2907257
1.2734012
1.2560763
1.2387512
1.221426
1.2041007
1.1867755
1.1694503
1.152125
1.1347998
1.1174746
1.1001494
1.0828242
1.065499
1.0481738
1.0308486
1.0135235
0.99619826
0.97887308
0.96154789
0.9442227
0.92689752
0.90957233
0.89224715
0.87492196
0.85759678
0.84027159
0.82294641
0.80562122
0.78829603
0.77097085
0.75364566
0.73632048
0.71899529
0.70167011
0.68434492
0.66701974
0.64969455
0.63236937
0.61504418
0.597719
0.58039381
0.56306863
0.54574344
0.52841826
0.51109308
0.49376789
0.47644271
0.45911753
0.44179234
0.42446717
0.40714197
0.38981681
0.37249159
0.35516648
0.33784115
0.32051621
0.30319061
0.2858661
0.2685399
0.25121615
0.23388914
0.216566
0.19923909
0.18191439
0.16459117
0.14726031
0.12994448
0.11260793
0.095290755
0.077965836
0.060625433
0.04331694
0.025980411
0.0086467928
1.92473
1.8700583
1.8091979
1.7575888
1.7142691
1.676017
1.6425517
1.6139965
1.5895383
1.5681335
1.5489256
1.5311171
1.5139947
1.4970965
1.480194
1.4632349
1.4461908
1.4290568
1.4118517
1.3945978
1.3773131
1.3600098
1.3426956
1.3253755
1.3080523
1.2907277
1.2734025
1.2560771
1.2387517
1.2214263
1.2041009
1.1867756
1.1694503
1.1521251
1.1347998
1.1174746
1.1001494
1.0828242
1.065499
1.0481738
1.0308486
1.0135234
0.99619826
0.97887307
0.96154789
0.9442227
0.92689752
0.90957233
0.89224715
0.87492196
0.85759678
0.84027159
0.82294641
0.80562122
0.78829603
0.77097085
0.75364566
0.73632048
0.71899529
0.70167011
0.68434492
0.66701974
0.64969455
0.63236937
0.61504418
0.597719
0.58039381
0.56306863
0.54574344
0.52841826
0.51109308
0.49376789
0.47644271
0.45911753
0.44179234
0.42446716
0.40714197
0.3898168
0.37249159
0.35516646
0.33784118
0.32051616
0.3031907
0.28586597
0.26854008
0.25121593
0.23388941
0.21656577
0.19923925
0.18191452
0.16459073
0.14726122
0.1299433
0.1126093
0.095290502
0.077966002
0.060630008
0.043316947
0.025983203
0.0086515483
2.0463434
1.926349
1.8305306
1.7665251
1.7176691
1.6754642
1.6393268
1.6095854
1.5852453
1.5646844
1.5464313
1.5294032
1.5128744
1.4964098
1.4798336
1.46306
1.4461116
1.4290268
1.4118459
1.3946021
1.3773201
1.3600162
1.3427006
1.325379
1.3080546
1.2907292
1.2734034
1.2560776
1.238752
1.2214264
1.204101
1.1867756
1.1694503
1.1521251
1.1347998
1.1174746
1.1001494
1.0828242
1.065499
1.0481738
1.0308486
1.0135234
0.99619826
0.97887307
0.96154789
0.9442227
0.92689752
0.90957233
0.89224715
0.87492196
0.85759678
0.84027159
0.82294641
0.80562122
0.78829603
0.77097085
0.75364566
0.73632048
0.71899529
0.70167011
0.68434492
0.66701974
0.64969455
0.63236937
0.61504418
0.597719
0.58039381
0.56306863
0.54574344
0.52841826
0.51109308
0.49376789
0.47644271
0.45911753
0.44179234
0.42446716
0.40714198
0.3898168
0.3724916
0.35516644
0.33784121
0.32051611
0.30319078
0.28586585
0.26854027
0.2512157
0.2338897
0.21656554
0.19923934
0.18191482
0.16458996
0.14726298
0.12994128
0.1126112
0.095289686
0.077963585
0.060634303
0.043312934
0.025983398
0.0086554929
)
;

boundaryField
{
    top
    {
        type            zeroGradient;
    }
    bottom
    {
        type            zeroGradient;
    }
    inlet
    {
        type            zeroGradient;
    }
    outlet
    {
        type            fixedValue;
        value           uniform 0;
    }
    front
    {
        type            empty;
    }
    back
    {
        type            empty;
    }
}


// ************************************************************************* //
