/*--------------------------------*- C++ -*----------------------------------*\
  =========                 |
  \\      /  F ield         | OpenFOAM: The Open Source CFD Toolbox
   \\    /   O peration     | Website:  https://openfoam.org
    \\  /    A nd           | Version:  13
     \\/     M anipulation  |
\*---------------------------------------------------------------------------*/
FoamFile
{
    format      ascii;
    class       surfaceScalarField;
    location    "1";
    object      phi;
}
// * * * * * * * * * * * * * * * * * * * * * * * * * * * * * * * * * * * * * //

dimensions      [0 3 -1 0 0 0 0];

internalField   nonuniform List<scalar> 
1890
(
0.0093148285
0.00068517185
0.0082994134
0.0010154153
0.0073591434
0.00094026974
0.0065482121
0.00081093086
0.0058743097
0.00067390224
0.0053406283
0.00053368137
0.0049446612
0.0003959674
0.0046737769
0.00027088447
0.00450304
0.00017073712
0.004403428
9.9611944e-05
0.0043502026
5.3225359e-05
0.0043255284
2.4674123e-05
0.0043170525
8.4758214e-06
0.0043166224
4.299917e-07
0.0043193853
-2.7628877e-06
0.0043227131
-3.3277385e-06
0.0043255975
-2.8844151e-06
0.0043277536
-2.156009e-06
0.0043292227
-1.4690601e-06
0.0043301552
-9.3248364e-07
0.0043307141
-5.5891092e-07
0.0043310331
-3.1898333e-07
0.0043312068
-1.7371221e-07
0.0043312968
-8.9986707e-08
0.0043313407
-4.3968991e-08
0.0043313606
-1.9894464e-08
0.0043313686
-7.9655893e-09
0.0043313711
-2.4506906e-09
0.0043313713
-1.9999302e-10
0.0043313706
6.9284999e-10
0.0043313697
8.3936924e-10
0.004331369
7.4057975e-10
0.0043313684
5.8535572e-10
0.004331368
4.3790797e-10
0.0043313676
3.2200616e-10
0.0043313674
2.3176833e-10
0.0043313672
1.7010623e-10
0.0043313671
1.2502213e-10
0.004331367
9.5816032e-11
0.004331367
7.1145448e-11
0.0043313669
5.5930225e-11
0.0043313669
4.2613542e-11
0.0043313668
3.5150836e-11
0.0043313668
2.5746604e-11
0.0043313668
2.1408672e-11
0.0043313668
1.622183e-11
0.0043313667
1.5089273e-11
0.0043313667
1.0593749e-11
0.0043313667
1.0328775e-11
0.0043313667
8.1958033e-12
0.0043313667
9.3977569e-12
0.0043313667
6.4964816e-12
0.0043313667
6.9783374e-12
0.0043313667
5.2495656e-12
0.0043313667
6.4494608e-12
0.0043313667
3.2587512e-12
0.0043313667
3.2335072e-12
0.0043313667
9.0397936e-13
0.0043313667
1.8496532e-12
0.0043313667
-1.5635661e-12
0.0043313667
-1.5694933e-12
0.0043313667
-3.6202693e-12
0.0043313667
-2.4792489e-12
0.0043313667
-5.461595e-12
0.0043313667
-4.9454993e-12
0.0043313667
-6.7663228e-12
0.0043313667
-5.4684812e-12
0.0043313667
-8.5646481e-12
0.0043313667
-8.3108149e-12
0.0043313667
-1.094155e-11
0.0043313667
-9.8688721e-12
0.0043313667
-1.5705545e-11
0.0043313668
-1.3342329e-11
0.0043313668
-2.5886213e-11
0.0043313668
-9.024402e-12
0.0043313669
-5.6208897e-11
0.0043313668
2.4112041e-11
0.004331367
-1.6284883e-10
0.0043313668
2.0036309e-10
0.0043313673
-5.4696687e-10
0.0043313665
8.7780955e-10
0.0043313683
-1.824904e-09
0.0043313652
3.0902594e-09
0.0043313707
-5.538089e-09
0.0043313617
9.0015447e-09
0.0043313759
-1.4167044e-08
0.0043313551
2.0792673e-08
0.0043313826
-2.7475896e-08
0.0043313497
3.2950729e-08
0.0043313797
-3.0119915e-08
0.0043313624
1.7264897e-08
0.0043313472
1.5122603e-08
0.0043314048
-5.7532969e-08
0.0043313018
1.0310303e-07
0.0043314096
-1.0765414e-07
0.004331351
5.8605938e-08
0.0043313261
2.4854242e-08
0.0043313527
-2.6779065e-08
0.0043312771
7.5481158e-08
3.0923336e-07
0.010342187
0.00034298555
0.01058149
0.00077611216
0.010620894
0.00090086547
0.010560232
0.00087159238
0.010438306
0.00079582801
0.010275461
0.00069652651
0.010097004
0.00057442417
0.0099287755
0.00043911356
0.0097882837
0.00031122912
0.0096810605
0.00020683518
0.0096050154
0.00012927034
0.0095549357
7.4753726e-05
0.0095246658
3.8745581e-05
0.0095079873
1.7108508e-05
0.0094996654
5.5589968e-06
0.0094962976
4.0076452e-08
0.0094954079
-1.9946553e-06
0.0094956406
-2.3886739e-06
0.0094962379
-2.0663051e-06
0.0094968452
-1.5397294e-06
0.0094973345
-1.0482934e-06
0.0094976849
-6.693884e-07
0.009497917
-4.058118e-07
0.0094980619
-2.3490256e-07
0.0094981481
-1.3013472e-07
0.0094981971
-6.8952953e-08
0.0094982239
-3.4772756e-08
0.009498238
-1.649054e-08
0.0094982449
-7.1539085e-09
0.0094982482
-2.605761e-09
0.0094982497
-5.788816e-10
0.0094982502
2.3751291e-10
0.0094982503
4.8587449e-10
0.0094982502
5.0717043e-10
0.0094982501
4.401007e-10
0.00949825
3.5571435e-10
0.0094982499
2.7911532e-10
0.0094982498
2.1994993e-10
0.0094982497
1.741281e-10
0.0094982496
1.390846e-10
0.0094982496
1.1118645e-10
0.0094982495
9.1407412e-11
0.0094982495
7.5267936e-11
0.0094982494
6.2005164e-11
0.0094982494
5.0113298e-11
0.0094982494
4.2401561e-11
0.0094982493
3.5597837e-11
0.0094982493
3.0017701e-11
0.0094982493
2.4306453e-11
0.0094982493
2.1703581e-11
0.0094982493
1.899365e-11
0.0094982493
1.6478398e-11
0.0094982493
1.3125379e-11
0.0094982493
1.1749456e-11
0.0094982493
1.0194473e-11
0.0094982493
7.8526486e-12
0.0094982493
4.7296131e-12
0.0094982493
3.0861181e-12
0.0094982493
1.5658752e-12
0.0094982493
-7.6338416e-13
0.0094982493
-4.2018145e-12
0.0094982493
-5.1669762e-12
0.0094982493
-6.9044445e-12
0.0094982493
-8.5664233e-12
0.0094982493
-1.1833241e-11
0.0094982493
-1.262765e-11
0.0094982493
-1.46082e-11
0.0094982493
-1.6966722e-11
0.0094982493
-2.0998503e-11
0.0094982493
-2.3812066e-11
0.0094982493
-2.6540156e-11
0.0094982494
-3.4379239e-11
0.0094982494
-3.5121587e-11
0.0094982494
-5.6209745e-11
0.0094982494
-3.2488825e-11
0.0094982495
-1.1206568e-10
0.0094982495
1.9165677e-11
0.0094982496
-2.9037462e-10
0.0094982495
2.8841593e-10
0.0094982499
-8.8759898e-10
0.0094982494
1.3016728e-09
0.0094982504
-2.7567983e-09
0.009498249
4.4189484e-09
0.0094982513
-7.7679043e-09
0.0094982483
1.2021101e-08
0.0094982522
-1.8083604e-08
0.0094982481
2.4855211e-08
0.0094982507
-3.0063212e-08
0.0094982523
3.1410552e-08
0.0094982424
-2.028017e-08
0.0094982625
-2.9508409e-09
0.0094982304
4.7224404e-08
0.0094982604
-8.7535318e-08
0.0094982453
1.1836331e-07
0.0094982084
-7.0599036e-08
0.0094982416
2.5378022e-08
0.0094981443
1.2215347e-07
0.0094980856
3.1706107e-08
0.0094981463
1.465762e-08
3.7716565e-07
0.010181294
0.00016169231
0.010520647
0.00043675851
0.010838716
0.00058279646
0.011102788
0.0006075202
0.011314996
0.00058361982
0.011473073
0.00053844941
0.011576635
0.00047086283
0.011632662
0.00038308611
0.011654081
0.00028981033
0.011654407
0.0002065091
0.011644016
0.00013966121
0.011629775
8.8994729e-05
0.011615852
5.2669066e-05
0.011604389
2.8571494e-05
0.011596043
1.3905003e-05
0.01159038
5.7022662e-06
0.011586835
1.5503635e-06
0.01158481
-3.6325315e-07
0.011583718
-9.7460984e-07
0.011583183
-1.003858e-06
0.011582949
-8.1496135e-07
0.011582867
-5.8674547e-07
0.011582851
-3.9067536e-07
0.011582862
-2.4513849e-07
0.011582878
-1.4639308e-07
0.011582893
-8.362104e-08
0.011582904
-4.5754468e-08
0.011582911
-2.3915028e-08
0.011582916
-1.1847123e-08
0.011582918
-5.4454851e-09
0.01158292
-2.2161966e-09
0.011582921
-6.7769724e-10
0.011582922
-1.7387658e-11
0.011582922
2.6681639e-10
0.011582922
3.2582758e-10
0.011582922
3.1481661e-10
0.011582922
2.7331606e-10
0.011582922
2.3500105e-10
0.011582922
1.9543634e-10
0.011582922
1.6700662e-10
0.011582922
1.3864239e-10
0.011582922
1.2083993e-10
0.011582922
1.0067159e-10
0.011582922
8.8065486e-11
0.011582922
7.2174184e-11
0.011582922
6.4117135e-11
0.011582922
5.2072678e-11
0.011582922
4.6182696e-11
0.011582922
3.6344734e-11
0.011582922
3.3418253e-11
0.011582922
2.5989036e-11
0.011582922
2.3908273e-11
0.011582922
1.7170614e-11
0.011582922
1.6941022e-11
0.011582922
1.1320359e-11
0.011582922
1.0862662e-11
0.011582922
4.9731897e-12
0.011582922
5.6279449e-12
0.011582922
3.5498117e-13
0.011582922
5.3375525e-13
0.011582922
-5.0883584e-12
0.011582922
-4.2898557e-12
0.011582922
-9.0412479e-12
0.011582922
-9.0752151e-12
0.011582922
-1.4443557e-11
0.011582922
-1.4048592e-11
0.011582922
-1.9514112e-11
0.011582922
-2.0641809e-11
0.011582922
-2.7607157e-11
0.011582922
-2.9831453e-11
0.011582922
-3.7075545e-11
0.011582922
-4.4414251e-11
0.011582922
-4.9674729e-11
0.011582922
-7.0466789e-11
0.011582922
-5.4955921e-11
0.011582922
-1.2975465e-10
0.011582922
-1.770025e-11
0.011582922
-2.9706565e-10
0.011582922
2.0367251e-10
0.011582922
-8.1132768e-10
0.011582922
1.0269791e-09
0.011582922
-2.3066957e-09
0.011582923
3.4277623e-09
0.011582921
-5.9942931e-09
0.011582924
8.7677195e-09
0.011582919
-1.2632928e-08
0.011582927
1.618349e-08
0.011582915
-1.7660196e-08
0.011582931
1.5525501e-08
0.011582915
-4.0623943e-09
0.011582925
-1.3323706e-08
0.01158293
4.2271542e-08
0.011582899
-5.6925372e-08
0.011582947
7.045576e-08
0.011582893
-1.576237e-08
0.011582903
1.4998626e-08
0.011582949
7.5742252e-08
0.011582893
8.7556286e-08
0.011582891
1.7066888e-08
2.8318232e-07
0.010094421
6.727143e-05
0.010337211
0.00019396928
0.010645425
0.00027458219
0.01095536
0.00029758391
0.011246215
0.00029276503
0.011508038
0.00027662663
0.011729506
0.00024939537
0.01190242
0.00021017196
0.012027198
0.00016503218
0.01211149
0.00012221769
0.012164968
8.618293e-05
0.012196328
5.7634441e-05
0.012212812
3.6184871e-05
0.012220208
2.1175077e-05
0.012222639
1.1473993e-05
0.012222697
5.644476e-06
0.012221864
2.3838493e-06
0.012220797
7.0310843e-07
0.01221989
-6.7433763e-08
0.012219207
-3.2062231e-07
0.01221874
-3.4805414e-07
0.012218442
-2.8862266e-07
0.012218261
-2.0985402e-07
0.012218156
-1.4046894e-07
0.012218099
-8.8454597e-08
0.012218068
-5.295553e-08
0.012218052
-3.0294544e-08
0.012218045
-1.6565005e-08
0.012218042
-8.625115e-09
0.012218041
-4.2147445e-09
0.01221804
-1.8776518e-09
0.01221804
-6.9244691e-10
0.01221804
-1.3931564e-10
0.012218041
1.2566099e-10
0.012218041
2.0973264e-10
0.012218041
2.3059045e-10
0.012218041
2.1614233e-10
0.012218041
1.9970366e-10
0.012218041
1.7404743e-10
0.012218041
1.5767622e-10
0.012218041
1.3634952e-10
0.012218041
1.2418101e-10
0.012218041
1.0559338e-10
0.012218041
9.5981945e-11
0.012218041
8.0365517e-11
0.012218041
7.3210398e-11
0.012218041
5.8862359e-11
0.012218041
5.3610271e-11
0.012218041
4.2100633e-11
0.012218041
3.8902092e-11
0.012218041
2.8631372e-11
0.012218041
2.6868686e-11
0.012218041
1.8869779e-11
0.012218041
1.8607654e-11
0.012218041
1.1127864e-11
0.012218041
1.1277756e-11
0.012218041
5.1444558e-12
0.012218041
6.3618738e-12
0.012218041
-1.6966684e-13
0.012218041
9.8385759e-13
0.012218041
-4.7242393e-12
0.012218041
-2.9392562e-12
0.012218041
-9.5538919e-12
0.012218041
-8.093478e-12
0.012218041
-1.4374618e-11
0.012218041
-1.3094448e-11
0.012218041
-2.0812255e-11
0.012218041
-2.0947861e-11
0.012218041
-2.9073016e-11
0.012218041
-3.1054025e-11
0.012218041
-4.1073347e-11
0.012218041
-4.708698e-11
0.012218041
-5.6488097e-11
0.012218041
-7.1519838e-11
0.012218041
-7.1995806e-11
0.012218041
-1.1808296e-10
0.012218041
-6.7026601e-11
0.012218041
-2.23015e-10
0.012218041
3.1079969e-11
0.012218041
-5.038281e-10
0.012218041
4.340838e-10
0.01221804
-1.2500486e-09
0.012218042
1.5945383e-09
0.012218039
-2.9576199e-09
0.012218044
4.0202568e-09
0.012218037
-5.6946191e-09
0.012218046
6.8622683e-09
0.012218035
-6.7983183e-09
0.012218046
5.015272e-09
0.01221804
1.2359569e-09
0.012218036
-8.8016096e-09
0.012218057
2.1361906e-08
0.012218023
-2.2871757e-08
0.012218064
2.8812943e-08
0.012218047
1.8873527e-09
0.012218052
9.4815149e-09
0.012218097
3.1065317e-08
0.01221812
6.4387873e-08
0.01221812
1.6796321e-08
1.4426124e-07
0.010067272
-3.8670987e-11
0.010261241
-4.8123304e-11
0.010535824
-9.9335592e-10
0.010833409
-9.9457103e-10
0.011126172
1.6582131e-09
0.011402792
6.0210505e-09
0.011652178
9.7276084e-09
0.01186234
1.0919762e-08
0.012027363
9.2486415e-09
0.012149575
5.5325764e-09
0.012235757
1.067669e-09
0.012293394
-2.9147362e-09
0.012329584
-5.6409491e-09
0.012350766
-6.9012771e-09
0.012362247
-6.8797976e-09
0.012367897
-6.044435e-09
0.012370286
-4.8612269e-09
0.012370993
-3.6512919e-09
0.012370928
-2.5741421e-09
0.012370609
-1.7122253e-09
0.012370262
-1.1127204e-09
0.012369974
-7.1841236e-10
0.012369765
-4.5066691e-10
0.012369625
-2.7634897e-10
0.012369536
-1.3953071e-10
0.012369484
-4.8802258e-11
0.012369453
4.8233465e-11
0.012369436
1.0593095e-10
0.012369428
1.5893125e-10
0.012369423
1.7946761e-10
0.012369421
1.9787825e-10
0.01236942
1.9118662e-10
0.01236942
1.904371e-10
0.01236942
1.7625299e-10
0.01236942
1.7071743e-10
0.01236942
1.5029008e-10
0.01236942
1.4613688e-10
0.01236942
1.2839174e-10
0.01236942
1.2614715e-10
0.01236942
1.1067156e-10
0.01236942
1.0996891e-10
0.01236942
9.4320955e-11
0.01236942
9.2739161e-11
0.01236942
7.7296316e-11
0.01236942
7.6023633e-11
0.01236942
6.021375e-11
0.01236942
5.8616276e-11
0.01236942
4.3980561e-11
0.01236942
4.40293e-11
0.01236942
3.0344866e-11
0.01236942
3.098043e-11
0.01236942
1.8969212e-11
0.01236942
2.1902553e-11
0.01236942
1.1024774e-11
0.01236942
1.4072181e-11
0.01236942
4.3143599e-12
0.01236942
9.3166249e-12
0.01236942
-1.419252e-13
0.01236942
4.3768166e-12
0.01236942
-4.4389758e-12
0.01236942
1.3144027e-12
0.01236942
-7.9866421e-12
0.01236942
-3.3190943e-12
0.01236942
-1.2296352e-11
0.01236942
-7.2791148e-12
0.01236942
-1.7449203e-11
0.01236942
-1.4053554e-11
0.01236942
-2.4928638e-11
0.01236942
-2.2363864e-11
0.01236942
-3.5287138e-11
0.01236942
-3.5566122e-11
0.01236942
-5.0457424e-11
0.01236942
-5.278244e-11
0.01236942
-7.0871533e-11
0.01236942
-7.696177e-11
0.01236942
-9.779159e-11
0.01236942
-1.0511815e-10
0.01236942
-1.2827424e-10
0.01236942
-1.3537985e-10
0.01236942
-1.5549142e-10
0.012369421
-1.5550454e-10
0.01236942
-1.6325255e-10
0.012369421
-1.4827204e-10
0.012369419
-1.3172224e-10
0.012369423
-9.1582545e-11
0.012369417
-4.8859634e-11
0.012369424
1.2197653e-11
0.012369417
5.4234722e-11
0.012369422
1.0633175e-10
0.012369423
1.0973556e-10
0.012369414
1.2479336e-10
0.012369435
9.7940464e-11
0.012369412
1.1608606e-10
0.012369441
1.2654055e-10
0.012369443
1.7302895e-10
0.012369452
2.7125313e-10
0.012369483
3.1013079e-10
0.012369547
5.0356888e-10
0.012369563
6.0225066e-10
8.0091432e-10
0.010067272
-6.7271671e-05
0.010261241
-0.00019396936
0.010535824
-0.00027458387
0.010833408
-0.00029758545
0.011126171
-0.00029276144
0.011402792
-0.00027661475
0.011652178
-0.00024937671
0.011862341
-0.00021015146
0.012027366
-0.00016501533
0.012149579
-0.00012220819
0.012235762
-8.6181906e-05
0.0122934
-5.7640735e-05
0.01232959
-3.6195982e-05
0.012350771
-2.1188207e-05
0.012362251
-1.1486821e-05
0.012367901
-5.6555391e-06
0.012370289
-2.3925845e-06
0.012370994
-7.0955996e-07
0.012370929
6.2862251e-08
0.01237061
3.1765012e-07
0.012370262
3.4612303e-07
0.012369974
2.8738074e-07
0.012369765
2.090672e-07
0.012369624
1.3999371e-07
0.012369536
8.8212468e-08
0.012369483
5.2901007e-08
0.012369453
3.0398896e-08
0.012369436
1.6789363e-08
0.012369427
8.9332256e-09
0.012369423
4.5708297e-09
0.012369421
2.2532183e-09
0.01236942
1.0615841e-09
0.01236942
4.8454464e-10
0.01236942
2.1202233e-10
0.01236942
9.8546655e-11
0.01236942
4.9770073e-11
0.01236942
4.2398206e-11
0.01236942
3.7417482e-11
0.01236942
4.698838e-11
0.01236942
4.6479969e-11
0.01236942
5.4613848e-11
0.01236942
5.0285514e-11
0.01236942
5.5077806e-11
0.01236942
4.8275764e-11
0.01236942
4.9993863e-11
0.01236942
4.0311389e-11
0.01236942
4.0637528e-11
0.01236942
3.1091902e-11
0.01236942
3.0924126e-11
0.01236942
2.0827117e-11
0.01236942
2.1320464e-11
0.01236942
1.2979935e-11
0.01236942
1.4326952e-11
0.01236942
6.2995464e-12
0.01236942
8.6289844e-12
0.01236942
2.0663283e-12
0.01236942
5.2883805e-12
0.01236942
-1.4370944e-12
0.01236942
1.9839152e-12
0.01236942
-3.5877569e-12
0.01236942
1.9607594e-13
0.01236942
-6.7518346e-12
0.01236942
-3.1664198e-12
0.01236942
-9.485441e-12
0.01236942
-6.5100069e-12
0.01236942
-1.4708632e-11
0.01236942
-1.2499757e-11
0.01236942
-2.0997506e-11
0.01236942
-2.0691874e-11
0.01236942
-3.1321179e-11
0.01236942
-3.352747e-11
0.01236942
-4.4259963e-11
0.01236942
-5.1780238e-11
0.01236942
-5.916114e-11
0.01236942
-8.1847297e-11
0.01236942
-6.3006156e-11
0.01236942
-1.4060391e-10
0.01236942
-1.4568514e-11
0.01236942
-2.9351958e-10
0.01236942
2.1735614e-10
0.012369421
-7.3074964e-10
0.012369419
9.5143284e-10
0.012369421
-1.8726644e-09
0.012369418
2.7219895e-09
0.012369422
-4.1873802e-09
0.012369417
5.6202324e-09
0.012369424
-6.8318252e-09
0.012369417
6.9353664e-09
0.012369422
-4.8035067e-09
0.012369423
-9.8501066e-10
0.012369414
9.0480654e-09
0.012369435
-2.1149199e-08
0.012369412
2.3072163e-08
0.012369441
-2.8563665e-08
0.012369443
-1.6156054e-09
0.012369452
-8.9672928e-09
0.012369483
-3.0444562e-08
0.012369547
-6.336744e-08
0.012369563
-1.5620581e-08
-1.4268723e-07
0.010094421
-0.00016169261
0.01033721
-0.00043675824
0.010645424
-0.00058279744
0.010955359
-0.0006075207
0.011246213
-0.00058361577
0.011508036
-0.00053843863
0.011729507
-0.00047084708
0.011902426
-0.00038306986
0.012027208
-0.00028979815
0.012111504
-0.00020650361
0.012164985
-0.0001396627
0.012196345
-8.9001687e-05
0.012212828
-5.2679136e-05
0.012220223
-2.858238e-05
0.012222651
-1.3914975e-05
0.012222706
-5.7104861e-06
0.01222187
-1.5564581e-06
0.012220801
3.5887175e-07
0.012219892
9.7169568e-07
0.012219208
1.0020032e-06
0.01221874
8.1376894e-07
0.012218442
5.8597898e-07
0.012218261
3.9017033e-07
0.012218156
2.4484354e-07
0.012218098
1.4625341e-07
0.012218067
8.3641758e-08
0.012218051
4.5886489e-08
0.012218044
2.4153609e-08
0.012218041
1.2132253e-08
0.01221804
5.7749094e-09
0.012218039
2.5370988e-09
0.012218039
9.9667498e-10
0.012218039
2.7951979e-10
0.01221804
1.7683968e-11
0.01221804
-9.8995833e-11
0.01221804
-9.8203014e-11
0.01221804
-9.3210743e-11
0.01221804
-5.7311254e-11
0.01221804
-4.4952674e-11
0.01221804
-1.454088e-11
0.01221804
-1.1883234e-11
0.01221804
9.7108045e-12
0.012218041
6.1210387e-12
0.012218041
2.1676585e-11
0.012218041
1.1842347e-11
0.012218041
2.3243023e-11
0.012218041
1.1499713e-11
0.012218041
2.1094829e-11
0.012218041
6.9915458e-12
0.012218041
1.5542024e-11
0.012218041
2.3063954e-12
0.012218041
1.153569e-11
0.012218041
-2.2857712e-12
0.012218041
7.3596508e-12
0.012218041
-4.5394977e-12
0.012218041
5.8699993e-12
0.012218041
-6.6653798e-12
0.012218041
3.9768925e-12
0.012218041
-7.0313752e-12
0.012218041
3.9554363e-12
0.012218041
-8.5273379e-12
0.012218041
2.0488261e-12
0.012218041
-9.597778e-12
0.012218041
8.1341448e-13
0.012218041
-1.3093424e-11
0.012218041
-3.4397895e-12
0.012218041
-1.7143439e-11
0.012218041
-8.6630618e-12
0.012218041
-2.5187641e-11
0.012218041
-1.7726441e-11
0.012218041
-3.5925925e-11
0.012218041
-2.8089688e-11
0.012218041
-5.3817591e-11
0.012218041
-3.6294821e-11
0.012218041
-8.5493185e-11
0.012218041
-1.787883e-11
0.012218041
-1.6773214e-10
0.012218041
1.0492498e-10
0.012218041
-4.2820332e-10
0.01221804
5.863603e-10
0.012218041
-1.2715072e-09
0.01221804
2.0802848e-09
0.012218041
-3.6460478e-09
0.012218038
5.8255e-09
0.012218043
-8.8909134e-09
0.012218036
1.2604474e-08
0.012218045
-1.612868e-08
0.012218035
1.7827462e-08
0.012218045
-1.5304646e-08
0.01221804
4.3460608e-09
0.012218035
1.3608231e-08
0.012218056
-4.2031606e-08
0.012218022
5.7103534e-08
0.012218064
-7.0362872e-08
0.012218046
1.5902083e-08
0.012218052
-1.462241e-08
0.012218097
-7.515076e-08
0.01221812
-8.6480625e-08
0.01221812
-1.5928877e-08
-2.8178455e-07
0.010181294
-0.0003429857
0.010520647
-0.0007761114
0.010838714
-0.00090086521
0.011102785
-0.00087159158
0.011314993
-0.00079582425
0.011473073
-0.00069651887
0.01157664
-0.00057441424
0.011632675
-0.00043910439
0.011654101
-0.00031122347
0.011654431
-0.00020683427
0.011644042
-0.00012927366
0.0116298
-7.4759783e-05
0.011615874
-3.8752666e-05
0.011604406
-1.7115257e-05
0.011596056
-5.5645535e-06
0.01159039
-4.4323093e-08
0.011586841
1.991847e-06
0.011584814
2.3868557e-06
0.01158372
2.0651885e-06
0.011583183
1.5390318e-06
0.011582949
1.0478375e-06
0.011582866
6.6907496e-07
0.01158285
4.0559808e-07
0.01158286
2.3478994e-07
0.011582876
1.3011808e-07
0.011582891
6.9033874e-08
0.011582902
3.4929707e-08
0.011582909
1.6699722e-08
0.011582914
7.3855381e-09
0.011582917
2.8514796e-09
0.011582919
7.9868228e-10
0.01158292
-7.1431008e-12
0.01158292
-3.149686e-10
0.011582921
-3.4441356e-10
0.011582921
-3.0375787e-10
0.011582921
-2.368332e-10
0.011582921
-1.7914637e-10
0.011582921
-1.2646011e-10
0.011582921
-9.0682599e-11
0.011582921
-6.0405325e-11
0.011582921
-4.2998706e-11
0.011582921
-2.4667367e-11
0.011582921
-1.5980334e-11
0.011582921
-6.4726853e-12
0.011582921
-5.1339461e-12
0.011582922
9.6274875e-13
0.011582922
-1.5303478e-13
0.011582922
2.6423786e-12
0.011582922
-1.3969522e-12
0.011582922
1.0552516e-12
0.011582922
-1.9242913e-12
0.011582922
-7.3384998e-13
0.011582922
-4.7380217e-12
0.011582922
-1.833862e-12
0.011582922
-3.9964971e-12
0.011582922
-1.9799193e-12
0.011582922
-5.1020653e-12
0.011582922
-1.5230215e-12
0.011582922
-3.1525561e-12
0.011582922
-8.0112323e-13
0.011582922
-4.1777463e-12
0.011582922
-8.8498966e-13
0.011582922
-3.1764057e-12
0.011582922
-1.7375592e-12
0.011582922
-6.362679e-12
0.011582922
-4.0400773e-12
0.011582922
-8.1159533e-12
0.011582922
-8.3968317e-12
0.011582922
-1.491759e-11
0.011582922
-1.4457208e-11
0.011582922
-2.2209682e-11
0.011582922
-2.1888682e-11
0.011582922
-3.6651509e-11
0.011582922
-2.3538853e-11
0.011582921
-6.223587e-11
0.011582921
5.4768382e-12
0.011582921
-1.4339695e-10
0.011582921
1.5885522e-10
0.011582921
-4.3224117e-10
0.011582921
7.4417327e-10
0.011582921
-1.450797e-09
0.011582921
2.6236648e-09
0.011582922
-4.5408858e-09
0.01158292
7.670225e-09
0.011582923
-1.2090721e-08
0.011582918
1.806428e-08
0.011582926
-2.4787035e-08
0.011582914
3.0211887e-08
0.01158293
-3.1188629e-08
0.011582914
2.0560279e-08
0.011582924
3.2688704e-09
0.011582929
-4.7000633e-08
0.011582898
8.76562e-08
0.011582946
-1.1839885e-07
0.011582892
7.0525142e-08
0.011582903
-2.5223901e-08
0.011582949
-1.2182438e-07
0.011582893
-3.0445855e-08
0.011582891
-1.3751172e-08
-3.7615867e-07
0.010342186
-0.00068517165
0.01058149
-0.0010154145
0.010620893
-0.00094026892
0.010560231
-0.00081092978
0.010438307
-0.00067390037
0.010275466
-0.00053367848
0.010097016
-0.00039596422
0.0099287945
-0.00027088218
0.0097883078
-0.00017073661
0.0096810869
-9.9613273e-05
0.009605041
-5.3227807e-05
0.0095549579
-2.4676886e-05
0.0095246833
-8.4782291e-06
0.0095080002
-4.3229542e-07
0.0094996739
2.7617064e-06
0.0094963026
3.3269546e-06
0.0094954104
2.8840222e-06
0.0094956416
2.1557913e-06
0.0094962379
1.4689196e-06
0.0094968446
9.323604e-07
0.0094973336
5.5880261e-07
0.0094976838
3.1888898e-07
0.0094979157
1.7365994e-07
0.0094980604
8.9973275e-08
0.0094981465
4.4011202e-08
0.0094981956
1.9970974e-08
0.0094982224
8.0779872e-09
0.0094982365
2.5650124e-09
0.0094982436
3.0481031e-10
0.009498247
-5.7373435e-10
0.0094982486
-7.3731382e-10
0.0094982492
-6.6002201e-10
0.0094982494
-5.1594598e-10
0.0094982494
-3.8687489e-10
0.0094982494
-2.7076214e-10
0.0094982494
-1.9875549e-10
0.0094982493
-1.3347503e-10
0.0094982493
-9.9754748e-11
0.0094982493
-6.3765401e-11
0.0094982492
-5.1828579e-11
0.0094982492
-2.9615015e-11
0.0094982492
-2.6145827e-11
0.0094982492
-1.1185544e-11
0.0094982492
-1.4365276e-11
0.0094982492
-3.3324046e-12
0.0094982492
-7.9846543e-12
0.0094982492
7.9868663e-13
0.0094982492
-7.1174829e-12
0.0094982492
5.2706871e-13
0.0094982492
-6.4157068e-12
0.0094982492
9.5296055e-13
0.0094982492
-7.7834605e-12
0.0094982492
-2.8048849e-13
0.0094982492
-7.0034792e-12
0.0094982492
8.4906133e-13
0.0094982492
-7.248291e-12
0.0094982492
7.1633823e-13
0.0094982492
-5.60179e-12
0.0094982492
2.3485569e-12
0.0094982492
-5.4906308e-12
0.0094982492
2.2279332e-12
0.0094982492
-4.3344006e-12
0.0094982492
3.0210862e-12
0.0094982492
-5.3806944e-12
0.0094982492
1.6816662e-12
0.0094982492
-5.657024e-12
0.0094982492
1.0099899e-12
0.0094982492
-8.3794885e-12
0.0094982492
-2.2926985e-12
0.0094982492
-1.0190348e-11
0.0094982492
-5.4868269e-12
0.0094982492
-1.3959501e-11
0.0094982492
-1.1873047e-11
0.0094982491
-1.1719087e-11
0.0094982491
-2.4053945e-11
0.0094982491
7.7883239e-12
0.009498249
-6.8684628e-11
0.0094982491
1.0954949e-10
0.0094982489
-2.4617729e-10
0.0094982491
4.9286827e-10
0.0094982486
-9.1770459e-10
0.0094982495
1.7829037e-09
0.009498248
-3.1193425e-09
0.0094982502
5.4960978e-09
0.0094982472
-9.0396621e-09
0.0094982511
1.4135471e-08
0.0094982471
-2.0780136e-08
0.0094982498
2.753474e-08
0.0094982514
-3.2809041e-08
0.0094982416
3.0326127e-08
0.0094982617
-1.6996983e-08
0.0094982297
-1.4971961e-08
0.0094982599
5.7554347e-08
0.0094982449
-1.0325213e-07
0.0094982081
1.0751194e-07
0.0094982415
-5.8596485e-08
0.0094981442
-2.4581672e-08
0.0094980861
2.7416077e-08
0.0094981473
-7.5036908e-08
-3.0879645e-07
0.0093148285
0.008299414
0.0073591448
0.0065482148
0.0058743144
0.005340636
0.0049446719
0.0046737899
0.0045030533
0.00440344
0.0043502122
0.0043255352
0.0043170569
0.0043166245
0.0043193862
0.0043227132
0.0043255972
0.004327753
0.004329222
0.0043301543
0.0043307131
0.004331032
0.0043312056
0.0043312956
0.0043313396
0.0043313596
0.0043313676
0.0043313702
0.0043313705
0.0043313699
0.0043313692
0.0043313685
0.004331368
0.0043313676
0.0043313673
0.0043313672
0.004331367
0.0043313669
0.0043313668
0.0043313668
0.0043313668
0.0043313667
0.0043313667
0.0043313667
0.0043313667
0.0043313667
0.0043313667
0.0043313667
0.0043313667
0.0043313667
0.0043313667
0.0043313667
0.0043313667
0.0043313667
0.0043313667
0.0043313667
0.0043313667
0.0043313667
0.0043313667
0.0043313667
0.0043313667
0.0043313667
0.0043313667
0.0043313667
0.0043313667
0.0043313666
0.0043313666
0.0043313666
0.0043313666
0.0043313666
0.0043313666
0.0043313666
0.0043313666
0.0043313666
0.0043313666
0.0043313666
0.0043313665
0.0043313666
0.0043313664
0.0043313669
0.0043313659
0.0043313677
0.0043313646
0.0043313701
0.0043313611
0.0043313752
0.0043313544
0.004331382
0.0043313491
0.0043313794
0.0043313624
0.0043313474
0.0043314051
0.0043313019
0.0043314095
0.0043313509
0.0043313262
0.0043313535
0.0043312784
)
;

boundaryField
{
    top
    {
        type            calculated;
        value           uniform 0;
    }
    bottom
    {
        type            calculated;
        value           uniform 0;
    }
    inlet
    {
        type            calculated;
        value           nonuniform List<scalar> 10(-0.01 -0.01 -0.01 -0.01 -0.01 -0.01 -0.01 -0.01 -0.01 -0.01);
    }
    outlet
    {
        type            calculated;
        value           nonuniform List<scalar> 10(0.0043309679 0.0094980784 0.011582985 0.012218259 0.012369706 0.012369706 0.012218259 0.011582985 0.0094980799 0.0043309696);
    }
    front
    {
        type            empty;
    }
    back
    {
        type            empty;
    }
}


// ************************************************************************* //
