/*--------------------------------*- C++ -*----------------------------------*\
  =========                 |
  \\      /  F ield         | OpenFOAM: The Open Source CFD Toolbox
   \\    /   O peration     | Website:  https://openfoam.org
    \\  /    A nd           | Version:  13
     \\/     M anipulation  |
\*---------------------------------------------------------------------------*/
FoamFile
{
    format      ascii;
    class       volVectorField;
    location    "1";
    object      U;
}
// * * * * * * * * * * * * * * * * * * * * * * * * * * * * * * * * * * * * * //

dimensions      [0 1 -1 0 0 0 0];

internalField   nonuniform List<vector> 
1000
(
(0.92068562 0.03381222 0)
(0.86373226 0.056614904 0)
(0.7878667 0.052276847 0)
(0.69845312 0.040229441 0)
(0.61904185 0.028986599 0)
(0.55742212 0.019717795 0)
(0.51148254 0.012081609 0)
(0.4788654 0.0062427252 0)
(0.45742885 0.0024587352 0)
(0.44441699 0.00046216018 0)
(0.43710824 -0.00041075244 0)
(0.43342848 -0.00071523363 0)
(0.43191291 -0.00073419098 0)
(0.43157392 -0.00060447428 0)
(0.43175109 -0.00042415693 0)
(0.43208914 -0.000274143 0)
(0.43241482 -0.0001684835 0)
(0.43267218 -9.8884449e-05 0)
(0.43285445 -5.4841968e-05 0)
(0.43297377 -2.8444949e-05 0)
(0.43304707 -1.3698938e-05 0)
(0.43308977 -6.0039317e-06 0)
(0.43311351 -2.2418305e-06 0)
(0.43312608 -5.4700031e-07 0)
(0.43313239 1.208992e-07 0)
(0.43313535 3.1512866e-07 0)
(0.43313661 3.1664406e-07 0)
(0.43313706 2.5589776e-07 0)
(0.43313715 1.888983e-07 0)
(0.43313711 1.2748503e-07 0)
(0.43313702 8.2650872e-08 0)
(0.43313694 5.2340597e-08 0)
(0.43313687 3.3289905e-08 0)
(0.43313682 2.103816e-08 0)
(0.43313678 1.3668612e-08 0)
(0.43313675 8.6364638e-09 0)
(0.43313673 5.8537957e-09 0)
(0.43313672 3.7701791e-09 0)
(0.43313671 2.8112428e-09 0)
(0.4331367 1.7687439e-09 0)
(0.43313669 1.4234187e-09 0)
(0.43313669 8.3378927e-10 0)
(0.43313668 8.1541634e-10 0)
(0.43313668 3.8185444e-10 0)
(0.43313668 4.5155212e-10 0)
(0.43313668 1.5517547e-10 0)
(0.43313667 3.5377051e-10 0)
(0.43313667 8.2544289e-11 0)
(0.43313667 2.8166776e-10 0)
(0.43313667 7.2799813e-11 0)
(0.43313667 3.1931668e-10 0)
(0.43313667 6.6359808e-11 0)
(0.43313667 2.5870617e-10 0)
(0.43313667 3.3819422e-11 0)
(0.43313667 2.5094922e-10 0)
(0.43313667 -3.6483401e-11 0)
(0.43313667 1.2735082e-10 0)
(0.43313667 -1.1228468e-10 0)
(0.43313667 9.0663354e-11 0)
(0.43313667 -2.0137924e-10 0)
(0.43313667 -3.2526319e-11 0)
(0.43313667 -2.6677696e-10 0)
(0.43313667 -3.693479e-11 0)
(0.43313667 -2.9576795e-10 0)
(0.43313667 -1.0297359e-10 0)
(0.43313667 -3.2428623e-10 0)
(0.43313667 -8.204988e-11 0)
(0.43313667 -3.3878372e-10 0)
(0.43313667 -1.456121e-10 0)
(0.43313667 -3.9237362e-10 0)
(0.43313667 -1.4626158e-10 0)
(0.43313667 -4.9888445e-10 0)
(0.43313668 -1.9566442e-10 0)
(0.43313668 -8.2100689e-10 0)
(0.43313668 1.3707997e-10 0)
(0.43313668 -1.8862399e-09 0)
(0.43313668 1.9606548e-09 0)
(0.4331367 -6.2126179e-09 0)
(0.43313667 9.9932493e-09 0)
(0.43313675 -2.3004348e-08 0)
(0.43313661 4.1555365e-08 0)
(0.4331369 -8.2439843e-08 0)
(0.43313636 1.4925296e-07 0)
(0.43313739 -2.6812377e-07 0)
(0.43313554 4.613447e-07 0)
(0.43313881 -7.5105477e-07 0)
(0.43313325 1.1866048e-06 0)
(0.43314232 -1.7024272e-06 0)
(0.43312809 2.343722e-06 0)
(0.43314918 -2.757502e-06 0)
(0.43311923 2.8980806e-06 0)
(0.43315889 -1.9845626e-06 0)
(0.43310932 1.6755838e-07 0)
(0.43316595 3.1855215e-06 0)
(0.4331072 -6.8233924e-06 0)
(0.43315668 9.7325296e-06 0)
(0.43313377 -8.771646e-06 0)
(0.43311634 1.9089975e-06 0)
(0.43318657 1.4546413e-05 0)
(0.43310002 1.7419223e-05 0)
(1.0017883 0.052624075 0)
(1.036631 0.10194502 0)
(1.0599014 0.1124706 0)
(1.0625555 0.10699409 0)
(1.0526401 0.095496697 0)
(1.0373896 0.081163623 0)
(1.0193981 0.064850967 0)
(1.0011926 0.047795866 0)
(0.9854056 0.032297375 0)
(0.97307943 0.020161158 0)
(0.96397417 0.011636669 0)
(0.95764943 0.0060496201 0)
(0.95363751 0.0026398019 0)
(0.95137977 0.00078010305 0)
(0.95022942 -7.3156889e-05 0)
(0.94971044 -0.00036854611 0)
(0.94953398 -0.0004013136 0)
(0.94952602 -0.00033538524 0)
(0.9495829 -0.00024566734 0)
(0.94965116 -0.00016454047 0)
(0.94970933 -0.00010304425 0)
(0.94975232 -6.1168963e-05 0)
(0.94978151 -3.4635076e-05 0)
(0.9498001 -1.8726709e-05 0)
(0.94981133 -9.6422243e-06 0)
(0.94981781 -4.6904795e-06 0)
(0.94982139 -2.115397e-06 0)
(0.9498233 -8.4456106e-07 0)
(0.94982426 -2.5571207e-07 0)
(0.94982472 -1.0963915e-08 0)
(0.94982493 7.4012765e-08 0)
(0.94982501 8.9755842e-08 0)
(0.94982503 7.9942772e-08 0)
(0.94982503 6.4271617e-08 0)
(0.94982502 4.9422211e-08 0)
(0.949825 3.695859e-08 0)
(0.94982499 2.7655131e-08 0)
(0.94982498 2.0841621e-08 0)
(0.94982497 1.6135611e-08 0)
(0.94982496 1.241285e-08 0)
(0.94982496 9.7400665e-09 0)
(0.94982495 7.6740825e-09 0)
(0.94982495 6.2975096e-09 0)
(0.94982494 4.9226842e-09 0)
(0.94982494 3.9471727e-09 0)
(0.94982494 3.1484726e-09 0)
(0.94982494 2.760224e-09 0)
(0.94982493 2.1727765e-09 0)
(0.94982493 1.8431e-09 0)
(0.94982493 1.5613046e-09 0)
(0.94982493 1.5719989e-09 0)
(0.94982493 1.2764657e-09 0)
(0.94982493 1.1336477e-09 0)
(0.94982493 9.5508367e-10 0)
(0.94982493 9.9904367e-10 0)
(0.94982493 6.8959819e-10 0)
(0.94982493 4.872394e-10 0)
(0.94982493 2.4960197e-10 0)
(0.94982493 2.3441444e-10 0)
(0.94982493 -1.0589071e-10 0)
(0.94982493 -3.1267883e-10 0)
(0.94982493 -5.3796033e-10 0)
(0.94982493 -5.1640608e-10 0)
(0.94982493 -8.2275603e-10 0)
(0.94982493 -9.8345519e-10 0)
(0.94982493 -1.1841416e-09 0)
(0.94982493 -1.154622e-09 0)
(0.94982493 -1.4950701e-09 0)
(0.94982493 -1.6999497e-09 0)
(0.94982493 -2.0465398e-09 0)
(0.94982493 -2.0681489e-09 0)
(0.94982494 -2.8427158e-09 0)
(0.94982494 -2.777135e-09 0)
(0.94982494 -4.6421736e-09 0)
(0.94982494 -2.4489098e-09 0)
(0.94982496 -9.3162756e-09 0)
(0.94982493 2.2023017e-09 0)
(0.949825 -2.495113e-08 0)
(0.94982486 2.6552121e-08 0)
(0.94982518 -7.9148893e-08 0)
(0.94982455 1.2016515e-07 0)
(0.94982581 -2.5594452e-07 0)
(0.94982342 4.2145838e-07 0)
(0.94982789 -7.5651137e-07 0)
(0.94981981 1.2028073e-06 0)
(0.94983398 -1.8728917e-06 0)
(0.94981011 2.6662202e-06 0)
(0.9498487 -3.4119271e-06 0)
(0.94978924 3.8163286e-06 0)
(0.94987574 -2.9729459e-06 0)
(0.94975799 6.1305955e-07 0)
(0.949905 4.4780847e-06 0)
(0.9497401 -1.0090907e-05 0)
(0.94989716 1.4932514e-05 0)
(0.94978246 -1.143272e-05 0)
(0.94981939 2.4022607e-06 0)
(0.94986713 1.3276462e-05 0)
(0.94977116 -4.0317524e-06 0)
(0.94985873 -2.6916812e-06 0)
(0.94981298 3.9645395e-05 0)
(1.0000911 0.0265956 0)
(1.0283328 0.062103394 0)
(1.0638499 0.076647449 0)
(1.0957041 0.078296224 0)
(1.1219548 0.074210339 0)
(1.1420595 0.067282631 0)
(1.1548041 0.057783341 0)
(1.1615177 0.046212129 0)
(1.1648367 0.034354619 0)
(1.1660619 0.024007681 0)
(1.1655583 0.015875363 0)
(1.1640245 0.0098470997 0)
(1.1623392 0.0056250207 0)
(1.1609717 0.0028953818 0)
(1.1599742 0.0012846721 0)
(1.1592814 0.00042753145 0)
(1.158825 2.2139019e-05 0)
(1.1585514 -0.00013299682 0)
(1.1584048 -0.00016452938 0)
(1.1583326 -0.00014388121 0)
(1.1582999 -0.00010821107 0)
(1.1582872 -7.4275213e-05 0)
(1.1582841 -4.7756821e-05 0)
(1.1582848 -2.9132055e-05 0)
(1.1582867 -1.6974226e-05 0)
(1.1582884 -9.4766419e-06 0)
(1.1582898 -5.0691084e-06 0)
(1.1582908 -2.5868996e-06 0)
(1.1582914 -1.246805e-06 0)
(1.1582917 -5.5206954e-07 0)
(1.1582919 -2.1009173e-07 0)
(1.1582921 -5.262932e-08 0)
(1.1582921 1.2631715e-08 0)
(1.1582922 3.4519102e-08 0)
(1.1582922 3.7761016e-08 0)
(1.1582922 3.4317224e-08 0)
(1.1582922 2.8871078e-08 0)
(1.1582922 2.3901287e-08 0)
(1.1582922 1.9536667e-08 0)
(1.1582922 1.6127439e-08 0)
(1.1582922 1.3208847e-08 0)
(1.1582922 1.112531e-08 0)
(1.1582922 9.2561049e-09 0)
(1.1582922 7.8192688e-09 0)
(1.1582922 6.4172873e-09 0)
(1.1582922 5.5109648e-09 0)
(1.1582922 4.5848932e-09 0)
(1.1582922 3.9284333e-09 0)
(1.1582922 3.1848748e-09 0)
(1.1582922 2.8314799e-09 0)
(1.1582922 2.368313e-09 0)
(1.1582922 2.0838408e-09 0)
(1.1582922 1.6292616e-09 0)
(1.1582922 1.4843602e-09 0)
(1.1582922 1.1673245e-09 0)
(1.1582922 9.7064347e-10 0)
(1.1582922 5.6162555e-10 0)
(1.1582922 4.3593128e-10 0)
(1.1582922 1.2815939e-10 0)
(1.1582922 -5.5290335e-11 0)
(1.1582922 -4.4460325e-10 0)
(1.1582922 -5.3528352e-10 0)
(1.1582922 -8.0974329e-10 0)
(1.1582922 -9.6381244e-10 0)
(1.1582922 -1.3407632e-09 0)
(1.1582922 -1.4407411e-09 0)
(1.1582922 -1.7577183e-09 0)
(1.1582922 -2.0057297e-09 0)
(1.1582922 -2.4913488e-09 0)
(1.1582922 -2.8355442e-09 0)
(1.1582922 -3.2612224e-09 0)
(1.1582922 -4.134695e-09 0)
(1.1582922 -4.2985937e-09 0)
(1.1582922 -6.6845152e-09 0)
(1.1582922 -4.2974625e-09 0)
(1.1582922 -1.2983173e-08 0)
(1.1582921 9.8834625e-10 0)
(1.1582923 -3.2250526e-08 0)
(1.158292 2.8949737e-08 0)
(1.1582926 -9.4506497e-08 0)
(1.1582914 1.3189844e-07 0)
(1.1582937 -2.8232419e-07 0)
(1.1582894 4.3797748e-07 0)
(1.1582973 -7.6249678e-07 0)
(1.1582832 1.1417583e-06 0)
(1.1583074 -1.672404e-06 0)
(1.1582677 2.1914814e-06 0)
(1.1583301 -2.490535e-06 0)
(1.1582369 2.3148875e-06 0)
(1.1583679 -9.5949313e-07 0)
(1.1581968 -1.3853375e-06 0)
(1.1584006 5.2523702e-06 0)
(1.1581857 -7.9580327e-06 0)
(1.1583747 9.6098905e-06 0)
(1.1582547 -3.9383789e-06 0)
(1.1582771 9.7504773e-07 0)
(1.158345 9.6603662e-06 0)
(1.1582505 9.4094945e-06 0)
(1.158318 2.3566234e-06 0)
(1.1583054 3.5107477e-05 0)
(0.99987565 0.011643817 0)
(1.0173046 0.030196617 0)
(1.0444261 0.040214443 0)
(1.0759989 0.043248571 0)
(1.1091397 0.042743516 0)
(1.1398106 0.040450968 0)
(1.1642622 0.036411113 0)
(1.1827043 0.030669786 0)
(1.197091 0.024128028 0)
(1.2079237 0.017909542 0)
(1.2149664 0.012632095 0)
(1.2188665 0.0084311714 0)
(1.2208632 0.0052752427 0)
(1.2218587 0.0030715392 0)
(1.222274 0.0016519216 0)
(1.2223436 0.00080137583 0)
(1.2222582 0.00032622365 0)
(1.2221385 8.652051e-05 0)
(1.2220311 -1.719505e-05 0)
(1.2219496 -5.0924211e-05 0)
(1.2218926 -5.2925874e-05 0)
(1.2218553 -4.3129657e-05 0)
(1.2218324 -3.1084877e-05 0)
(1.2218191 -2.0685008e-05 0)
(1.2218117 -1.2966803e-05 0)
(1.2218077 -7.7363234e-06 0)
(1.2218057 -4.4157272e-06 0)
(1.2218047 -2.4125176e-06 0)
(1.2218042 -1.258109e-06 0)
(1.2218041 -6.1817746e-07 0)
(1.221804 -2.7965516e-07 0)
(1.221804 -1.0740197e-07 0)
(1.221804 -2.5644551e-08 0)
(1.221804 9.8792022e-09 0)
(1.2218041 2.2000065e-08 0)
(1.2218041 2.5404103e-08 0)
(1.2218041 2.3783216e-08 0)
(1.2218041 2.1932938e-08 0)
(1.2218041 1.8749725e-08 0)
(1.2218041 1.6823634e-08 0)
(1.2218041 1.4151299e-08 0)
(1.2218041 1.2863681e-08 0)
(1.2218041 1.0665233e-08 0)
(1.2218041 9.7135144e-09 0)
(1.2218041 7.8796287e-09 0)
(1.2218041 7.3044921e-09 0)
(1.2218041 5.7270863e-09 0)
(1.2218041 5.3340599e-09 0)
(1.2218041 4.0181689e-09 0)
(1.2218041 3.9201295e-09 0)
(1.2218041 2.7808392e-09 0)
(1.2218041 2.7774193e-09 0)
(1.2218041 1.8034788e-09 0)
(1.2218041 1.9929527e-09 0)
(1.2218041 1.0920864e-09 0)
(1.2218041 1.2646411e-09 0)
(1.2218041 4.3870592e-10 0)
(1.2218041 7.3865061e-10 0)
(1.2218041 -7.1167758e-11 0)
(1.2218041 1.7130557e-10 0)
(1.2218041 -6.0192279e-10 0)
(1.2218041 -2.5393305e-10 0)
(1.2218041 -1.0453526e-09 0)
(1.2218041 -7.81185e-10 0)
(1.2218041 -1.5738159e-09 0)
(1.2218041 -1.2690807e-09 0)
(1.2218041 -2.1419333e-09 0)
(1.2218041 -2.0140568e-09 0)
(1.2218041 -2.9773831e-09 0)
(1.2218041 -2.9623987e-09 0)
(1.2218041 -4.0435933e-09 0)
(1.2218041 -4.5212561e-09 0)
(1.2218041 -5.4363568e-09 0)
(1.2218041 -7.0844142e-09 0)
(1.2218041 -6.4286789e-09 0)
(1.2218041 -1.2566789e-08 0)
(1.221804 -4.1184115e-09 0)
(1.2218042 -2.6677596e-08 0)
(1.2218038 1.2440256e-08 0)
(1.2218046 -6.7830838e-08 0)
(1.2218031 7.5199059e-08 0)
(1.221806 -1.8208306e-07 0)
(1.2218006 2.5416285e-07 0)
(1.2218104 -4.5043557e-07 0)
(1.2217932 6.3218283e-07 0)
(1.2218222 -8.9410054e-07 0)
(1.2217753 1.0960582e-06 0)
(1.2218479 -1.1202863e-06 0)
(1.2217413 8.6548108e-07 0)
(1.2218885 4.9144894e-08 0)
(1.2216998 -1.2805884e-06 0)
(1.2219202 3.16959e-06 0)
(1.2216929 -3.7671527e-06 0)
(1.221889 4.3531372e-06 0)
(1.2217686 -2.3689522e-07 0)
(1.2217902 1.4224968e-06 0)
(1.2218594 4.9909268e-06 0)
(1.2217714 9.509098e-06 0)
(1.2218333 3.0567029e-06 0)
(1.2218341 2.1797145e-05 0)
(0.99998989 0.0034106282 0)
(1.0133916 0.0091179444 0)
(1.0354576 0.012580276 0)
(1.0636894 0.013910606 0)
(1.0961585 0.014034647 0)
(1.1280794 0.013531304 0)
(1.1549278 0.012430191 0)
(1.176649 0.010714553 0)
(1.1949562 0.0086397695 0)
(1.2098455 0.0065741827 0)
(1.2205509 0.0047542226 0)
(1.2274401 0.003260796 0)
(1.2317189 0.0021072028 0)
(1.2343618 0.0012776801 0)
(1.2358918 0.00072442727 0)
(1.2366647 0.00037930387 0)
(1.2369929 0.0001780461 0)
(1.2371014 6.7800354e-05 0)
(1.2371116 1.4798034e-05 0)
(1.2370822 -6.8286542e-06 0)
(1.2370438 -1.3149265e-05 0)
(1.2370101 -1.2784123e-05 0)
(1.2369849 -1.0080847e-05 0)
(1.2369678 -7.1099071e-06 0)
(1.2369568 -4.6547775e-06 0)
(1.2369502 -2.8773014e-06 0)
(1.2369463 -1.6934613e-06 0)
(1.2369442 -9.5050438e-07 0)
(1.236943 -5.0706291e-07 0)
(1.2369425 -2.5322839e-07 0)
(1.2369422 -1.1463066e-07 0)
(1.2369421 -4.1851422e-08 0)
(1.236942 -6.2891239e-09 0)
(1.236942 1.0338796e-08 0)
(1.236942 1.6399155e-08 0)
(1.236942 1.8246781e-08 0)
(1.236942 1.7706659e-08 0)
(1.236942 1.6821011e-08 0)
(1.236942 1.5211722e-08 0)
(1.236942 1.40864e-08 0)
(1.236942 1.2624959e-08 0)
(1.236942 1.1644511e-08 0)
(1.236942 1.0201013e-08 0)
(1.236942 9.287034e-09 0)
(1.236942 8.0243639e-09 0)
(1.236942 7.2419777e-09 0)
(1.236942 6.0108743e-09 0)
(1.236942 5.3405491e-09 0)
(1.236942 4.3581658e-09 0)
(1.236942 3.8850199e-09 0)
(1.236942 2.9778197e-09 0)
(1.236942 2.6339393e-09 0)
(1.236942 1.9709619e-09 0)
(1.236942 1.8009533e-09 0)
(1.236942 1.1565687e-09 0)
(1.236942 1.0413478e-09 0)
(1.236942 5.7290131e-10 0)
(1.236942 5.6082129e-10 0)
(1.236942 4.2412253e-11 0)
(1.236942 2.8305691e-11 0)
(1.236942 -3.6679062e-10 0)
(1.236942 -3.3123985e-10 0)
(1.236942 -8.3040084e-10 0)
(1.236942 -8.4997667e-10 0)
(1.236942 -1.2888178e-09 0)
(1.236942 -1.3301564e-09 0)
(1.236942 -1.9383748e-09 0)
(1.236942 -2.1264123e-09 0)
(1.236942 -2.7824417e-09 0)
(1.236942 -3.1184608e-09 0)
(1.236942 -4.0408093e-09 0)
(1.236942 -4.7119465e-09 0)
(1.236942 -5.6856578e-09 0)
(1.236942 -6.9450444e-09 0)
(1.236942 -7.666038e-09 0)
(1.2369421 -1.0681886e-08 0)
(1.236942 -8.8676468e-09 0)
(1.2369422 -1.7529963e-08 0)
(1.2369417 -5.6639079e-09 0)
(1.2369426 -3.2935464e-08 0)
(1.2369409 1.2745611e-08 0)
(1.2369441 -6.9604143e-08 0)
(1.2369383 6.8006827e-08 0)
(1.2369487 -1.4825286e-07 0)
(1.2369305 1.8186197e-07 0)
(1.236961 -2.6369625e-07 0)
(1.236912 3.0540572e-07 0)
(1.2369874 -2.8333802e-07 0)
(1.2368775 1.9077291e-07 0)
(1.2370282 1.243739e-07 0)
(1.2368363 -4.5834118e-07 0)
(1.2370594 1.0011253e-06 0)
(1.2368306 -9.9943875e-07 0)
(1.2370276 1.2182784e-06 0)
(1.2369071 2.7147799e-07 0)
(1.2369297 7.3446298e-07 0)
(1.2369988 1.4758094e-06 0)
(1.2369125 3.8218102e-06 0)
(1.2369744 1.4124743e-06 0)
(1.2369793 7.3205372e-06 0)
(0.99998991 -0.0034106378 0)
(1.0133916 -0.0091179539 0)
(1.0354576 -0.012580488 0)
(1.0636893 -0.013910828 0)
(1.0961584 -0.014034337 0)
(1.1280793 -0.013530097 0)
(1.1549277 -0.012428219 0)
(1.1766491 -0.010712331 0)
(1.1949564 -0.0086378928 0)
(1.2098459 -0.006573074 0)
(1.2205514 -0.0047540292 0)
(1.2274407 -0.0032614144 0)
(1.2317195 -0.0021083658 0)
(1.2343624 -0.0012790867 0)
(1.2358923 -0.0007258208 0)
(1.2366651 -0.00038052492 0)
(1.2369932 -0.00017902446 0)
(1.2371016 -6.8530523e-05 0)
(1.2371117 -1.5307975e-05 0)
(1.2370823 6.4853185e-06 0)
(1.2370438 1.292433e-05 0)
(1.2370101 1.2636926e-05 0)
(1.2369849 9.9866645e-06 0)
(1.2369678 7.0505833e-06 0)
(1.2369568 4.6235333e-06 0)
(1.2369501 2.8659006e-06 0)
(1.2369463 1.6997007e-06 0)
(1.2369441 9.6829039e-07 0)
(1.236943 5.3576093e-07 0)
(1.2369424 2.8651617e-07 0)
(1.2369421 1.5219206e-07 0)
(1.236942 7.8541862e-08 0)
(1.236942 4.3159387e-08 0)
(1.236942 2.3617796e-08 0)
(1.236942 1.6597461e-08 0)
(1.236942 1.0857814e-08 0)
(1.236942 1.0754883e-08 0)
(1.236942 8.2458982e-09 0)
(1.236942 9.5049703e-09 0)
(1.236942 7.561984e-09 0)
(1.236942 9.0026169e-09 0)
(1.236942 6.9309386e-09 0)
(1.236942 8.1371351e-09 0)
(1.236942 5.9232267e-09 0)
(1.236942 7.0514452e-09 0)
(1.236942 4.6923686e-09 0)
(1.236942 5.6856851e-09 0)
(1.236942 3.3539213e-09 0)
(1.236942 4.4598214e-09 0)
(1.236942 2.1642399e-09 0)
(1.236942 3.2817525e-09 0)
(1.236942 1.1366274e-09 0)
(1.236942 2.4554952e-09 0)
(1.236942 3.9422847e-10 0)
(1.236942 1.7332044e-09 0)
(1.236942 -1.8521098e-10 0)
(1.236942 1.3183005e-09 0)
(1.236942 -5.8160184e-10 0)
(1.236942 8.8287207e-10 0)
(1.236942 -9.4574091e-10 0)
(1.236942 6.2027599e-10 0)
(1.236942 -1.2553655e-09 0)
(1.236942 2.2006168e-10 0)
(1.236942 -1.6510075e-09 0)
(1.236942 -1.4394795e-10 0)
(1.236942 -2.1257794e-09 0)
(1.236942 -7.9197468e-10 0)
(1.236942 -2.8599066e-09 0)
(1.236942 -1.6057336e-09 0)
(1.236942 -3.8602553e-09 0)
(1.236942 -2.9219583e-09 0)
(1.236942 -5.3077307e-09 0)
(1.236942 -4.7099901e-09 0)
(1.236942 -7.0556891e-09 0)
(1.236942 -7.4477516e-09 0)
(1.2369421 -8.6607681e-09 0)
(1.236942 -1.1847731e-08 0)
(1.2369422 -7.8668653e-09 0)
(1.2369417 -2.1088219e-08 0)
(1.2369426 2.0434837e-09 0)
(1.2369409 -4.3634393e-08 0)
(1.2369441 3.7038347e-08 0)
(1.2369382 -9.7979802e-08 0)
(1.2369487 1.2149361e-07 0)
(1.2369305 -2.005384e-07 0)
(1.236961 2.541026e-07 0)
(1.236912 -3.0193298e-07 0)
(1.2369873 2.9554393e-07 0)
(1.2368774 -1.6804606e-07 0)
(1.2370282 -1.0110425e-07 0)
(1.2368362 4.8444403e-07 0)
(1.2370593 -9.8219713e-07 0)
(1.2368306 1.0220248e-06 0)
(1.2370276 -1.1931523e-06 0)
(1.2369071 -2.3290989e-07 0)
(1.2369296 -6.7539488e-07 0)
(1.2369988 -1.4068767e-06 0)
(1.2369124 -3.714596e-06 0)
(1.2369743 -1.2887012e-06 0)
(1.2369793 -7.161723e-06 0)
(0.99987568 -0.011643839 0)
(1.0173046 -0.030196597 0)
(1.044426 -0.040214557 0)
(1.0759987 -0.043248656 0)
(1.1091394 -0.042743127 0)
(1.1398104 -0.040449832 0)
(1.1642622 -0.036409387 0)
(1.1827047 -0.03066793 0)
(1.1970918 -0.024126534 0)
(1.207925 -0.017908737 0)
(1.214968 -0.012632075 0)
(1.2188682 -0.0084318206 0)
(1.2208649 -0.0052763257 0)
(1.2218603 -0.0030727894 0)
(1.2222753 -0.0016531224 0)
(1.2223445 -0.00080240475 0)
(1.2222589 -0.0003270265 0)
(1.2221389 -8.7096754e-05 0)
(1.2220314 1.6804159e-05 0)
(1.2219497 5.0666982e-05 0)
(1.2218926 5.2757665e-05 0)
(1.2218553 4.3020656e-05 0)
(1.2218324 3.101309e-05 0)
(1.221819 2.0640799e-05 0)
(1.2218116 1.2942093e-05 0)
(1.2218076 7.72966e-06 0)
(1.2218055 4.4227335e-06 0)
(1.2218046 2.4324e-06 0)
(1.2218041 1.2851155e-06 0)
(1.221804 6.5147077e-07 0)
(1.2218039 3.1384961e-07 0)
(1.2218039 1.4308783e-07 0)
(1.2218039 5.8669453e-08 0)
(1.221804 2.0860582e-08 0)
(1.221804 4.635282e-09 0)
(1.221804 -5.6614798e-11 0)
(1.221804 -1.7420606e-09 0)
(1.221804 -5.2651867e-10 0)
(1.221804 -5.078974e-11 0)
(1.221804 1.6855587e-09 0)
(1.221804 1.8977776e-09 0)
(1.221804 3.0913134e-09 0)
(1.2218041 2.8208238e-09 0)
(1.2218041 3.6280867e-09 0)
(1.2218041 2.9388205e-09 0)
(1.2218041 3.3471434e-09 0)
(1.2218041 2.4400343e-09 0)
(1.2218041 2.7776702e-09 0)
(1.2218041 1.7681562e-09 0)
(1.2218041 1.9875294e-09 0)
(1.2218041 1.023919e-09 0)
(1.2218041 1.3812999e-09 0)
(1.2218041 4.6975465e-10 0)
(1.2218041 8.2333969e-10 0)
(1.2218041 1.795994e-11 0)
(1.2218041 5.3967322e-10 0)
(1.2218041 -2.1858758e-10 0)
(1.2218041 2.6751251e-10 0)
(1.2218041 -4.389333e-10 0)
(1.2218041 1.5550682e-10 0)
(1.2218041 -5.6846409e-10 0)
(1.2218041 -7.5271519e-11 0)
(1.2218041 -8.0826367e-10 0)
(1.2218041 -2.7312113e-10 0)
(1.2218041 -1.0942431e-09 0)
(1.2218041 -7.2659181e-10 0)
(1.2218041 -1.6332334e-09 0)
(1.2218041 -1.3051859e-09 0)
(1.2218041 -2.4005879e-09 0)
(1.2218041 -2.2894349e-09 0)
(1.2218041 -3.6319438e-09 0)
(1.2218041 -3.4598763e-09 0)
(1.2218041 -5.4524295e-09 0)
(1.2218041 -4.6076498e-09 0)
(1.2218041 -8.7033083e-09 0)
(1.2218041 -3.7826801e-09 0)
(1.221804 -1.6057409e-08 0)
(1.2218042 5.184434e-09 0)
(1.2218038 -3.763841e-08 0)
(1.2218046 4.1964442e-08 0)
(1.221803 -1.0326402e-07 0)
(1.221806 1.5523703e-07 0)
(1.2218005 -2.8014659e-07 0)
(1.2218103 4.2938281e-07 0)
(1.2217932 -6.4782795e-07 0)
(1.2218221 8.8901622e-07 0)
(1.2217752 -1.0914727e-06 0)
(1.2218478 1.1372392e-06 0)
(1.2217412 -8.4119587e-07 0)
(1.2218884 -1.9655003e-08 0)
(1.2216998 1.309048e-06 0)
(1.2219202 -3.1466485e-06 0)
(1.2216929 3.7850003e-06 0)
(1.221889 -4.3351304e-06 0)
(1.2217685 2.6096423e-07 0)
(1.2217902 -1.3739865e-06 0)
(1.2218594 -4.9306731e-06 0)
(1.2217714 -9.3976364e-06 0)
(1.2218333 -2.9209251e-06 0)
(1.2218341 -2.1639784e-05 0)
(1.0000911 -0.026595651 0)
(1.0283328 -0.062103323 0)
(1.0638497 -0.076647409 0)
(1.0957037 -0.078296119 0)
(1.1219544 -0.074209868 0)
(1.1420594 -0.067281656 0)
(1.1548043 -0.057782041 0)
(1.1615187 -0.046210887 0)
(1.1648384 -0.034353784 0)
(1.1660641 -0.024007421 0)
(1.1655609 -0.015875658 0)
(1.1640271 -0.0098477944 0)
(1.1623416 -0.0056259173 0)
(1.1609737 -0.0028963014 0)
(1.1599758 -0.0012854786 0)
(1.1592825 -0.00042816035 0)
(1.1588257 -2.2589712e-05 0)
(1.1585519 0.00013269354 0)
(1.1584051 0.00016432554 0)
(1.1583327 0.00014374788 0)
(1.1582999 0.00010812162 0)
(1.1582871 7.4215729e-05 0)
(1.158284 4.7716386e-05 0)
(1.1582847 2.9109616e-05 0)
(1.1582865 1.6964985e-05 0)
(1.1582883 9.4824554e-06 0)
(1.1582897 5.0844583e-06 0)
(1.1582906 2.6118682e-06 0)
(1.1582912 1.2743557e-06 0)
(1.1582916 5.8340092e-07 0)
(1.1582918 2.3936289e-07 0)
(1.1582919 8.0922669e-08 0)
(1.158292 1.0913464e-08 0)
(1.1582921 -1.2653929e-08 0)
(1.1582921 -2.0399079e-08 0)
(1.1582921 -1.7446033e-08 0)
(1.1582921 -1.578066e-08 0)
(1.1582921 -1.0367019e-08 0)
(1.1582921 -8.8188912e-09 0)
(1.1582921 -4.521002e-09 0)
(1.1582921 -4.3212663e-09 0)
(1.1582921 -1.0910179e-09 0)
(1.1582921 -1.684595e-09 0)
(1.1582921 7.6840457e-10 0)
(1.1582921 -5.7123447e-10 0)
(1.1582922 1.411647e-09 0)
(1.1582922 -1.6080333e-10 0)
(1.1582922 1.527199e-09 0)
(1.1582922 -3.844167e-10 0)
(1.1582922 1.207941e-09 0)
(1.1582922 -5.9962159e-10 0)
(1.1582922 9.6844999e-10 0)
(1.1582922 -9.5307202e-10 0)
(1.1582922 6.8496548e-10 0)
(1.1582922 -1.0264175e-09 0)
(1.1582922 6.4400331e-10 0)
(1.1582922 -1.1605092e-09 0)
(1.1582922 5.7489369e-10 0)
(1.1582922 -1.0672321e-09 0)
(1.1582922 6.4668528e-10 0)
(1.1582922 -1.1549433e-09 0)
(1.1582922 5.5876344e-10 0)
(1.1582922 -1.1526907e-09 0)
(1.1582922 4.8505602e-10 0)
(1.1582922 -1.4408844e-09 0)
(1.1582922 1.4467251e-10 0)
(1.1582922 -1.7533594e-09 0)
(1.1582922 -2.9935859e-10 0)
(1.1582922 -2.4774234e-09 0)
(1.1582922 -1.1110355e-09 0)
(1.1582922 -3.4418323e-09 0)
(1.1582922 -1.9950242e-09 0)
(1.1582922 -5.1578014e-09 0)
(1.1582922 -2.4850197e-09 0)
(1.1582921 -8.3717738e-09 0)
(1.1582922 3.1331443e-10 0)
(1.1582921 -1.7548895e-08 0)
(1.1582922 1.6008421e-08 0)
(1.1582919 -4.8469406e-08 0)
(1.1582925 7.5895001e-08 0)
(1.1582913 -1.5262837e-07 0)
(1.1582936 2.6417208e-07 0)
(1.1582893 -4.5569967e-07 0)
(1.1582972 7.4933616e-07 0)
(1.1582831 -1.1520735e-06 0)
(1.1583073 1.670833e-06 0)
(1.1582676 -2.1862724e-06 0)
(1.15833 2.508739e-06 0)
(1.1582368 -2.290052e-06 0)
(1.1583678 9.9329192e-07 0)
(1.1581966 1.4196488e-06 0)
(1.1584005 -5.2248996e-06 0)
(1.1581857 7.972241e-06 0)
(1.1583747 -9.6071855e-06 0)
(1.1582546 3.936725e-06 0)
(1.158277 -9.5188823e-07 0)
(1.158345 -9.6174111e-06 0)
(1.1582505 -9.3251608e-06 0)
(1.158318 -2.2490706e-06 0)
(1.1583055 -3.4982807e-05 0)
(1.0017884 -0.052624063 0)
(1.0366311 -0.10194492 0)
(1.0599013 -0.11247055 0)
(1.0625553 -0.10699405 0)
(1.05264 -0.095496478 0)
(1.0373899 -0.081163122 0)
(1.019399 -0.064850287 0)
(1.0011942 -0.04779526 0)
(0.98540785 -0.03229708 0)
(0.97308207 -0.020161251 0)
(0.96397684 -0.011637063 0)
(0.95765184 -0.0060501623 0)
(0.95363949 -0.0026403447 0)
(0.95138127 -0.00078054295 0)
(0.95023048 7.2839524e-05 0)
(0.94971111 0.00036835485 0)
(0.94953434 0.00040121369 0)
(0.94952618 0.00033533653 0)
(0.94958293 0.00024564684 0)
(0.94965112 0.0001645299 0)
(0.94970925 0.00010303594 0)
(0.94975222 6.1159907e-05 0)
(0.94978138 3.4629456e-05 0)
(0.94979996 1.8725156e-05 0)
(0.94981117 9.6485224e-06 0)
(0.94981765 4.7025855e-06 0)
(0.94982124 2.1340224e-06 0)
(0.94982315 8.647508e-07 0)
(0.94982412 2.7814322e-07 0)
(0.9498246 3.094819e-08 0)
(0.94982481 -5.5155484e-08 0)
(0.94982491 -7.562021e-08 0)
(0.94982494 -6.7253585e-08 0)
(0.94982495 -5.3971043e-08 0)
(0.94982495 -3.9440903e-08 0)
(0.94982494 -2.9744919e-08 0)
(0.94982493 -2.0493683e-08 0)
(0.94982493 -1.551539e-08 0)
(0.94982493 -1.0053749e-08 0)
(0.94982493 -8.1027744e-09 0)
(0.94982492 -4.8052603e-09 0)
(0.94982492 -4.1864312e-09 0)
(0.94982492 -1.8672598e-09 0)
(0.94982492 -2.2111679e-09 0)
(0.94982492 -6.2083801e-10 0)
(0.94982492 -1.2799128e-09 0)
(0.94982492 7.1427661e-11 0)
(0.94982492 -1.0220651e-09 0)
(0.94982492 2.0915594e-11 0)
(0.94982492 -1.0125423e-09 0)
(0.94982492 9.1471972e-11 0)
(0.94982493 -1.1153569e-09 0)
(0.94982492 -1.05066e-10 0)
(0.94982493 -1.1082151e-09 0)
(0.94982492 6.416072e-11 0)
(0.94982493 -1.0539777e-09 0)
(0.94982492 4.2619752e-11 0)
(0.94982493 -8.9603543e-10 0)
(0.94982492 3.2410641e-10 0)
(0.94982492 -7.8066136e-10 0)
(0.94982492 2.9515741e-10 0)
(0.94982492 -6.9820494e-10 0)
(0.94982492 4.4648548e-10 0)
(0.94982492 -7.5566828e-10 0)
(0.94982492 2.1509665e-10 0)
(0.94982492 -8.9560703e-10 0)
(0.94982492 1.0192398e-10 0)
(0.94982492 -1.241509e-09 0)
(0.94982492 -4.4850186e-10 0)
(0.94982492 -1.7106703e-09 0)
(0.94982492 -1.0016601e-09 0)
(0.94982492 -2.2997949e-09 0)
(0.94982492 -2.1971935e-09 0)
(0.94982492 -2.374446e-09 0)
(0.94982491 -4.2229544e-09 0)
(0.94982492 3.6204369e-10 0)
(0.94982488 -1.0994935e-08 0)
(0.94982495 1.431684e-08 0)
(0.9498248 -3.6350525e-08 0)
(0.94982511 6.7859775e-08 0)
(0.94982447 -1.3006218e-07 0)
(0.94982572 2.461559e-07 0)
(0.94982332 -4.2867776e-07 0)
(0.94982779 7.4965175e-07 0)
(0.94981971 -1.2072702e-06 0)
(0.94983387 1.8701787e-06 0)
(0.94981001 -2.6621904e-06 0)
(0.9498486 3.4215771e-06 0)
(0.94978915 -3.7967996e-06 0)
(0.94987565 2.9999467e-06 0)
(0.94975791 -5.7943073e-07 0)
(0.94990492 -4.45242e-06 0)
(0.94974006 1.0098391e-05 0)
(0.94989713 -1.4950879e-05 0)
(0.94978245 1.1408305e-05 0)
(0.94981936 -2.4035497e-06 0)
(0.94986709 -1.324761e-05 0)
(0.94977118 4.0985642e-06 0)
(0.94985879 2.770256e-06 0)
(0.94981313 -3.9568896e-05 0)
(0.92068574 -0.03381219 0)
(0.86373233 -0.056614866 0)
(0.78786663 -0.052276884 0)
(0.69845326 -0.040229497 0)
(0.61904228 -0.028986567 0)
(0.55742278 -0.019717665 0)
(0.51148346 -0.012081469 0)
(0.4788666 -0.0062426776 0)
(0.45743021 -0.002458815 0)
(0.4444183 -0.00046231777 0)
(0.43710933 0.00041059819 0)
(0.43342929 0.00071513329 0)
(0.43191345 0.00073415813 0)
(0.43157423 0.00060450298 0)
(0.43175123 0.00042419098 0)
(0.43208918 0.00027417319 0)
(0.4324148 0.00016851081 0)
(0.43267213 9.8904852e-05 0)
(0.43285439 5.4854749e-05 0)
(0.43297369 2.8450074e-05 0)
(0.43304697 1.3700456e-05 0)
(0.43308967 6.0038827e-06 0)
(0.43311339 2.2431453e-06 0)
(0.43312596 5.4919839e-07 0)
(0.43313228 -1.1639381e-07 0)
(0.43313524 -3.1014604e-07 0)
(0.43313651 -3.1062876e-07 0)
(0.43313697 -2.5087815e-07 0)
(0.43313707 -1.8338238e-07 0)
(0.43313704 -1.2455874e-07 0)
(0.43313696 -8.0167097e-08 0)
(0.43313689 -5.0817294e-08 0)
(0.43313683 -3.1370686e-08 0)
(0.43313678 -1.9948085e-08 0)
(0.43313675 -1.2093529e-08 0)
(0.43313672 -8.1223898e-09 0)
(0.43313671 -4.729345e-09 0)
(0.4331367 -3.4157515e-09 0)
(0.43313669 -1.7726039e-09 0)
(0.43313668 -1.6457437e-09 0)
(0.43313668 -6.2551199e-10 0)
(0.43313667 -7.8431304e-10 0)
(0.43313667 -7.2896463e-11 0)
(0.43313667 -5.4687048e-10 0)
(0.43313667 8.0166144e-11 0)
(0.43313667 -3.4823147e-10 0)
(0.43313667 1.6129287e-10 0)
(0.43313667 -4.4312741e-10 0)
(0.43313667 1.0540981e-10 0)
(0.43313667 -3.7004374e-10 0)
(0.43313667 1.2472312e-10 0)
(0.43313667 -4.7753169e-10 0)
(0.43313667 8.199245e-11 0)
(0.43313667 -3.6623823e-10 0)
(0.43313667 1.5841948e-10 0)
(0.43313667 -4.1426873e-10 0)
(0.43313667 1.6115058e-10 0)
(0.43313667 -2.7391372e-10 0)
(0.43313667 2.6595909e-10 0)
(0.43313667 -3.1337119e-10 0)
(0.43313667 2.4390868e-10 0)
(0.43313667 -2.1821043e-10 0)
(0.43313667 2.9517293e-10 0)
(0.43313667 -3.1971046e-10 0)
(0.43313667 2.0702317e-10 0)
(0.43313666 -2.891608e-10 0)
(0.43313667 1.8978971e-10 0)
(0.43313666 -4.5745601e-10 0)
(0.43313666 4.4417377e-11 0)
(0.43313666 -4.4909095e-10 0)
(0.43313666 8.5497801e-12 0)
(0.43313666 -5.7931239e-10 0)
(0.43313666 -2.1489081e-10 0)
(0.43313666 -2.999916e-10 0)
(0.43313666 -4.637693e-10 0)
(0.43313666 8.1945742e-10 0)
(0.43313665 -2.1021666e-09 0)
(0.43313666 5.4905094e-09 0)
(0.43313663 -9.6511917e-09 0)
(0.4331367 2.2940073e-08 0)
(0.43313656 -4.018047e-08 0)
(0.43313684 8.3808364e-08 0)
(0.43313631 -1.4689769e-07 0)
(0.43313733 2.6935825e-07 0)
(0.43313548 -4.6020362e-07 0)
(0.43313875 7.5195345e-07 0)
(0.43313319 -1.1836257e-06 0)
(0.43314225 1.7073313e-06 0)
(0.43312803 -2.3354998e-06 0)
(0.43314913 2.7648774e-06 0)
(0.43311921 -2.8921285e-06 0)
(0.43315891 1.9842593e-06 0)
(0.43310936 -1.7083043e-07 0)
(0.43316598 -3.1872098e-06 0)
(0.4331072 6.8310372e-06 0)
(0.43315664 -9.7187844e-06 0)
(0.43313375 8.7833549e-06 0)
(0.43311638 -1.8973146e-06 0)
(0.43318668 -1.4550299e-05 0)
(0.43310019 -1.7413203e-05 0)
)
;

boundaryField
{
    top
    {
        type            fixedValue;
        value           uniform (0 0 0);
    }
    bottom
    {
        type            fixedValue;
        value           uniform (0 0 0);
    }
    inlet
    {
        type            fixedValue;
        value           uniform (1 0 0);
    }
    outlet
    {
        type            zeroGradient;
    }
    front
    {
        type            empty;
    }
    back
    {
        type            empty;
    }
}


// ************************************************************************* //
