/*--------------------------------*- C++ -*----------------------------------*\
  =========                 |
  \\      /  F ield         | OpenFOAM: The Open Source CFD Toolbox
   \\    /   O peration     | Website:  https://openfoam.org
    \\  /    A nd           | Version:  13
     \\/     M anipulation  |
\*---------------------------------------------------------------------------*/
FoamFile
{
    format      ascii;
    class       volScalarField;
    location    "20";
    object      p;
}
// * * * * * * * * * * * * * * * * * * * * * * * * * * * * * * * * * * * * * //

dimensions      [0 2 -2 0 0 0 0];

internalField   nonuniform List<scalar> 
1000
(
1.6803192
1.5603209
1.4644463
1.4005787
1.351982
1.3093852
1.2715543
1.2388437
1.2107357
1.1861471
1.1640601
1.1437128
1.1245747
1.106289
1.0886245
1.0714365
1.0546369
1.0381719
1.0220079
1.0061218
0.99049622
0.9751161
0.95996768
0.94503772
0.93031332
0.91578194
0.90143149
0.88725037
0.87322755
0.85935265
0.8456159
0.83200814
0.81852084
0.80514604
0.79187629
0.77870469
0.76562479
0.75263057
0.73971645
0.72687718
0.71410789
0.70140403
0.68876133
0.67617584
0.66364384
0.65116184
0.63872662
0.62633513
0.61398453
0.60167218
0.58939558
0.57715242
0.56494052
0.55275786
0.54060253
0.52847274
0.51636685
0.50428329
0.49222061
0.48017745
0.46815254
0.45614468
0.44415276
0.43217574
0.42021265
0.40826257
0.39632467
0.38439812
0.3724822
0.36057622
0.34867952
0.33679149
0.32491156
0.31303919
0.30117391
0.28931525
0.27746277
0.26561605
0.25377471
0.24193842
0.23010685
0.21827969
0.20645662
0.19463738
0.18282173
0.17100945
0.15920031
0.14739408
0.13559058
0.12378963
0.11199107
0.10019475
0.088400508
0.076608209
0.064817724
0.053028932
0.041241765
0.029456007
0.017671904
0.0058888671
1.558579
1.503836
1.4426759
1.3908468
1.3478245
1.3095278
1.2745258
1.2430396
1.2151076
1.1902083
1.1676088
1.1466814
1.1269782
1.1081943
1.0901204
1.0726117
1.0555681
1.0389208
1.0226212
1.006634
0.99093217
0.97549356
0.96029926
0.94533242
0.93057764
0.91602068
0.90164827
0.887448
0.8734083
0.85951836
0.84576813
0.83214823
0.81864995
0.80526517
0.79198635
0.77880648
0.76571901
0.75271787
0.73979738
0.72695227
0.7141776
0.70146879
0.68882153
0.67623181
0.6636959
0.6512103
0.63877173
0.62637713
0.61402366
0.60170863
0.58942955
0.57718409
0.56497005
0.55278539
0.5406282
0.52849669
0.51638919
0.50430413
0.49224006
0.4801956
0.46816947
0.45616048
0.44416751
0.4321895
0.4202255
0.40827458
0.39633587
0.38440857
0.37249196
0.36058533
0.34868804
0.33679944
0.32491897
0.31304611
0.30118038
0.2893213
0.27746842
0.26562132
0.25377962
0.24194301
0.23011115
0.21828371
0.20646036
0.19464087
0.18282499
0.17101251
0.15920316
0.14739675
0.13559305
0.12379195
0.11199324
0.10019679
0.088402402
0.076609972
0.06481937
0.053030449
0.041243185
0.029457214
0.017672975
0.0058894541
1.4970635
1.4707068
1.4325513
1.391851
1.3533089
1.3173112
1.2834947
1.2520435
1.2232433
1.1970454
1.1731021
1.1509792
1.1302904
1.1107301
1.092064
1.0741142
1.0567472
1.0398642
1.0233926
1.0072785
0.99148128
0.97596935
0.96071717
0.94570342
0.93090968
0.91631964
0.90191867
0.88769343
0.87363168
0.85972214
0.84595439
0.83231878
0.81880636
0.80540883
0.79211848
0.77892816
0.76583121
0.75282144
0.73989309
0.72704079
0.71425956
0.70154472
0.68889193
0.67629714
0.66375655
0.65126663
0.63882408
0.62642582
0.61406894
0.60175077
0.58946878
0.57722062
0.56500407
0.55281708
0.54065774
0.52852422
0.51641486
0.50432806
0.49226237
0.48021641
0.46818889
0.4561786
0.44418441
0.43220527
0.42024021
0.40828831
0.39634869
0.38442054
0.37250312
0.36059576
0.34869777
0.33680853
0.32492746
0.31305403
0.30118777
0.28932821
0.27747488
0.26562734
0.25378524
0.24194826
0.23011606
0.2182883
0.20646464
0.19464485
0.18282871
0.171016
0.15920643
0.14739979
0.13559588
0.12379459
0.11199571
0.10019911
0.08840456
0.076611988
0.064821235
0.053032207
0.041244786
0.029458721
0.017674153
0.0058904084
1.4680476
1.4522018
1.4255487
1.3921886
1.3569487
1.3224386
1.2894497
1.2582743
1.2291834
1.2023136
1.177565
1.1546678
1.1333006
1.1131695
1.0940348
1.0757086
1.0580449
1.040931
1.0242803
1.008027
0.99212048
0.97652174
0.96119966
0.94612873
0.93128749
0.91665742
0.90222226
0.88796747
0.87387996
0.85994777
0.84615999
0.83250655
0.81897821
0.80556639
0.79226319
0.77906126
0.7659538
0.7529345
0.73999747
0.72713727
0.71434881
0.70162736
0.68896851
0.67636815
0.66382245
0.65132782
0.63888092
0.62647865
0.61411807
0.60179647
0.58951131
0.5772602
0.56504093
0.55285142
0.54068972
0.52855402
0.51644263
0.50435396
0.49228652
0.48023893
0.46820988
0.45619818
0.44420269
0.43222233
0.42025612
0.40830313
0.39636252
0.38443348
0.37251522
0.36060703
0.34870826
0.33681831
0.32493663
0.31306263
0.30119579
0.28933564
0.27748179
0.26563383
0.25379135
0.24195397
0.23012134
0.21829319
0.20646924
0.1946492
0.18283278
0.17101976
0.1592099
0.14740305
0.13559896
0.12379748
0.11199839
0.1002016
0.088406861
0.07661418
0.064823248
0.05303415
0.041246495
0.029460486
0.017675542
0.0058919647
1.4554999
1.4432578
1.4211846
1.3913808
1.3580177
1.3243871
1.2919305
1.2610703
1.2320216
1.2049592
1.1799012
1.1566741
1.135
1.1145968
1.095227
1.0767028
1.0588767
1.0416321
1.0248769
1.0085398
0.99256595
0.97691236
0.96154509
0.94643646
0.93156332
0.91690593
0.90244708
0.88817155
0.87406573
0.86011728
0.84631497
0.83264851
0.81910844
0.80568603
0.79237324
0.77916262
0.76604725
0.75302074
0.74007715
0.72721094
0.71441699
0.7016905
0.68902703
0.67642242
0.6638728
0.65137457
0.63892435
0.626519
0.61415559
0.60183137
0.58954378
0.57729042
0.56506907
0.55287762
0.54071413
0.52857676
0.51646382
0.50437372
0.49230495
0.48025609
0.46822588
0.4562131
0.44421663
0.43223535
0.42026824
0.40831441
0.39637305
0.38444335
0.37252447
0.36061563
0.34871621
0.33682573
0.32494362
0.31306923
0.30120191
0.28934126
0.277487
0.26563878
0.25379607
0.24195836
0.23012533
0.21829685
0.20647272
0.19465256
0.18283593
0.17102261
0.15921249
0.1474055
0.13560133
0.12379973
0.11200043
0.10020346
0.088408586
0.076615862
0.064824797
0.053035648
0.041247788
0.029461872
0.017676698
0.0058933703
1.4554999
1.4432578
1.4211846
1.3913808
1.3580177
1.3243871
1.2919305
1.2610703
1.2320216
1.2049592
1.1799012
1.1566741
1.135
1.1145968
1.095227
1.0767028
1.0588767
1.0416321
1.0248769
1.0085398
0.99256595
0.97691236
0.96154509
0.94643646
0.93156332
0.91690593
0.90244708
0.88817155
0.87406573
0.86011728
0.84631497
0.83264851
0.81910844
0.80568603
0.79237324
0.77916262
0.76604725
0.75302074
0.74007715
0.72721094
0.71441699
0.7016905
0.68902703
0.67642242
0.6638728
0.65137457
0.63892435
0.626519
0.61415559
0.60183137
0.58954377
0.57729042
0.56506907
0.55287762
0.54071412
0.52857676
0.51646382
0.50437372
0.49230495
0.48025609
0.46822587
0.4562131
0.44421664
0.43223535
0.42026823
0.4083144
0.39637305
0.38444337
0.37252448
0.36061561
0.34871618
0.33682573
0.32494365
0.31306926
0.3012019
0.28934122
0.27748698
0.26563881
0.25379612
0.24195836
0.23012528
0.21829681
0.20647274
0.19465261
0.18283595
0.17102258
0.15921245
0.1474055
0.13560136
0.12379976
0.11200041
0.10020343
0.088408574
0.076615875
0.064824814
0.053035651
0.041247779
0.029461865
0.017676697
0.0058933715
1.4680476
1.4522018
1.4255487
1.3921886
1.3569487
1.3224386
1.2894497
1.2582743
1.2291834
1.2023136
1.177565
1.1546678
1.1333006
1.1131695
1.0940348
1.0757086
1.0580449
1.040931
1.0242803
1.008027
0.99212048
0.97652174
0.96119966
0.94612873
0.93128749
0.91665742
0.90222226
0.88796747
0.87387996
0.85994777
0.84615999
0.83250655
0.81897821
0.80556639
0.79226319
0.77906126
0.7659538
0.7529345
0.73999747
0.72713727
0.71434881
0.70162736
0.68896851
0.67636815
0.66382245
0.65132782
0.63888092
0.62647865
0.61411807
0.60179647
0.58951131
0.5772602
0.56504093
0.55285142
0.54068972
0.52855402
0.51644264
0.50435397
0.49228652
0.48023892
0.46820987
0.45619819
0.4442027
0.43222234
0.4202561
0.40830311
0.39636253
0.38443352
0.37251524
0.360607
0.3487082
0.33681831
0.32493669
0.31306268
0.30119576
0.28933556
0.27748176
0.2656339
0.25379144
0.24195397
0.23012125
0.21829312
0.20646928
0.1946493
0.18283281
0.17101969
0.15920983
0.14740305
0.13559903
0.12379753
0.11199836
0.10020154
0.088406843
0.076614208
0.06482328
0.053034154
0.041246477
0.029460472
0.01767554
0.0058919672
1.4970635
1.4707068
1.4325513
1.391851
1.3533089
1.3173112
1.2834947
1.2520435
1.2232433
1.1970454
1.1731021
1.1509792
1.1302904
1.1107301
1.092064
1.0741142
1.0567472
1.0398642
1.0233926
1.0072785
0.99148128
0.97596935
0.96071717
0.94570342
0.93090968
0.91631964
0.90191867
0.88769343
0.87363168
0.85972214
0.84595439
0.83231878
0.81880636
0.80540883
0.79211848
0.77892816
0.76583121
0.75282144
0.73989309
0.72704079
0.71425956
0.70154472
0.68889193
0.67629714
0.66375655
0.65126663
0.63882408
0.62642582
0.61406894
0.60175077
0.58946878
0.57722062
0.56500407
0.55281708
0.54065773
0.52852422
0.51641486
0.50432807
0.49226237
0.48021641
0.46818889
0.4561786
0.44418442
0.43220527
0.42024019
0.4082883
0.3963487
0.38442056
0.37250313
0.36059573
0.34869774
0.33680855
0.3249275
0.31305405
0.30118774
0.28932816
0.27747487
0.26562739
0.25378528
0.24194824
0.230116
0.21828827
0.20646468
0.19464491
0.18282872
0.17101595
0.15920639
0.1473998
0.13559592
0.12379461
0.11199569
0.10019908
0.088404555
0.076612006
0.064821251
0.053032207
0.041244776
0.029458713
0.017674152
0.0058904091
1.558579
1.503836
1.4426759
1.3908468
1.3478245
1.3095278
1.2745258
1.2430396
1.2151076
1.1902083
1.1676088
1.1466814
1.1269782
1.1081943
1.0901204
1.0726117
1.0555681
1.0389208
1.0226212
1.006634
0.99093217
0.97549356
0.96029926
0.94533242
0.93057764
0.91602068
0.90164827
0.887448
0.8734083
0.85951836
0.84576813
0.83214823
0.81864995
0.80526517
0.79198635
0.77880648
0.76571901
0.75271787
0.73979738
0.72695227
0.7141776
0.70146879
0.68882153
0.67623181
0.6636959
0.6512103
0.63877173
0.62637713
0.61402366
0.60170863
0.58942955
0.57718409
0.56497005
0.55278539
0.5406282
0.52849669
0.51638919
0.50430413
0.49224006
0.4801956
0.46816948
0.45616049
0.44416751
0.4321895
0.42022549
0.40827458
0.39633587
0.38440858
0.37249195
0.36058533
0.34868804
0.33679945
0.32491898
0.31304611
0.30118037
0.2893213
0.27746843
0.26562132
0.25377962
0.241943
0.23011115
0.21828371
0.20646037
0.19464087
0.18282499
0.1710125
0.15920317
0.14739675
0.13559306
0.12379194
0.11199324
0.10019678
0.088402403
0.076609973
0.064819371
0.05303045
0.041243185
0.029457213
0.017672974
0.0058894533
1.6803192
1.5603209
1.4644463
1.4005787
1.351982
1.3093852
1.2715543
1.2388437
1.2107357
1.1861471
1.1640601
1.1437128
1.1245747
1.106289
1.0886245
1.0714365
1.0546369
1.0381719
1.0220079
1.0061218
0.99049622
0.9751161
0.95996768
0.94503772
0.93031332
0.91578194
0.90143149
0.88725037
0.87322755
0.85935265
0.8456159
0.83200814
0.81852084
0.80514604
0.79187629
0.77870469
0.76562479
0.75263057
0.73971645
0.72687718
0.71410789
0.70140403
0.68876133
0.67617584
0.66364384
0.65116184
0.63872662
0.62633513
0.61398453
0.60167218
0.58939558
0.57715242
0.56494052
0.55275786
0.54060253
0.52847275
0.51636685
0.50428329
0.49222061
0.48017746
0.46815254
0.45614468
0.44415275
0.43217574
0.42021265
0.40826258
0.39632466
0.38439812
0.3724822
0.36057622
0.34867953
0.33679149
0.32491155
0.31303919
0.30117392
0.28931526
0.27746277
0.26561604
0.2537747
0.24193843
0.23010686
0.21827969
0.20645661
0.19463737
0.18282174
0.17100946
0.15920031
0.14739408
0.13559057
0.12378963
0.11199108
0.10019476
0.088400507
0.076608206
0.064817723
0.053028934
0.041241767
0.029456008
0.017671903
0.0058888662
)
;

boundaryField
{
    top
    {
        type            zeroGradient;
    }
    bottom
    {
        type            zeroGradient;
    }
    inlet
    {
        type            zeroGradient;
    }
    outlet
    {
        type            fixedValue;
        value           uniform 0;
    }
    front
    {
        type            empty;
    }
    back
    {
        type            empty;
    }
}


// ************************************************************************* //
