/*--------------------------------*- C++ -*----------------------------------*\
  =========                 |
  \\      /  F ield         | OpenFOAM: The Open Source CFD Toolbox
   \\    /   O peration     | Website:  https://openfoam.org
    \\  /    A nd           | Version:  13
     \\/     M anipulation  |
\*---------------------------------------------------------------------------*/
FoamFile
{
    format      ascii;
    class       surfaceScalarField;
    location    "20";
    object      phi;
}
// * * * * * * * * * * * * * * * * * * * * * * * * * * * * * * * * * * * * * //

dimensions      [0 3 -1 0 0 0 0];

internalField   nonuniform List<scalar> 
1890
(
0.0093140727
0.00068592734
0.0082963401
0.0010177326
0.0073480838
0.00094825625
0.0065167791
0.00083130473
0.0058112103
0.00070556886
0.0052369127
0.00057429754
0.0047862485
0.00045066426
0.004441012
0.00034523641
0.0041802971
0.0002607149
0.0039843511
0.00019594607
0.0038366531
0.00014769799
0.003724003
0.00011265009
0.0036363473
8.7655673e-05
0.0035663586
6.9988766e-05
0.0035088729
5.7485611e-05
0.0034603388
4.8534122e-05
0.0034183544
4.1984434e-05
0.0033813121
3.7042264e-05
0.0033481383
3.3173824e-05
0.003318109
3.002929e-05
0.0032907248
2.7384169e-05
0.0032656285
2.5096349e-05
0.0032425523
2.3076191e-05
0.0032212857
2.1266629e-05
0.0032016553
1.9630402e-05
0.0031835132
1.8142096e-05
0.0031667299
1.6783304e-05
0.0031511901
1.5539787e-05
0.0031367902
1.4399859e-05
0.0031234367
1.3353503e-05
0.0031110448
1.2391898e-05
0.0030995376
1.1507168e-05
0.0030888454
1.069224e-05
0.0030789047
9.940748e-06
0.0030696577
9.2469705e-06
0.0030610519
8.6057677e-06
0.0030530394
8.0125278e-06
0.0030455763
7.4631145e-06
0.0030386225
6.9538161e-06
0.0030321412
6.4812993e-06
0.0030260986
6.0425654e-06
0.0030204637
5.6349118e-06
0.0030152078
5.2558969e-06
0.0030103045
4.9033093e-06
0.0030057293
4.5751409e-06
0.0030014598
4.2695642e-06
0.0029974749
3.9849115e-06
0.0029937552
3.7196578e-06
0.0029902828
3.4724051e-06
0.0029870409
3.241869e-06
0.0029840141
3.026868e-06
0.0029811877
2.8263135e-06
0.0029785485
2.639201e-06
0.0029760839
2.4646008e-06
0.0029737823
2.301652e-06
0.0029716327
2.149558e-06
0.0029696252
2.0075827e-06
0.0029677501
1.8750415e-06
0.0029659988
1.7512943e-06
0.0029643631
1.6357448e-06
0.0029628352
1.5278448e-06
0.0029614081
1.4270902e-06
0.0029600751
1.3330072e-06
0.00295883
1.24514e-06
0.0029576669
1.1630624e-06
0.0029565805
1.086395e-06
0.0029555657
1.014803e-06
0.0029546178
9.4795633e-07
0.0029537323
8.8551764e-07
0.0029529051
8.2716249e-07
0.0029521324
7.7263418e-07
0.0029514107
7.2172124e-07
0.0029507365
6.7421439e-07
0.0029501067
6.298402e-07
0.0029495183
5.8834373e-07
0.0029489688
5.4952557e-07
0.0029484555
5.1329985e-07
0.002947976
4.7951805e-07
0.002947528
4.4800894e-07
0.0029471095
4.184921e-07
0.0029467186
3.9088056e-07
0.0029463535
3.650492e-07
0.0029460125
3.4105975e-07
0.0029456939
3.1862239e-07
0.0029453962
2.9772395e-07
0.0029451182
2.7798682e-07
0.0029448584
2.5971037e-07
0.002944616
2.4247013e-07
0.0029443893
2.2671736e-07
0.0029441777
2.1161207e-07
0.0029439797
1.9791646e-07
0.0029437952
1.845147e-07
0.0029436225
1.7273467e-07
0.0029434615
1.6096183e-07
0.0029433106
1.5089309e-07
0.0029431699
1.4069713e-07
0.0029430379
1.3199074e-07
0.0029429133
1.2463239e-07
0.0029427969
1.1644109e-07
1.1717824e-07
0.010341662
0.00034426525
0.010578184
0.00078121018
0.010615671
0.00091076959
0.010553945
0.0008930309
0.010425822
0.00083369229
0.010248587
0.00075153209
0.010044962
0.0006542893
0.0098354604
0.00055473799
0.0096327827
0.00046339255
0.0094437308
0.000384998
0.0092713466
0.00032008221
0.009116574
0.00026742267
0.0089789731
0.0002252566
0.0088572402
0.0001917216
0.0087496634
0.00016506247
0.0086544455
0.00014375196
0.00856989
0.00012654001
0.0084944845
0.00011244777
0.0084269262
0.00010073204
0.0083661156
9.0839874e-05
0.0083111354
8.2364457e-05
0.0082612243
7.5007437e-05
0.0082157512
6.8549275e-05
0.0081741908
6.2827025e-05
0.0081361031
5.7718126e-05
0.0081011164
5.312876e-05
0.0080689141
4.898562e-05
0.0080392237
4.5230168e-05
0.0080118089
4.1814686e-05
0.0079864628
3.869956e-05
0.0079630033
3.58514e-05
0.0079412688
3.3241713e-05
0.0079211151
3.0845945e-05
0.007902413
2.8642774e-05
0.0078850464
2.6613564e-05
0.0078689103
2.4741944e-05
0.0078539093
2.3013468e-05
0.0078399571
2.1415339e-05
0.0078269747
1.9936178e-05
0.0078148902
1.8565831e-05
0.0078036376
1.7295211e-05
0.0077931563
1.6116155e-05
0.0077833909
1.5021309e-05
0.0077742902
1.4004029e-05
0.007765807
1.3058297e-05
0.007757898
1.2178642e-05
0.0077505228
1.1360087e-05
0.0077436444
1.0598083e-05
0.0077372283
9.8884725e-06
0.0077312427
9.2274435e-06
0.0077256581
8.6114946e-06
0.007720447
8.0374057e-06
0.007715584
7.5022112e-06
0.0077110454
7.0031752e-06
0.0077068093
6.5377698e-06
0.0077028552
6.1036576e-06
0.0076991641
5.6986764e-06
0.0076957183
5.3208222e-06
0.0076925014
4.9682354e-06
0.0076894979
4.63919e-06
0.0076866937
4.3320894e-06
0.0076840753
4.0454501e-06
0.0076816305
3.7778866e-06
0.0076793475
3.5281e-06
0.0076772156
3.2948923e-06
0.0076752249
3.077166e-06
0.0076733658
2.8739044e-06
0.0076716296
2.6841246e-06
0.0076700082
2.5068935e-06
0.007668494
2.3413565e-06
0.0076670799
2.186784e-06
0.0076657591
2.0424835e-06
0.0076645256
1.9077692e-06
0.0076633735
1.7819107e-06
0.0076622975
1.664309e-06
0.0076612926
1.5544453e-06
0.007660354
1.4519432e-06
0.0076594773
1.3562503e-06
0.0076586584
1.2668901e-06
0.0076578936
1.1832611e-06
0.0076571792
1.1051899e-06
0.0076565121
1.0322397e-06
0.0076558888
9.6435447e-07
0.0076553067
9.0074463e-07
0.0076547629
8.4148884e-07
0.0076542551
7.8572012e-07
0.0076537807
7.3415231e-07
0.0076533378
6.85455e-07
0.0076529237
6.4082544e-07
0.0076525373
5.9795178e-07
0.0076521759
5.5932753e-07
0.0076518391
5.2130189e-07
0.0076515234
4.8847279e-07
0.00765123
4.5435724e-07
0.0076509537
4.2711859e-07
0.0076506989
3.955087e-07
0.0076504565
3.7443927e-07
0.0076502372
3.4392622e-07
0.007650022
3.3166375e-07
3.021394e-07
0.010181464
0.00016280099
0.010521798
0.00044087647
0.010842482
0.00059008571
0.011112769
0.00062274377
0.01133602
0.00061044159
0.011508579
0.00057897246
0.011630744
0.0005321246
0.011709907
0.00047557512
0.011755697
0.00041760214
0.011776644
0.00036405133
0.011779503
0.0003172236
0.011769652
0.0002772735
0.01175133
0.00024357852
0.011727726
0.00021532526
0.011701127
0.00019166163
0.011673116
0.00017176286
0.011644765
0.00015489117
0.011616781
0.00014043211
0.011589614
0.00012789905
0.011563536
0.00011691718
0.0115387
0.00010720077
0.011515175
9.8531963e-05
0.011492981
9.0743682e-05
0.011472101
8.3706557e-05
0.011452501
7.731903e-05
0.011434129
7.149998e-05
0.011416932
6.6183318e-05
0.011400848
6.131413e-05
0.011385816
5.6845965e-05
0.011371777
5.2738935e-05
0.01135867
4.8958371e-05
0.011346438
4.5473859e-05
0.011335025
4.2258518e-05
0.01132438
3.9288459e-05
0.011314451
3.6542354e-05
0.011305192
3.4001094e-05
0.011296558
3.1647508e-05
0.011288507
2.9466126e-05
0.011281
2.7442974e-05
0.011274001
2.5565408e-05
0.011267474
2.3821957e-05
0.011261388
2.2202196e-05
0.011255712
2.0696633e-05
0.01125042
1.9296608e-05
0.011245484
1.7994207e-05
0.01124088
1.6782186e-05
0.011236587
1.5653902e-05
0.011232581
1.4603256e-05
0.011228845
1.3624638e-05
0.01122536
1.2712886e-05
0.011222108
1.1863242e-05
0.011219074
1.1071311e-05
0.011216243
1.0333034e-05
0.011213602
9.6446553e-06
0.011211137
9.0027116e-06
0.011208837
8.4039932e-06
0.01120669
7.8455116e-06
0.011204686
7.3244834e-06
0.011202816
6.8383433e-06
0.01120107
6.3847388e-06
0.011199441
5.9614809e-06
0.01119792
5.5664824e-06
0.0111965
5.1977722e-06
0.011195175
4.8535678e-06
0.011193937
4.5323008e-06
0.011192782
4.2324948e-06
0.011191703
3.9526515e-06
0.011190696
3.6912866e-06
0.011189756
3.4471425e-06
0.011188878
3.21922e-06
0.011188058
3.0066017e-06
0.011187292
2.808168e-06
0.011186578
2.6227406e-06
0.01118591
2.4493401e-06
0.011185287
2.2874331e-06
0.011184705
2.1364762e-06
0.011184161
1.9957419e-06
0.011183653
1.8641171e-06
0.011183179
1.7409425e-06
0.011182736
1.6257382e-06
0.011182323
1.5185533e-06
0.011181937
1.418553e-06
0.011181576
1.3253018e-06
0.011181239
1.2375636e-06
0.011180925
1.1559097e-06
0.011180631
1.0792764e-06
0.011180357
1.0087674e-06
0.0111801
9.4181091e-07
0.011179861
8.8050922e-07
0.011179637
8.2108642e-07
0.011179428
7.684623e-07
0.011179234
7.1572889e-07
0.011179051
6.7165403e-07
0.011178882
6.2335202e-07
0.011178721
5.8769054e-07
0.011178575
5.4148972e-07
0.011178434
5.1575652e-07
0.011178309
4.6853762e-07
0.011178186
4.545934e-07
4.0596183e-07
0.010094914
6.7887459e-05
0.010340233
0.00019555688
0.01065185
0.00027846872
0.010969203
0.00030539076
0.011273712
0.00030593223
0.01155641
0.00029627538
0.011809194
0.00027934034
0.012028326
0.00025644286
0.012214936
0.00023099242
0.012372692
0.00020629519
0.012505836
0.00018407978
0.012618428
0.00016468134
0.012714101
0.00014790567
0.012795956
0.00013346964
0.012866554
0.00012106424
0.01292795
0.00011036698
0.012981772
0.00010106928
0.0130293
9.2903863e-05
0.013071543
8.5655966e-05
0.0131093
7.915984e-05
0.013143212
7.3289231e-05
0.013173796
6.7947852e-05
0.013201478
6.3061779e-05
0.013226611
5.8573655e-05
0.013249491
5.4438274e-05
0.013270372
5.0619238e-05
0.013289469
4.7086496e-05
0.013306969
4.3814607e-05
0.013323033
4.0781545e-05
0.013337804
3.7967897e-05
0.013351406
3.535632e-05
0.013363949
3.2931162e-05
0.013375529
3.0678203e-05
0.013386233
2.8584457e-05
0.013396137
2.663803e-05
0.01340531
2.4828002e-05
0.013413814
2.314433e-05
0.013421702
2.157777e-05
0.013429025
2.0119807e-05
0.013435828
1.8762588e-05
0.013442151
1.7498869e-05
0.013448031
1.6321959e-05
0.013453502
1.5225678e-05
0.013458595
1.4204313e-05
0.013463336
1.325258e-05
0.013467753
1.236559e-05
0.013471868
1.1538812e-05
0.013475703
1.076805e-05
0.013479278
1.0049413e-05
0.013482612
9.3792949e-06
0.013485721
8.754352e-06
0.013488621
8.1714742e-06
0.013491326
7.6277691e-06
0.01349385
7.1205562e-06
0.013496205
6.6473572e-06
0.013498403
6.2058654e-06
0.013500455
5.79391e-06
0.01350237
5.4094595e-06
0.013504158
5.0506588e-06
0.013505827
4.7158254e-06
0.013507385
4.4033706e-06
0.01350884
4.1117264e-06
0.013510198
3.8394056e-06
0.013511466
3.5851342e-06
0.013512651
3.3478483e-06
0.013513757
3.1264808e-06
0.01351479
2.9198212e-06
0.013515754
2.7266724e-06
0.013516655
2.5461779e-06
0.013517497
2.3777874e-06
0.013518282
2.220877e-06
0.013519016
2.0744165e-06
0.013519702
1.9373304e-06
0.013520342
1.8089883e-06
0.01352094
1.6893112e-06
0.013521498
1.5780148e-06
0.01352202
1.4742921e-06
0.013522507
1.3769811e-06
0.013522962
1.2856729e-06
0.013523388
1.2004077e-06
0.013523785
1.1214637e-06
0.013524155
1.0479018e-06
0.013524502
9.7903733e-07
0.013524825
9.1388366e-07
0.013525128
8.5338684e-07
0.01352541
7.9687922e-07
0.013525674
7.4518365e-07
0.01352592
6.9569095e-07
0.01352615
6.5034042e-07
0.013526365
6.0603139e-07
0.013526566
5.6751026e-07
0.013526753
5.2837219e-07
0.013526929
4.964349e-07
0.013527092
4.5996494e-07
0.013527245
4.3437482e-07
0.013527388
3.9914618e-07
0.013527522
3.8138065e-07
0.013527646
3.4479997e-07
0.013527765
3.3503735e-07
2.9845105e-07
0.010067887
5.0780649e-14
0.010263444
8.6700154e-14
0.010541913
8.0929655e-14
0.010847304
7.1154552e-14
0.011153236
6.9336209e-14
0.011449511
7.2792899e-14
0.011728852
7.2716039e-14
0.011985295
6.697278e-14
0.012216287
5.7148658e-14
0.012422582
5.0457242e-14
0.012606662
4.9718514e-14
0.012771343
5.4143039e-14
0.012919249
5.5706475e-14
0.013052719
5.0268198e-14
0.013173783
4.2620487e-14
0.01328415
4.2578501e-14
0.013385219
5.0361045e-14
0.013478123
5.2474845e-14
0.013563779
2.9916392e-14
0.013642939
-2.0122306e-14
0.013716228
-7.5847249e-14
0.013784176
-1.047675e-13
0.013847238
-9.9236888e-14
0.013905811
-8.2238871e-14
0.01396025
-9.5236072e-14
0.014010869
-1.5522435e-13
0.014057955
-2.3416244e-13
0.01410177
-2.6672842e-13
0.014142552
-2.1457992e-13
0.014180519
-1.2473157e-13
0.014215876
-1.3764854e-13
0.014248807
-2.6276817e-13
0.014279485
-3.7856627e-13
0.01430807
-3.441925e-13
0.014334708
-1.7253978e-13
0.014359536
-3.0789206e-14
0.01438268
-8.3631612e-14
0.014404258
-2.8189905e-13
0.014424377
-3.7382396e-13
0.01444314
-2.4418094e-13
0.014460639
6.4497833e-14
0.014476961
2.5946779e-13
0.014492187
1.3175712e-13
0.014506391
-1.3976433e-13
0.014519643
-1.7202377e-13
0.014532009
1.6475288e-13
0.014543548
4.1332553e-13
0.014554316
1.2821021e-13
0.014564365
-1.5078268e-13
0.014573745
2.7210847e-13
0.014582499
1.1140071e-12
0.01459067
4.4231272e-13
0.014598298
-1.9421127e-12
0.014605419
-2.6860334e-12
0.014612066
1.491669e-12
0.014618272
6.1713906e-12
0.014624066
2.619865e-12
0.014629475
-8.9700494e-12
0.014634526
-1.3337882e-11
0.014639242
3.0993392e-12
0.014643645
2.2863134e-11
0.014647757
1.570257e-11
0.014651596
-2.2408387e-11
0.014655182
-4.3200532e-11
0.01465853
-3.1921511e-12
0.014661656
5.5753483e-11
0.014664575
5.5904052e-11
0.014667302
-3.0934495e-11
0.014669849
-9.703616e-11
0.014672227
-4.1975127e-11
0.014674447
8.8442615e-11
0.014676521
1.2789021e-10
0.014678459
-9.8440316e-12
0.014680268
-1.5320236e-10
0.014681958
-1.2107686e-10
0.014683536
8.1632052e-11
0.014685009
1.9741983e-10
0.014686386
6.1449525e-11
0.014687672
-1.6425315e-10
0.014688873
-1.9828032e-10
0.014689994
2.4424069e-11
0.014691042
2.1832754e-10
0.01469202
1.4720066e-10
0.014692935
-1.0564452e-10
0.014693789
-2.1848225e-10
0.014694586
-5.7898441e-11
0.01469533
1.6091143e-10
0.014696026
1.7190104e-10
0.014696676
-1.6534987e-11
0.014697282
-1.5804688e-10
0.01469785
-9.7649154e-11
0.014698378
6.5488095e-11
0.014698875
1.2513683e-10
0.014699334
3.6019199e-11
0.014699769
-6.709888e-11
0.014700168
-7.5901129e-11
0.01470055
-9.2788934e-12
0.014700894
3.8441845e-11
0.014701229
2.1887223e-11
2.0798386e-13
0.010067887
-6.7887459e-05
0.010263444
-0.00019555688
0.010541913
-0.00027846872
0.010847304
-0.00030539076
0.011153236
-0.00030593223
0.011449511
-0.00029627538
0.011728852
-0.00027934034
0.011985295
-0.00025644286
0.012216287
-0.00023099242
0.012422582
-0.00020629519
0.012606662
-0.00018407978
0.012771343
-0.00016468134
0.012919249
-0.00014790567
0.013052719
-0.00013346964
0.013173783
-0.00012106424
0.01328415
-0.00011036698
0.013385219
-0.00010106928
0.013478123
-9.2903863e-05
0.013563779
-8.5655966e-05
0.013642939
-7.915984e-05
0.013716228
-7.3289231e-05
0.013784176
-6.7947852e-05
0.013847238
-6.3061779e-05
0.013905811
-5.8573655e-05
0.01396025
-5.4438274e-05
0.014010869
-5.0619238e-05
0.014057955
-4.7086496e-05
0.01410177
-4.3814607e-05
0.014142552
-4.0781545e-05
0.014180519
-3.7967898e-05
0.014215876
-3.535632e-05
0.014248807
-3.2931163e-05
0.014279485
-3.0678203e-05
0.01430807
-2.8584457e-05
0.014334708
-2.663803e-05
0.014359536
-2.4828002e-05
0.01438268
-2.314433e-05
0.014404258
-2.1577771e-05
0.014424377
-2.0119808e-05
0.01444314
-1.8762589e-05
0.014460639
-1.7498869e-05
0.014476961
-1.6321959e-05
0.014492187
-1.5225678e-05
0.014506391
-1.4204313e-05
0.014519643
-1.325258e-05
0.014532009
-1.2365589e-05
0.014543548
-1.1538812e-05
0.014554316
-1.076805e-05
0.014564365
-1.0049413e-05
0.014573745
-9.3792945e-06
0.014582499
-8.7543511e-06
0.01459067
-8.1714742e-06
0.014598298
-7.6277708e-06
0.014605419
-7.1205577e-06
0.014612066
-6.6473554e-06
0.014618272
-6.205861e-06
0.014624066
-5.7939099e-06
0.014629475
-5.4094683e-06
0.014634526
-5.050668e-06
0.014639242
-4.71582e-06
0.014643645
-4.4033519e-06
0.014647757
-4.1117187e-06
0.014651596
-3.8394289e-06
0.014655182
-3.5851666e-06
0.014658529
-3.3478428e-06
0.014661656
-3.1264299e-06
0.014664575
-2.9197838e-06
0.014667302
-2.7267095e-06
0.014669849
-2.5462576e-06
0.014672227
-2.3778065e-06
0.014674447
-2.2207896e-06
0.014676521
-2.0743202e-06
0.014678459
-1.9373589e-06
0.014680268
-1.8091251e-06
0.014681958
-1.6893926e-06
0.014683535
-1.5779237e-06
0.014685009
-1.4741314e-06
0.014686386
-1.3769576e-06
0.014687672
-1.2858318e-06
0.014688873
-1.2005591e-06
0.014689994
-1.1214132e-06
0.014691042
-1.0477081e-06
0.014692021
-9.7893789e-07
0.014692935
-9.1399828e-07
0.014693789
-8.5356566e-07
0.014694585
-7.9690044e-07
0.01469533
-7.4503052e-07
0.014696026
-6.9555685e-07
0.014696676
-6.5037588e-07
0.014697283
-6.0616966e-07
0.01469785
-5.675761e-07
0.014698378
-5.2830083e-07
0.014698875
-4.9632862e-07
0.014699335
-4.5994458e-07
0.014699769
-4.3443976e-07
0.014700168
-3.9921031e-07
0.01470055
-3.8138746e-07
0.014700894
-3.4476772e-07
0.014701229
-3.3502141e-07
-2.9845122e-07
0.010094914
-0.00016280099
0.010340233
-0.00044087647
0.01065185
-0.00059008571
0.010969203
-0.00062274377
0.011273712
-0.00061044159
0.01155641
-0.00057897246
0.011809194
-0.0005321246
0.012028326
-0.00047557512
0.012214936
-0.00041760214
0.012372692
-0.00036405133
0.012505836
-0.0003172236
0.012618428
-0.0002772735
0.012714101
-0.00024357852
0.012795956
-0.00021532526
0.012866554
-0.00019166163
0.01292795
-0.00017176286
0.012981772
-0.00015489117
0.0130293
-0.00014043211
0.013071543
-0.00012789905
0.0131093
-0.00011691718
0.013143212
-0.00010720077
0.013173796
-9.8531963e-05
0.013201478
-9.0743682e-05
0.013226611
-8.3706557e-05
0.013249491
-7.7319031e-05
0.013270372
-7.149998e-05
0.013289469
-6.6183318e-05
0.013306969
-6.131413e-05
0.013323033
-5.6845966e-05
0.013337804
-5.2738936e-05
0.013351406
-4.8958372e-05
0.013363949
-4.5473859e-05
0.013375529
-4.2258518e-05
0.013386233
-3.9288459e-05
0.013396137
-3.6542354e-05
0.01340531
-3.4001095e-05
0.013413814
-3.1647509e-05
0.013421702
-2.9466126e-05
0.013429025
-2.7442974e-05
0.013435828
-2.5565408e-05
0.013442151
-2.3821957e-05
0.013448031
-2.2202196e-05
0.013453502
-2.0696633e-05
0.013458595
-1.9296608e-05
0.013463336
-1.7994207e-05
0.013467753
-1.6782186e-05
0.013471868
-1.5653902e-05
0.013475703
-1.4603256e-05
0.013479278
-1.3624637e-05
0.013482612
-1.2712886e-05
0.013485721
-1.1863243e-05
0.013488621
-1.1071313e-05
0.013491326
-1.0333032e-05
0.01349385
-9.6446517e-06
0.013496205
-9.0027126e-06
0.013498403
-8.4040012e-06
0.013500455
-7.845517e-06
0.01350237
-7.3244749e-06
0.013504158
-6.8383278e-06
0.013505827
-6.3847408e-06
0.013507385
-5.961508e-06
0.01350884
-5.5665022e-06
0.013510198
-5.1977482e-06
0.013511466
-4.8535194e-06
0.013512651
-4.5322961e-06
0.013513757
-4.2325587e-06
0.01351479
-3.9527096e-06
0.013515754
-3.6912474e-06
0.013516655
-3.4470335e-06
0.013517497
-3.2191827e-06
0.013518282
-3.006709e-06
0.013519016
-2.8082989e-06
0.013519702
-2.6227149e-06
0.013520342
-2.4491645e-06
0.01352094
-2.2873266e-06
0.013521498
-2.1365949e-06
0.01352202
-1.9959548e-06
0.013522507
-1.8641512e-06
0.013522962
-1.7407396e-06
0.013523388
-1.6255503e-06
0.013523784
-1.5186224e-06
0.013524155
-1.4187943e-06
0.013524502
-1.325409e-06
0.013524826
-1.2374041e-06
0.013525128
-1.1556895e-06
0.01352541
-1.0792664e-06
0.013525674
-1.0089606e-06
0.01352592
-9.4195458e-07
0.01352615
-8.8044015e-07
0.013526365
-8.209164e-07
0.013526566
-7.6840301e-07
0.013526753
-7.1582499e-07
0.013526929
-6.7176202e-07
0.013527092
-6.2334985e-07
0.013527245
-5.8761153e-07
0.013527388
-5.4144203e-07
0.013527522
-5.1577989e-07
0.013527646
-4.6857957e-07
0.013527765
-4.5460754e-07
-4.0595797e-07
0.010181464
-0.00034426525
0.010521798
-0.00078121018
0.010842482
-0.00091076959
0.011112769
-0.0008930309
0.01133602
-0.00083369229
0.011508579
-0.00075153209
0.011630744
-0.0006542893
0.011709907
-0.00055473799
0.011755697
-0.00046339255
0.011776644
-0.000384998
0.011779503
-0.00032008221
0.011769652
-0.00026742267
0.01175133
-0.0002252566
0.011727726
-0.0001917216
0.011701127
-0.00016506247
0.011673116
-0.00014375196
0.011644765
-0.00012654001
0.011616781
-0.00011244777
0.011589614
-0.00010073204
0.011563536
-9.0839874e-05
0.0115387
-8.2364457e-05
0.011515175
-7.5007438e-05
0.011492981
-6.8549275e-05
0.011472101
-6.2827025e-05
0.011452501
-5.7718126e-05
0.011434129
-5.312876e-05
0.011416932
-4.898562e-05
0.011400848
-4.5230168e-05
0.011385816
-4.1814687e-05
0.011371777
-3.8699561e-05
0.01135867
-3.58514e-05
0.011346438
-3.3241713e-05
0.011335025
-3.0845945e-05
0.01132438
-2.8642774e-05
0.011314451
-2.6613564e-05
0.011305192
-2.4741944e-05
0.011296558
-2.3013468e-05
0.011288507
-2.1415339e-05
0.011281
-1.9936178e-05
0.011274001
-1.8565832e-05
0.011267474
-1.7295212e-05
0.011261388
-1.6116155e-05
0.011255712
-1.5021309e-05
0.01125042
-1.4004029e-05
0.011245484
-1.3058296e-05
0.01124088
-1.2178643e-05
0.011236587
-1.1360087e-05
0.011232581
-1.0598083e-05
0.011228845
-9.8884722e-06
0.01122536
-9.2274438e-06
0.011222108
-8.6114955e-06
0.011219074
-8.0374055e-06
0.011216243
-7.5022089e-06
0.011213602
-7.0031736e-06
0.011211137
-6.5377733e-06
0.011208837
-6.1036644e-06
0.01120669
-5.6986763e-06
0.011204686
-5.3208106e-06
0.011202816
-4.9682255e-06
0.01120107
-4.6392014e-06
0.011199441
-4.3321158e-06
0.01119792
-4.0454558e-06
0.0111965
-3.7778514e-06
0.011195175
-3.5280615e-06
0.011193937
-3.2949112e-06
0.011192782
-3.077237e-06
0.011191703
-2.8739382e-06
0.011190696
-2.6840563e-06
0.011189756
-2.5067909e-06
0.011188878
-2.3413597e-06
0.011188058
-2.1869169e-06
0.011187292
-2.0425886e-06
0.011186577
-1.9076928e-06
0.01118591
-1.7817231e-06
0.011185287
-1.6642473e-06
0.011184705
-1.5546118e-06
0.011184161
-1.4521452e-06
0.011183653
-1.3562264e-06
0.011183179
-1.266653e-06
0.011182737
-1.1831029e-06
0.011182323
-1.1053148e-06
0.011181937
-1.0324952e-06
0.011181576
-9.6442126e-07
0.011181239
-9.0054352e-07
0.011180925
-8.4127495e-07
0.011180631
-7.8575071e-07
0.011180357
-7.3437038e-07
0.0111801
-6.8558495e-07
0.011179861
-6.4072845e-07
0.011179637
-5.9777368e-07
0.011179428
-5.5928413e-07
0.011179234
-5.2141539e-07
0.011179051
-4.8858289e-07
0.011178882
-4.5434568e-07
0.011178721
-4.2703043e-07
0.011178575
-3.9545712e-07
0.011178434
-3.74462e-07
0.011178309
-3.4396975e-07
0.011178186
-3.3167951e-07
-3.0213668e-07
0.010341662
-0.00068592734
0.010578184
-0.0010177326
0.010615671
-0.00094825625
0.010553945
-0.00083130473
0.010425822
-0.00070556886
0.010248587
-0.00057429754
0.010044962
-0.00045066426
0.0098354604
-0.00034523641
0.0096327827
-0.0002607149
0.0094437308
-0.00019594607
0.0092713466
-0.00014769799
0.009116574
-0.00011265009
0.0089789731
-8.7655673e-05
0.0088572402
-6.9988766e-05
0.0087496634
-5.7485611e-05
0.0086544455
-4.8534123e-05
0.00856989
-4.1984434e-05
0.0084944845
-3.7042264e-05
0.0084269262
-3.3173824e-05
0.0083661157
-3.0029291e-05
0.0083111354
-2.7384169e-05
0.0082612243
-2.5096349e-05
0.0082157512
-2.3076192e-05
0.0081741908
-2.1266629e-05
0.0081361031
-1.9630403e-05
0.0081011164
-1.8142096e-05
0.0080689141
-1.6783304e-05
0.0080392237
-1.5539788e-05
0.0080118089
-1.439986e-05
0.0079864628
-1.3353503e-05
0.0079630033
-1.2391898e-05
0.0079412688
-1.1507168e-05
0.0079211151
-1.069224e-05
0.007902413
-9.9407481e-06
0.0078850464
-9.2469707e-06
0.0078689103
-8.6057679e-06
0.0078539093
-8.012528e-06
0.0078399571
-7.4631145e-06
0.0078269747
-6.9538161e-06
0.0078148902
-6.4812993e-06
0.0078036376
-6.0425655e-06
0.0077931563
-5.634912e-06
0.0077833909
-5.255897e-06
0.0077742902
-4.9033092e-06
0.007765807
-4.5751409e-06
0.007757898
-4.2695642e-06
0.0077505228
-3.9849115e-06
0.0077436444
-3.7196578e-06
0.0077372283
-3.4724052e-06
0.0077312427
-3.2418694e-06
0.0077256581
-3.0268681e-06
0.007720447
-2.826313e-06
0.007715584
-2.6392004e-06
0.0077110454
-2.4646014e-06
0.0077068093
-2.301654e-06
0.0077028552
-2.1495594e-06
0.0076991641
-2.0075809e-06
0.0076957183
-1.8750377e-06
0.0076925014
-1.7512941e-06
0.0076894979
-1.6357511e-06
0.0076866937
-1.5278513e-06
0.0076840753
-1.427087e-06
0.0076816305
-1.3329947e-06
0.0076793475
-1.2451332e-06
0.0076772156
-1.1630745e-06
0.0076752249
-1.0864158e-06
0.0076733658
-1.0148048e-06
0.0076716296
-9.4792986e-07
0.0076700083
-8.8549153e-07
0.007668494
-8.2717357e-07
0.0076670798
-7.7267674e-07
0.0076657591
-7.2174454e-07
0.0076645256
-6.7418244e-07
0.0076633736
-6.2978486e-07
0.0076622976
-5.8833469e-07
0.0076612926
-5.4958181e-07
0.0076603539
-5.1335731e-07
0.0076594772
-4.7950399e-07
0.0076586584
-4.4793571e-07
0.0076578937
-4.1844767e-07
0.0076571793
-3.9092135e-07
0.007656512
-3.6512721e-07
0.0076558887
-3.4108005e-07
0.0076553067
-3.1856132e-07
0.007654763
-2.9765652e-07
0.0076542552
-2.7799223e-07
0.0076537807
-2.5977661e-07
0.0076533377
-2.4251567e-07
0.0076529236
-2.2669328e-07
0.0076525373
-2.1155544e-07
0.0076521759
-1.978956e-07
0.0076518391
-1.8454573e-07
0.0076515233
-1.7277298e-07
0.0076512299
-1.609648e-07
0.0076509538
-1.5086608e-07
0.007650699
-1.4067536e-07
0.0076504565
-1.3199332e-07
0.0076502372
-1.2464677e-07
0.007650022
-1.1645033e-07
-1.1717957e-07
0.0093140727
0.0082963401
0.0073480838
0.0065167791
0.0058112103
0.0052369127
0.0047862485
0.004441012
0.0041802971
0.0039843511
0.0038366531
0.003724003
0.0036363473
0.0035663586
0.0035088729
0.0034603388
0.0034183544
0.0033813121
0.0033481383
0.003318109
0.0032907248
0.0032656285
0.0032425523
0.0032212857
0.0032016553
0.0031835132
0.0031667299
0.0031511901
0.0031367902
0.0031234367
0.0031110448
0.0030995376
0.0030888454
0.0030789047
0.0030696577
0.0030610519
0.0030530394
0.0030455763
0.0030386225
0.0030321412
0.0030260986
0.0030204637
0.0030152078
0.0030103045
0.0030057293
0.0030014598
0.0029974749
0.0029937552
0.0029902828
0.0029870409
0.0029840141
0.0029811877
0.0029785485
0.0029760839
0.0029737823
0.0029716327
0.0029696252
0.0029677501
0.0029659988
0.0029643631
0.0029628352
0.0029614081
0.0029600751
0.00295883
0.0029576669
0.0029565805
0.0029555657
0.0029546178
0.0029537323
0.0029529051
0.0029521324
0.0029514107
0.0029507365
0.0029501067
0.0029495184
0.0029489688
0.0029484555
0.002947976
0.002947528
0.0029471095
0.0029467186
0.0029463535
0.0029460124
0.0029456939
0.0029453962
0.0029451182
0.0029448585
0.0029446159
0.0029443892
0.0029441777
0.0029439798
0.0029437952
0.0029436225
0.0029434615
0.0029433106
0.00294317
0.002943038
0.0029429133
0.0029427969
)
;

boundaryField
{
    top
    {
        type            calculated;
        value           uniform 0;
    }
    bottom
    {
        type            calculated;
        value           uniform 0;
    }
    inlet
    {
        type            calculated;
        value           nonuniform List<scalar> 10(-0.01 -0.01 -0.01 -0.01 -0.01 -0.01 -0.01 -0.01 -0.01 -0.01);
    }
    outlet
    {
        type            calculated;
        value           nonuniform List<scalar> 10(0.0029426797 0.007649837 0.011178082 0.013527873 0.014701528 0.014701528 0.013527873 0.011178082 0.007649837 0.0029426797);
    }
    front
    {
        type            empty;
    }
    back
    {
        type            empty;
    }
}


// ************************************************************************* //
