/*--------------------------------*- C++ -*----------------------------------*\
  =========                 |
  \\      /  F ield         | OpenFOAM: The Open Source CFD Toolbox
   \\    /   O peration     | Website:  https://openfoam.org
    \\  /    A nd           | Version:  13
     \\/     M anipulation  |
\*---------------------------------------------------------------------------*/
FoamFile
{
    format      ascii;
    class       volVectorField;
    location    "20";
    object      U;
}
// * * * * * * * * * * * * * * * * * * * * * * * * * * * * * * * * * * * * * //

dimensions      [0 1 -1 0 0 0 0];

internalField   nonuniform List<vector> 
1000
(
(0.92074242 0.03382768 0)
(0.8635379 0.056684191 0)
(0.78799127 0.052753994 0)
(0.69766161 0.041237061 0)
(0.61471542 0.03020314 0)
(0.54875554 0.020988077 0)
(0.49827309 0.013660659 0)
(0.45949312 0.0082997554 0)
(0.42978721 0.004735884 0)
(0.4072852 0.002532184 0)
(0.39034402 0.0012497964 0)
(0.37751559 0.0005618032 0)
(0.36764107 0.00024261441 0)
(0.35985945 0.0001366372 0)
(0.35355677 0.00013976102 0)
(0.34830594 0.00018761025 0)
(0.34381545 0.00024452975 0)
(0.33988918 0.0002935124 0)
(0.33639623 0.00032844055 0)
(0.33324896 0.00034888365 0)
(0.33038779 0.00035693705 0)
(0.32777097 0.00035546655 0)
(0.32536797 0.0003472408 0)
(0.32315538 0.00033457889 0)
(0.32111429 0.00031926785 0)
(0.31922887 0.00030260427 0)
(0.31748536 0.0002854819 0)
(0.31587163 0.00026848674 0)
(0.31437679 0.00025198204 0)
(0.31299103 0.00023617689 0)
(0.31170546 0.00022117787 0)
(0.31051204 0.00020702584 0)
(0.30940345 0.00019372125 0)
(0.30837305 0.00018124095 0)
(0.3074148 0.00016954899 0)
(0.30652319 0.00015860339 0)
(0.30569321 0.00014836019 0)
(0.30492028 0.0001387758 0)
(0.30420021 0.00012980821 0)
(0.30352916 0.00012141764 0)
(0.30290362 0.00011356669 0)
(0.30232035 0.00010622042 0)
(0.30177636 9.9346206e-05 0)
(0.30126891 9.2913619e-05 0)
(0.30079546 8.6894273e-05 0)
(0.30035366 8.1261674e-05 0)
(0.29994133 7.5991091e-05 0)
(0.29955648 7.1059417e-05 0)
(0.29919722 6.6445028e-05 0)
(0.29886182 6.2127668e-05 0)
(0.29854868 5.8088388e-05 0)
(0.2982563 5.4309498e-05 0)
(0.29798328 5.077444e-05 0)
(0.29772833 4.7467621e-05 0)
(0.29749024 4.4374367e-05 0)
(0.29726788 4.1481042e-05 0)
(0.29706022 3.8775056e-05 0)
(0.29686627 3.6244521e-05 0)
(0.29668512 3.387796e-05 0)
(0.29651592 3.1664518e-05 0)
(0.29635788 2.9594543e-05 0)
(0.29621027 2.7659451e-05 0)
(0.29607239 2.5850789e-05 0)
(0.2959436 2.4159564e-05 0)
(0.2958233 2.2577325e-05 0)
(0.29571093 2.1097592e-05 0)
(0.29560597 1.9715508e-05 0)
(0.29550792 1.8425073e-05 0)
(0.29541633 1.7218443e-05 0)
(0.29533077 1.6088113e-05 0)
(0.29525085 1.5030474e-05 0)
(0.2951762 1.4043944e-05 0)
(0.29510647 1.3125202e-05 0)
(0.29504133 1.2266025e-05 0)
(0.29498047 1.1459353e-05 0)
(0.29492363 1.0702556e-05 0)
(0.29487054 9.9985549e-06 0)
(0.29482094 9.344865e-06 0)
(0.29477461 8.7353988e-06 0)
(0.29473132 8.1597709e-06 0)
(0.29469089 7.6193419e-06 0)
(0.29465313 7.1146344e-06 0)
(0.29461785 6.6515513e-06 0)
(0.2945849 6.2170448e-06 0)
(0.29455411 5.8110076e-06 0)
(0.29452535 5.4210464e-06 0)
(0.29449848 5.065353e-06 0)
(0.29447341 4.7285993e-06 0)
(0.29444995 4.4282005e-06 0)
(0.29442808 4.1300439e-06 0)
(0.2944076 3.8650364e-06 0)
(0.29438851 3.5979823e-06 0)
(0.29437066 3.3722014e-06 0)
(0.29435397 3.1461886e-06 0)
(0.29433846 2.9421835e-06 0)
(0.29432374 2.7757999e-06 0)
(0.29431046 2.5496191e-06 0)
(0.29429688 2.590241e-06 0)
(0.29428637 2.0667165e-06 0)
(0.29426901 2.9326333e-06 0)
(1.0019381 0.052732953 0)
(1.0365395 0.10225274 0)
(1.0602516 0.11315449 0)
(1.0635369 0.1090466 0)
(1.0522935 0.099516705 0)
(1.0346516 0.087114674 0)
(1.0147897 0.073373125 0)
(0.99415463 0.059906706 0)
(0.97358849 0.047880415 0)
(0.95388174 0.037787615 0)
(0.93564763 0.029665823 0)
(0.91918057 0.02332968 0)
(0.90451503 0.018503101 0)
(0.89154102 0.014887717 0)
(0.88008798 0.012203272 0)
(0.86996961 0.010210173 0)
(0.86100573 0.0087174146 0)
(0.85303279 0.007580526 0)
(0.84590822 0.0066945205 0)
(0.83951094 0.0059853885 0)
(0.83373979 0.0054021118 0)
(0.82851093 0.0049100422 0)
(0.82375499 0.0044858263 0)
(0.81941448 0.0041137186 0)
(0.81544148 0.0037830016 0)
(0.81179572 0.003486233 0)
(0.80844305 0.0032180836 0)
(0.80535423 0.0029745881 0)
(0.80250401 0.0027526714 0)
(0.79987035 0.0025498557 0)
(0.79743393 0.0023640801 0)
(0.79517763 0.0021935892 0)
(0.79308626 0.0020368633 0)
(0.79114619 0.0018925721 0)
(0.7893452 0.0017595431 0)
(0.78767226 0.001636738 0)
(0.7861174 0.0015232346 0)
(0.78467155 0.001418212 0)
(0.78332647 0.0013209374 0)
(0.78207463 0.0012307555 0)
(0.78090915 0.0011470785 0)
(0.77982372 0.0010693783 0)
(0.77881255 0.00099717862 0)
(0.77787031 0.00093004923 0)
(0.7769921 0.00086760009 0)
(0.77617339 0.00080947678 0)
(0.77541002 0.00075535645 0)
(0.77469811 0.0007049443 0)
(0.7740341 0.0006579705 0)
(0.77341468 0.00061418755 0)
(0.77283678 0.00057336792 0)
(0.77229757 0.00053530218 0)
(0.77179439 0.00049979736 0)
(0.7713248 0.0004666753 0)
(0.77088652 0.00043577113 0)
(0.77047743 0.00040693206 0)
(0.77009556 0.00038001674 0)
(0.76973908 0.00035489439 0)
(0.76940629 0.00033144354 0)
(0.76909558 0.00030955072 0)
(0.76880549 0.00028911039 0)
(0.76853464 0.00027002518 0)
(0.76828173 0.00025220524 0)
(0.76804558 0.0002355659 0)
(0.76782506 0.00022002691 0)
(0.76761914 0.00020551375 0)
(0.76742684 0.00019195985 0)
(0.76724725 0.00017930366 0)
(0.76707954 0.00016748524 0)
(0.76692292 0.00015644476 0)
(0.76677665 0.00014612932 0)
(0.76664004 0.00013649406 0)
(0.76651245 0.00012750021 0)
(0.76639329 0.00011910276 0)
(0.766282 0.00011125628 0)
(0.76617805 0.00010391826 0)
(0.76608097 9.7064621e-05 0)
(0.7659903 9.0668813e-05 0)
(0.7659056 8.4705058e-05 0)
(0.7658265 7.9126533e-05 0)
(0.7657526 7.39097e-05 0)
(0.76568361 6.9025816e-05 0)
(0.76561913 6.4482336e-05 0)
(0.76555895 6.0236672e-05 0)
(0.76550268 5.6284891e-05 0)
(0.76545019 5.2560116e-05 0)
(0.76540108 4.9102218e-05 0)
(0.76535532 4.584289e-05 0)
(0.76531244 4.2856493e-05 0)
(0.76527253 4.0006207e-05 0)
(0.7652351 3.7413714e-05 0)
(0.76520029 3.4885383e-05 0)
(0.76516768 3.2655308e-05 0)
(0.76513716 3.0420173e-05 0)
(0.76510903 2.8535782e-05 0)
(0.76508175 2.6530325e-05 0)
(0.76505849 2.4977789e-05 0)
(0.76503225 2.31816e-05 0)
(0.76501646 2.2115305e-05 0)
(0.76498456 2.0697015e-05 0)
(1.0002467 0.026719375 0)
(1.0283936 0.06255548 0)
(1.0646999 0.077616155 0)
(1.0979952 0.080476474 0)
(1.1240764 0.078058279 0)
(1.1435812 0.07291683 0)
(1.1579044 0.065986855 0)
(1.1678877 0.0582047 0)
(1.1741544 0.050495786 0)
(1.1774192 0.043467201 0)
(1.1784517 0.037361306 0)
(1.1779313 0.032190659 0)
(1.1763807 0.027868333 0)
(1.1741779 0.024277407 0)
(1.1715897 0.021298543 0)
(1.1688025 0.018820816 0)
(1.1659442 0.01674707 0)
(1.1630997 0.014996288 0)
(1.1603237 0.013503444 0)
(1.1576498 0.012217608 0)
(1.155097 0.011099376 0)
(1.1526749 0.010118339 0)
(1.1503869 0.009250961 0)
(1.1482324 0.0084788998 0)
(1.1462083 0.0077877246 0)
(1.1443101 0.0071659428 0)
(1.1425324 0.0066042738 0)
(1.1408692 0.0060951138 0)
(1.1393144 0.0056321455 0)
(1.1378619 0.0052100553 0)
(1.1365056 0.0048243261 0)
(1.1352396 0.0044710833 0)
(1.1340583 0.0041469784 0)
(1.1329564 0.0038490989 0)
(1.1319285 0.003574898 0)
(1.13097 0.0033221375 0)
(1.1300761 0.0030888423 0)
(1.1292426 0.002873263 0)
(1.1284655 0.0026738438 0)
(1.1277408 0.0024891968 0)
(1.1270651 0.00231808 0)
(1.1264351 0.0021593777 0)
(1.1258476 0.0020120855 0)
(1.1252997 0.0018752961 0)
(1.1247887 0.0017481876 0)
(1.1243122 0.0016300142 0)
(1.1238677 0.0015200968 0)
(1.1234532 0.0014178158 0)
(1.1230665 0.0013226051 0)
(1.1227057 0.001233946 0)
(1.1223692 0.0011513629 0)
(1.1220552 0.0010744182 0)
(1.1217622 0.0010027092 0)
(1.1214889 0.00093586477 0)
(1.1212338 0.00087354311 0)
(1.1209957 0.00081542811 0)
(1.1207736 0.00076122662 0)
(1.1205662 0.00071066669 0)
(1.1203727 0.00066349756 0)
(1.1201921 0.00061948836 0)
(1.1200235 0.00057842437 0)
(1.1198661 0.00054010299 0)
(1.1197192 0.00050433477 0)
(1.1195821 0.00047094687 0)
(1.119454 0.0004397835 0)
(1.1193345 0.00041069797 0)
(1.1192229 0.00038354685 0)
(1.1191187 0.00035819218 0)
(1.1190214 0.00033451352 0)
(1.1189306 0.00031240714 0)
(1.1188458 0.00029177665 0)
(1.1187666 0.00027251675 0)
(1.1186926 0.0002545247 0)
(1.1186235 0.00023771033 0)
(1.118559 0.000222011 0)
(1.1184988 0.00020736119 0)
(1.1184426 0.00019369241 0)
(1.1183901 0.00018091465 0)
(1.118341 0.00016897213 0)
(1.1182952 0.00015780816 0)
(1.1182525 0.00014740605 0)
(1.1182125 0.00013768801 0)
(1.1181752 0.00012862604 0)
(1.1181404 0.00012012152 0)
(1.1181078 0.00011220941 0)
(1.1180775 0.00010478124 0)
(1.118049 9.7918336e-05 0)
(1.1180226 9.1418377e-05 0)
(1.1179976 8.5456563e-05 0)
(1.1179747 7.9722751e-05 0)
(1.1179529 7.4591205e-05 0)
(1.117933 6.9506866e-05 0)
(1.1179139 6.5163499e-05 0)
(1.1178965 6.0550773e-05 0)
(1.11788 5.6995366e-05 0)
(1.1178644 5.265167e-05 0)
(1.1178509 4.9993724e-05 0)
(1.1178356 4.5647246e-05 0)
(1.117827 4.4086935e-05 0)
(1.1178088 3.9599556e-05 0)
(1.0000321 0.01172771 0)
(1.0173964 0.030563016 0)
(1.0455868 0.040990665 0)
(1.0788323 0.044657243 0)
(1.1117703 0.044906518 0)
(1.1419849 0.043513626 0)
(1.1689322 0.040998751 0)
(1.1925678 0.037704081 0)
(1.2129268 0.03408959 0)
(1.2301852 0.030558837 0)
(1.2446903 0.027331285 0)
(1.256878 0.024473251 0)
(1.2671747 0.021977088 0)
(1.2759451 0.019810764 0)
(1.283481 0.017935176 0)
(1.290012 0.016308896 0)
(1.2957188 0.01489143 0)
(1.3007436 0.013646371 0)
(1.3051988 0.01254321 0)
(1.3091728 0.011557532 0)
(1.3127361 0.010670221 0)
(1.3159451 0.0098663841 0)
(1.3188459 0.0091343732 0)
(1.3214765 0.008464993 0)
(1.3238688 0.0078508904 0)
(1.3260498 0.0072860862 0)
(1.3280427 0.0067656221 0)
(1.3298674 0.0062853023 0)
(1.3315412 0.0058415096 0)
(1.3330791 0.0054310762 0)
(1.3344943 0.005051193 0)
(1.3357985 0.0046993461 0)
(1.3370019 0.0043732695 0)
(1.3381138 0.0040709108 0)
(1.339142 0.003790404 0)
(1.340094 0.0035300482 0)
(1.340976 0.00328829 0)
(1.341794 0.0030637088 0)
(1.3425532 0.0028550034 0)
(1.3432582 0.0026609813 0)
(1.3439133 0.002480548 0)
(1.3445224 0.0023126983 0)
(1.345089 0.002156508 0)
(1.3456163 0.0020111267 0)
(1.3461071 0.0018757714 0)
(1.3465643 0.0017497204 0)
(1.3469902 0.0016323078 0)
(1.347387 0.0015229188 0)
(1.347757 0.0014209853 0)
(1.3481019 0.0013259824 0)
(1.3484235 0.0012374244 0)
(1.3487234 0.0011548615 0)
(1.3490033 0.0010778764 0)
(1.3492643 0.0010060825 0)
(1.3495079 0.00093912256 0)
(1.3497353 0.00087666506 0)
(1.3499474 0.00081840062 0)
(1.3501454 0.00076404008 0)
(1.3503303 0.0007133167 0)
(1.3505029 0.0006659867 0)
(1.350664 0.0006218236 0)
(1.3508144 0.00058060987 0)
(1.3509548 0.00054213805 0)
(1.351086 0.00050622141 0)
(1.3512084 0.00047269892 0)
(1.3513228 0.00044141984 0)
(1.3514296 0.00041222661 0)
(1.3515293 0.00038495879 0)
(1.3516224 0.00035948299 0)
(1.3517094 0.0003357007 0)
(1.3517907 0.00031352338 0)
(1.3518665 0.00029283149 0)
(1.3519374 0.00027349116 0)
(1.3520036 0.00025539552 0)
(1.3520654 0.000238499 0)
(1.3521232 0.00022275719 0)
(1.3521771 0.00020809171 0)
(1.3522274 0.00019436927 0)
(1.3522744 0.00018151315 0)
(1.3523184 0.00016948477 0)
(1.3523595 0.00015830921 0)
(1.3523979 0.00014789553 0)
(1.3524336 0.00013818186 0)
(1.3524671 0.00012902155 0)
(1.3524982 0.00012049436 0)
(1.3525276 0.00011249836 0)
(1.3525546 0.00010516634 0)
(1.3525805 9.8187448e-05 0)
(1.3526037 9.1801543e-05 0)
(1.3526266 8.5576726e-05 0)
(1.3526465 8.0108914e-05 0)
(1.352667 7.4590494e-05 0)
(1.3526837 7.004171e-05 0)
(1.3527024 6.4954921e-05 0)
(1.3527159 6.1286681e-05 0)
(1.3527337 5.6404648e-05 0)
(1.3527436 5.3789369e-05 0)
(1.3527616 4.882447e-05 0)
(1.3527672 4.7368816e-05 0)
(1.3527872 4.2004201e-05 0)
(1.0001568 0.0034383906 0)
(1.0134518 0.0092557598 0)
(1.036628 0.012853241 0)
(1.0666034 0.014335343 0)
(1.0987809 0.014626052 0)
(1.1300715 0.014363697 0)
(1.1593037 0.013741451 0)
(1.1861976 0.012840159 0)
(1.2106431 0.011790373 0)
(1.2325915 0.010728734 0)
(1.2521417 0.0097376724 0)
(1.2695378 0.0088459648 0)
(1.2850832 0.0080555412 0)
(1.2990634 0.0073596116 0)
(1.3117148 0.006748688 0)
(1.3232262 0.0062117872 0)
(1.3337497 0.0057373915 0)
(1.3434089 0.0053147116 0)
(1.3523048 0.0049345706 0)
(1.3605198 0.0045896477 0)
(1.3681215 0.0042742901 0)
(1.3751666 0.0039841792 0)
(1.3817032 0.003716012 0)
(1.3877733 0.0034672424 0)
(1.3934137 0.0032358808 0)
(1.3986577 0.0030203392 0)
(1.4035351 0.0028193156 0)
(1.408073 0.0026317095 0)
(1.4122964 0.0024565638 0)
(1.416228 0.0022930257 0)
(1.4198888 0.002140321 0)
(1.4232982 0.0019977377 0)
(1.4264741 0.0018646153 0)
(1.429433 0.0017403372 0)
(1.4321902 0.0016243267 0)
(1.4347599 0.0015160429 0)
(1.4371552 0.0014149788 0)
(1.4393882 0.0013206586 0)
(1.4414702 0.0012326369 0)
(1.4434117 0.001150496 0)
(1.4452223 0.0010738452 0)
(1.4469111 0.0010023186 0)
(1.4484863 0.00093557429 0)
(1.4499558 0.00087329256 0)
(1.4513269 0.00081517481 0)
(1.4526061 0.00076094217 0)
(1.4537997 0.00071033419 0)
(1.4549136 0.00066310772 0)
(1.4559531 0.00061903585 0)
(1.4569232 0.00057790698 0)
(1.4578287 0.00053952375 0)
(1.4586739 0.0005037018 0)
(1.4594628 0.00047026898 0)
(1.4601993 0.00043906501 0)
(1.4608868 0.00040994105 0)
(1.4615286 0.00038275811 0)
(1.4621278 0.00035738527 0)
(1.4626872 0.00033369987 0)
(1.4632096 0.00031158924 0)
(1.4636973 0.00029095069 0)
(1.4641526 0.00027168748 0)
(1.4645778 0.00025370437 0)
(1.4649749 0.0002369108 0)
(1.4653456 0.00022122817 0)
(1.4656918 0.00020659091 0)
(1.4660151 0.00019293435 0)
(1.466317 0.00018018508 0)
(1.466599 0.00016826898 0)
(1.4668623 0.00015713146 0)
(1.4671082 0.00014673898 0)
(1.4673379 0.00013705581 0)
(1.4675523 0.00012802003 0)
(1.4677526 0.00011956276 0)
(1.4679397 0.00011164059 0)
(1.4681144 0.00010425027 0)
(1.4682776 9.7380107e-05 0)
(1.46843 9.0983746e-05 0)
(1.4685724 8.498332e-05 0)
(1.4687053 7.9346298e-05 0)
(1.4688295 7.407605e-05 0)
(1.4689454 6.9200693e-05 0)
(1.4690538 6.4666866e-05 0)
(1.4691549 6.0426161e-05 0)
(1.4692496 5.640323e-05 0)
(1.4693376 5.2660907e-05 0)
(1.4694204 4.9165853e-05 0)
(1.4694969 4.5983875e-05 0)
(1.4695695 4.2936394e-05 0)
(1.4696358 4.0142453e-05 0)
(1.4696997 3.7393902e-05 0)
(1.4697568 3.5015963e-05 0)
(1.4698136 3.2597174e-05 0)
(1.469862 3.0642059e-05 0)
(1.4699135 2.8385683e-05 0)
(1.4699531 2.6806198e-05 0)
(1.4700015 2.4628067e-05 0)
(1.4700313 2.3531012e-05 0)
(1.4700801 2.1317533e-05 0)
(1.4700974 2.071464e-05 0)
(1.4701522 1.8289151e-05 0)
(1.0001568 -0.0034383906 0)
(1.0134518 -0.0092557598 0)
(1.036628 -0.012853241 0)
(1.0666034 -0.014335343 0)
(1.0987809 -0.014626052 0)
(1.1300715 -0.014363697 0)
(1.1593037 -0.013741451 0)
(1.1861976 -0.012840159 0)
(1.2106431 -0.011790373 0)
(1.2325915 -0.010728734 0)
(1.2521417 -0.0097376724 0)
(1.2695378 -0.0088459648 0)
(1.2850832 -0.0080555412 0)
(1.2990634 -0.0073596116 0)
(1.3117148 -0.006748688 0)
(1.3232262 -0.0062117872 0)
(1.3337497 -0.0057373915 0)
(1.3434089 -0.0053147116 0)
(1.3523048 -0.0049345706 0)
(1.3605198 -0.0045896477 0)
(1.3681215 -0.0042742901 0)
(1.3751666 -0.0039841793 0)
(1.3817032 -0.003716012 0)
(1.3877733 -0.0034672425 0)
(1.3934137 -0.0032358808 0)
(1.3986577 -0.0030203392 0)
(1.4035351 -0.0028193156 0)
(1.408073 -0.0026317095 0)
(1.4122964 -0.0024565638 0)
(1.416228 -0.0022930257 0)
(1.4198888 -0.002140321 0)
(1.4232982 -0.0019977378 0)
(1.4264741 -0.0018646153 0)
(1.429433 -0.0017403373 0)
(1.4321902 -0.0016243267 0)
(1.4347599 -0.0015160429 0)
(1.4371552 -0.0014149788 0)
(1.4393882 -0.0013206587 0)
(1.4414702 -0.001232637 0)
(1.4434117 -0.0011504961 0)
(1.4452223 -0.0010738452 0)
(1.4469111 -0.0010023186 0)
(1.4484863 -0.00093557427 0)
(1.4499558 -0.00087329257 0)
(1.4513269 -0.00081517483 0)
(1.4526061 -0.00076094214 0)
(1.4537997 -0.00071033414 0)
(1.4549136 -0.00066310769 0)
(1.4559531 -0.00061903585 0)
(1.4569232 -0.00057790694 0)
(1.4578287 -0.00053952362 0)
(1.4586739 -0.00050370174 0)
(1.4594628 -0.00047026921 0)
(1.4601993 -0.00043906535 0)
(1.4608868 -0.0004099409 0)
(1.4615286 -0.00038275733 0)
(1.4621278 -0.00035738491 0)
(1.4626872 -0.00033370099 0)
(1.4632096 -0.00031159102 0)
(1.4636973 -0.00029095055 0)
(1.4641526 -0.00027168451 0)
(1.4645778 -0.00025370207 0)
(1.4649749 -0.0002369134 0)
(1.4653456 -0.00022123404 0)
(1.4656918 -0.00020659227 0)
(1.4660151 -0.00019292709 0)
(1.466317 -0.0001801769 0)
(1.466599 -0.00016827171 0)
(1.4668623 -0.00015714469 0)
(1.4671082 -0.00014674634 0)
(1.4673378 -0.00013704489 0)
(1.4675523 -0.00012800173 0)
(1.4677526 -0.00011956087 0)
(1.4679397 -0.00011166131 0)
(1.4681144 -0.00010426955 0)
(1.4682776 -9.7372259e-05 0)
(1.46843 -9.095616e-05 0)
(1.4685724 -8.4970872e-05 0)
(1.4687053 -7.9367317e-05 0)
(1.4688295 -7.4106113e-05 0)
(1.4689454 -6.9202226e-05 0)
(1.4690538 -6.4636848e-05 0)
(1.4691549 -6.0401486e-05 0)
(1.4692496 -5.6414086e-05 0)
(1.4693376 -5.2692595e-05 0)
(1.4694204 -4.9178526e-05 0)
(1.4694969 -4.5963039e-05 0)
(1.4695695 -4.2909141e-05 0)
(1.4696358 -4.0140814e-05 0)
(1.4696997 -3.7416158e-05 0)
(1.4697568 -3.5032862e-05 0)
(1.4698136 -3.2590066e-05 0)
(1.469862 -3.062308e-05 0)
(1.4699135 -2.8378023e-05 0)
(1.4699531 -2.6815382e-05 0)
(1.4700015 -2.4640514e-05 0)
(1.4700313 -2.353417e-05 0)
(1.4700801 -2.131194e-05 0)
(1.4700974 -2.0710686e-05 0)
(1.4701522 -1.8288902e-05 0)
(1.0000321 -0.01172771 0)
(1.0173964 -0.030563016 0)
(1.0455868 -0.040990665 0)
(1.0788323 -0.044657243 0)
(1.1117703 -0.044906518 0)
(1.1419849 -0.043513626 0)
(1.1689322 -0.040998751 0)
(1.1925678 -0.037704081 0)
(1.2129268 -0.03408959 0)
(1.2301852 -0.030558837 0)
(1.2446903 -0.027331285 0)
(1.256878 -0.024473251 0)
(1.2671747 -0.021977088 0)
(1.2759451 -0.019810764 0)
(1.283481 -0.017935176 0)
(1.290012 -0.016308896 0)
(1.2957188 -0.01489143 0)
(1.3007436 -0.013646371 0)
(1.3051988 -0.01254321 0)
(1.3091728 -0.011557532 0)
(1.3127361 -0.010670221 0)
(1.3159451 -0.0098663842 0)
(1.3188459 -0.0091343733 0)
(1.3214765 -0.008464993 0)
(1.3238688 -0.0078508904 0)
(1.3260498 -0.0072860863 0)
(1.3280427 -0.0067656221 0)
(1.3298674 -0.0062853023 0)
(1.3315412 -0.0058415096 0)
(1.3330791 -0.0054310762 0)
(1.3344943 -0.0050511931 0)
(1.3357985 -0.0046993462 0)
(1.3370019 -0.0043732696 0)
(1.3381138 -0.0040709108 0)
(1.339142 -0.003790404 0)
(1.340094 -0.0035300482 0)
(1.340976 -0.0032882901 0)
(1.341794 -0.0030637088 0)
(1.3425532 -0.0028550034 0)
(1.3432582 -0.0026609813 0)
(1.3439133 -0.002480548 0)
(1.3445224 -0.0023126983 0)
(1.345089 -0.002156508 0)
(1.3456163 -0.0020111267 0)
(1.3461071 -0.0018757714 0)
(1.3465643 -0.0017497204 0)
(1.3469902 -0.0016323078 0)
(1.347387 -0.0015229187 0)
(1.347757 -0.0014209853 0)
(1.3481019 -0.0013259824 0)
(1.3484235 -0.0012374244 0)
(1.3487234 -0.0011548616 0)
(1.3490033 -0.0010778764 0)
(1.3492643 -0.0010060824 0)
(1.3495079 -0.00093912243 0)
(1.3497353 -0.00087666515 0)
(1.3499474 -0.00081840097 0)
(1.3501454 -0.00076404031 0)
(1.3503303 -0.0007133164 0)
(1.3505029 -0.00066598615 0)
(1.350664 -0.00062182371 0)
(1.3508144 -0.00058061083 0)
(1.3509548 -0.00054213877 0)
(1.351086 -0.00050622067 0)
(1.3512084 -0.00047269734 0)
(1.3513228 -0.00044141958 0)
(1.3514296 -0.00041222842 0)
(1.3515293 -0.00038496056 0)
(1.3516224 -0.0003594819 0)
(1.3517094 -0.00033569762 0)
(1.3517907 -0.00031352228 0)
(1.3518665 -0.0002928343 0)
(1.3519374 -0.00027349481 0)
(1.3520036 -0.00025539508 0)
(1.3520654 -0.00023849473 0)
(1.3521231 -0.00022275466 0)
(1.352177 -0.00020809484 0)
(1.3522274 -0.00019437461 0)
(1.3522745 -0.00018151387 0)
(1.3523184 -0.00016947981 0)
(1.3523594 -0.00015830457 0)
(1.3523979 -0.00014789701 0)
(1.3524336 -0.00013818727 0)
(1.3524671 -0.00012902365 0)
(1.3524982 -0.00012049042 0)
(1.3525276 -0.00011249338 0)
(1.3525546 -0.0001051663 0)
(1.3525805 -9.8191714e-05 0)
(1.3526037 -9.1804492e-05 0)
(1.3526266 -8.557502e-05 0)
(1.3526465 -8.0105127e-05 0)
(1.352667 -7.4589203e-05 0)
(1.3526837 -7.0043489e-05 0)
(1.3527024 -6.4956855e-05 0)
(1.3527159 -6.128665e-05 0)
(1.3527337 -5.6403657e-05 0)
(1.3527436 -5.3789235e-05 0)
(1.3527615 -4.8825211e-05 0)
(1.3527672 -4.7369767e-05 0)
(1.3527872 -4.2004303e-05 0)
(1.0002467 -0.026719375 0)
(1.0283936 -0.06255548 0)
(1.0646999 -0.077616155 0)
(1.0979952 -0.080476474 0)
(1.1240764 -0.078058279 0)
(1.1435812 -0.07291683 0)
(1.1579044 -0.065986855 0)
(1.1678877 -0.0582047 0)
(1.1741544 -0.050495786 0)
(1.1774192 -0.043467201 0)
(1.1784517 -0.037361306 0)
(1.1779313 -0.032190659 0)
(1.1763807 -0.027868333 0)
(1.1741779 -0.024277407 0)
(1.1715897 -0.021298543 0)
(1.1688025 -0.018820816 0)
(1.1659442 -0.01674707 0)
(1.1630997 -0.014996288 0)
(1.1603237 -0.013503444 0)
(1.1576498 -0.012217608 0)
(1.155097 -0.011099376 0)
(1.1526749 -0.010118339 0)
(1.1503869 -0.009250961 0)
(1.1482324 -0.0084788999 0)
(1.1462083 -0.0077877246 0)
(1.1443101 -0.0071659428 0)
(1.1425324 -0.0066042739 0)
(1.1408692 -0.0060951139 0)
(1.1393144 -0.0056321456 0)
(1.1378619 -0.0052100554 0)
(1.1365056 -0.0048243261 0)
(1.1352396 -0.0044710833 0)
(1.1340583 -0.0041469784 0)
(1.1329564 -0.003849099 0)
(1.1319285 -0.003574898 0)
(1.13097 -0.0033221375 0)
(1.1300761 -0.0030888424 0)
(1.1292426 -0.002873263 0)
(1.1284655 -0.0026738437 0)
(1.1277408 -0.0024891968 0)
(1.1270651 -0.00231808 0)
(1.1264351 -0.0021593778 0)
(1.1258476 -0.0020120855 0)
(1.1252997 -0.001875296 0)
(1.1247887 -0.0017481876 0)
(1.1243122 -0.0016300142 0)
(1.1238677 -0.0015200968 0)
(1.1234532 -0.0014178158 0)
(1.1230665 -0.001322605 0)
(1.1227057 -0.001233946 0)
(1.1223692 -0.001151363 0)
(1.1220552 -0.0010744183 0)
(1.1217622 -0.001002709 0)
(1.1214889 -0.00093586444 0)
(1.1212338 -0.00087354318 0)
(1.1209957 -0.00081542887 0)
(1.1207736 -0.00076122721 0)
(1.1205662 -0.00071066589 0)
(1.1203727 -0.00066349589 0)
(1.1201921 -0.00061948833 0)
(1.1200235 -0.00057842716 0)
(1.1198661 -0.00054010549 0)
(1.1197192 -0.00050433262 0)
(1.1195821 -0.00047094127 0)
(1.119454 -0.00043978197 0)
(1.1193345 -0.00041070475 0)
(1.1192229 -0.00038355468 0)
(1.1191187 -0.0003581894 0)
(1.1190214 -0.00033450064 0)
(1.1189306 -0.00031240018 0)
(1.1188458 -0.00029178747 0)
(1.1187666 -0.00027253435 0)
(1.1186926 -0.00025452571 0)
(1.1186235 -0.00023768993 0)
(1.1185591 -0.00022199354 0)
(1.1184989 -0.00020737095 0)
(1.1184426 -0.00019372002 0)
(1.1183901 -0.00018092544 0)
(1.118341 -0.00016895035 0)
(1.1182952 -0.00015777984 0)
(1.1182525 -0.00014740724 0)
(1.1182125 -0.00013771793 0)
(1.1181752 -0.00012864707 0)
(1.1181404 -0.0001201074 0)
(1.1181078 -0.00011217851 0)
(1.1180775 -0.000104772 0)
(1.118049 -9.7940255e-05 0)
(1.1180226 -9.1442392e-05 0)
(1.1179976 -8.5454209e-05 0)
(1.1179747 -7.9700479e-05 0)
(1.1179529 -7.45779e-05 0)
(1.117933 -6.9516038e-05 0)
(1.1179139 -6.5180094e-05 0)
(1.1178965 -6.0554735e-05 0)
(1.11788 -5.6985734e-05 0)
(1.1178644 -5.2642647e-05 0)
(1.1178509 -4.9994438e-05 0)
(1.1178356 -4.5652994e-05 0)
(1.117827 -4.4089747e-05 0)
(1.1178088 -3.9599255e-05 0)
(1.0019381 -0.052732953 0)
(1.0365395 -0.10225274 0)
(1.0602516 -0.11315449 0)
(1.0635369 -0.1090466 0)
(1.0522935 -0.099516705 0)
(1.0346516 -0.087114674 0)
(1.0147897 -0.073373125 0)
(0.99415463 -0.059906706 0)
(0.97358849 -0.047880415 0)
(0.95388174 -0.037787615 0)
(0.93564763 -0.029665823 0)
(0.91918057 -0.02332968 0)
(0.90451503 -0.018503101 0)
(0.89154102 -0.014887717 0)
(0.88008798 -0.012203272 0)
(0.86996961 -0.010210173 0)
(0.86100573 -0.0087174146 0)
(0.85303279 -0.0075805261 0)
(0.84590822 -0.0066945206 0)
(0.83951094 -0.0059853885 0)
(0.8337398 -0.0054021118 0)
(0.82851093 -0.0049100422 0)
(0.82375499 -0.0044858263 0)
(0.81941448 -0.0041137186 0)
(0.81544148 -0.0037830017 0)
(0.81179572 -0.003486233 0)
(0.80844305 -0.0032180836 0)
(0.80535423 -0.0029745881 0)
(0.80250401 -0.0027526715 0)
(0.79987035 -0.0025498558 0)
(0.79743393 -0.0023640801 0)
(0.79517763 -0.0021935892 0)
(0.79308626 -0.0020368633 0)
(0.79114619 -0.0018925722 0)
(0.7893452 -0.0017595431 0)
(0.78767226 -0.001636738 0)
(0.7861174 -0.0015232347 0)
(0.78467155 -0.001418212 0)
(0.78332647 -0.0013209374 0)
(0.78207463 -0.0012307555 0)
(0.78090915 -0.0011470785 0)
(0.77982372 -0.0010693783 0)
(0.77881255 -0.00099717861 0)
(0.77787031 -0.0009300492 0)
(0.7769921 -0.00086760007 0)
(0.77617339 -0.00080947679 0)
(0.77541002 -0.00075535648 0)
(0.77469811 -0.0007049443 0)
(0.7740341 -0.00065797049 0)
(0.77341468 -0.00061418758 0)
(0.77283678 -0.00057336799 0)
(0.77229757 -0.00053530215 0)
(0.77179439 -0.00049979717 0)
(0.7713248 -0.00046667521 0)
(0.77088652 -0.00043577147 0)
(0.77047743 -0.00040693259 0)
(0.77009556 -0.00038001662 0)
(0.76973908 -0.00035489337 0)
(0.76940629 -0.00033144287 0)
(0.76909559 -0.00030955189 0)
(0.76880549 -0.00028911256 0)
(0.76853464 -0.00027002526 0)
(0.76828173 -0.00025220202 0)
(0.76804558 -0.00023556303 0)
(0.76782506 -0.00022002921 0)
(0.76761914 -0.00020551986 0)
(0.76742683 -0.00019196184 0)
(0.76724725 -0.00017929698 0)
(0.76707955 -0.00016747697 0)
(0.76692293 -0.00015644654 0)
(0.76677665 -0.00014614132 0)
(0.76664003 -0.00013650174 0)
(0.76651245 -0.00012749179 0)
(0.76639329 -0.00011908665 0)
(0.766282 -0.00011125309 0)
(0.76617806 -0.00010393422 0)
(0.76608096 -9.7080945e-05 0)
(0.76599029 -9.0664142e-05 0)
(0.7659056 -8.4683788e-05 0)
(0.76582651 -7.9114978e-05 0)
(0.76575261 -7.3922921e-05 0)
(0.76568361 -6.9047623e-05 0)
(0.76561912 -6.4485581e-05 0)
(0.76555895 -6.0217793e-05 0)
(0.76550269 -5.6267755e-05 0)
(0.7654502 -5.2565109e-05 0)
(0.76540108 -4.9121447e-05 0)
(0.76535531 -4.5852309e-05 0)
(0.76531243 -4.284659e-05 0)
(0.76527253 -3.9991413e-05 0)
(0.76523511 -3.7411657e-05 0)
(0.76520029 -3.489572e-05 0)
(0.76516767 -3.2663758e-05 0)
(0.76513716 -3.0418094e-05 0)
(0.76510903 -2.852833e-05 0)
(0.76508175 -2.6526759e-05 0)
(0.76505849 -2.4980031e-05 0)
(0.76503225 -2.3184773e-05 0)
(0.76501646 -2.2116256e-05 0)
(0.76498456 -2.0696821e-05 0)
(0.92074242 -0.03382768 0)
(0.8635379 -0.056684191 0)
(0.78799127 -0.052753994 0)
(0.69766161 -0.041237061 0)
(0.61471542 -0.03020314 0)
(0.54875554 -0.020988077 0)
(0.49827309 -0.013660659 0)
(0.45949312 -0.0082997554 0)
(0.42978721 -0.004735884 0)
(0.4072852 -0.002532184 0)
(0.39034402 -0.0012497964 0)
(0.37751559 -0.0005618032 0)
(0.36764107 -0.00024261441 0)
(0.35985945 -0.0001366372 0)
(0.35355677 -0.00013976103 0)
(0.34830594 -0.00018761026 0)
(0.34381545 -0.00024452976 0)
(0.33988918 -0.00029351241 0)
(0.33639623 -0.00032844057 0)
(0.33324896 -0.00034888367 0)
(0.33038779 -0.00035693706 0)
(0.32777097 -0.00035546657 0)
(0.32536797 -0.00034724082 0)
(0.32315538 -0.00033457891 0)
(0.32111429 -0.00031926787 0)
(0.31922887 -0.00030260428 0)
(0.31748536 -0.00028548192 0)
(0.31587163 -0.00026848676 0)
(0.31437679 -0.00025198205 0)
(0.31299103 -0.00023617691 0)
(0.31170546 -0.00022117788 0)
(0.31051204 -0.00020702585 0)
(0.30940345 -0.00019372126 0)
(0.30837305 -0.00018124097 0)
(0.3074148 -0.00016954901 0)
(0.30652319 -0.0001586034 0)
(0.30569321 -0.00014836019 0)
(0.30492028 -0.0001387758 0)
(0.30420021 -0.00012980822 0)
(0.30352916 -0.00012141765 0)
(0.30290362 -0.0001135667 0)
(0.30232035 -0.00010622043 0)
(0.30177636 -9.9346205e-05 0)
(0.30126891 -9.2913618e-05 0)
(0.30079546 -8.6894278e-05 0)
(0.30035366 -8.1261682e-05 0)
(0.29994133 -7.5991092e-05 0)
(0.29955648 -7.1059413e-05 0)
(0.29919722 -6.6445036e-05 0)
(0.29886182 -6.2127691e-05 0)
(0.29854868 -5.8088395e-05 0)
(0.2982563 -5.4309463e-05 0)
(0.29798328 -5.0774409e-05 0)
(0.29772833 -4.7467676e-05 0)
(0.29749024 -4.4374491e-05 0)
(0.29726788 -4.1481069e-05 0)
(0.29706022 -3.8774878e-05 0)
(0.29686627 -3.6244342e-05 0)
(0.29668512 -3.3878122e-05 0)
(0.29651592 -3.1664963e-05 0)
(0.29635788 -2.9594688e-05 0)
(0.29621027 -2.7658929e-05 0)
(0.29607239 -2.5850162e-05 0)
(0.2959436 -2.4159796e-05 0)
(0.2958233 -2.2578408e-05 0)
(0.29571093 -2.1098181e-05 0)
(0.29560597 -1.9714534e-05 0)
(0.29550792 -1.8423498e-05 0)
(0.29541633 -1.7218397e-05 0)
(0.29533077 -1.609003e-05 0)
(0.29525085 -1.5032057e-05 0)
(0.2951762 -1.4042906e-05 0)
(0.29510647 -1.3122487e-05 0)
(0.29504133 -1.2265057e-05 0)
(0.29498048 -1.1461688e-05 0)
(0.29492363 -1.070548e-05 0)
(0.29487053 -9.9983044e-06 0)
(0.29482094 -9.3415756e-06 0)
(0.2947746 -8.7331679e-06 0)
(0.29473132 -8.1614518e-06 0)
(0.29469089 -7.6228685e-06 0)
(0.29465313 -7.1156336e-06 0)
(0.29461785 -6.6488935e-06 0)
(0.2945849 -6.2141479e-06 0)
(0.29455411 -5.8113189e-06 0)
(0.29452536 -5.4238636e-06 0)
(0.29449848 -5.0671109e-06 0)
(0.29447341 -4.7274756e-06 0)
(0.29444995 -4.4259522e-06 0)
(0.29442808 -4.1293632e-06 0)
(0.2944076 -3.8662992e-06 0)
(0.29438851 -3.5993439e-06 0)
(0.29437066 -3.3722106e-06 0)
(0.29435397 -3.1452438e-06 0)
(0.29433845 -2.9414845e-06 0)
(0.29432374 -2.7758508e-06 0)
(0.29431047 -2.5500435e-06 0)
(0.29429688 -2.590529e-06 0)
(0.29428637 -2.0668387e-06 0)
(0.29426901 -2.9326596e-06 0)
)
;

boundaryField
{
    top
    {
        type            fixedValue;
        value           uniform (0 0 0);
    }
    bottom
    {
        type            fixedValue;
        value           uniform (0 0 0);
    }
    inlet
    {
        type            fixedValue;
        value           uniform (1 0 0);
    }
    outlet
    {
        type            zeroGradient;
    }
    front
    {
        type            empty;
    }
    back
    {
        type            empty;
    }
}


// ************************************************************************* //
