/*--------------------------------*- C++ -*----------------------------------*\
  =========                 |
  \\      /  F ield         | OpenFOAM: The Open Source CFD Toolbox
   \\    /   O peration     | Website:  https://openfoam.org
    \\  /    A nd           | Version:  13
     \\/     M anipulation  |
\*---------------------------------------------------------------------------*/
FoamFile
{
    format      ascii;
    class       volScalarField;
    location    "10";
    object      p;
}
// * * * * * * * * * * * * * * * * * * * * * * * * * * * * * * * * * * * * * //

dimensions      [0 2 -2 0 0 0 0];

internalField   nonuniform List<scalar> 
1000
(
1.6802949
1.5602966
1.464422
1.4005544
1.3519577
1.3093609
1.27153
1.2388194
1.2107113
1.1861228
1.1640358
1.1436885
1.1245503
1.1062647
1.0886002
1.0714122
1.0546125
1.0381475
1.0219835
1.0060975
0.99047189
0.97509178
0.95994337
0.94501341
0.930289
0.91575762
0.90140715
0.88722602
0.87320319
0.85932829
0.84559155
0.8319838
0.81849652
0.80512172
0.79185198
0.77868037
0.76560046
0.75260623
0.7396921
0.72685282
0.71408353
0.70137968
0.688737
0.67615152
0.66361952
0.65113752
0.63870229
0.62631079
0.61396018
0.60164783
0.58937123
0.57712808
0.56491619
0.55273353
0.5405782
0.52844841
0.51634251
0.50425894
0.49219625
0.4801531
0.46812819
0.45612034
0.44412844
0.43215143
0.42018834
0.40823825
0.39630033
0.38437377
0.37245786
0.36055189
0.34865522
0.33676724
0.32488737
0.31301508
0.30114986
0.28929126
0.27743885
0.26559224
0.25375107
0.241915
0.23008372
0.21825692
0.2064343
0.19461558
0.18280051
0.17098885
0.1591804
0.14737497
0.1355724
0.12377255
0.11197524
0.10018031
0.088387586
0.0765969
0.064808084
0.053021024
0.041235613
0.029451728
0.017669471
0.0058884185
1.5585547
1.5038117
1.4426516
1.3908225
1.3478002
1.3095035
1.2745014
1.2430152
1.2150833
1.1901839
1.1675845
1.1466571
1.1269539
1.10817
1.0900961
1.0725874
1.0555438
1.0388964
1.0225968
1.0066097
0.99090783
0.97546924
0.96027496
0.94530812
0.93055334
0.91599637
0.90162394
0.88742365
0.87338393
0.859494
0.84574377
0.83212389
0.81862562
0.80524086
0.79196205
0.77878217
0.76569469
0.75269353
0.73977303
0.72692791
0.71415324
0.70144444
0.68879719
0.67620749
0.66367159
0.65118598
0.6387474
0.62635279
0.61399931
0.60168427
0.5894052
0.57715974
0.56494571
0.55276107
0.54060388
0.52847237
0.51636485
0.50427978
0.49221569
0.48017123
0.46814511
0.45613614
0.44414319
0.4321652
0.4202012
0.40825026
0.39631153
0.38438423
0.37246761
0.36056099
0.34866371
0.33677516
0.32489477
0.313022
0.30115633
0.28929729
0.27744447
0.26559746
0.25375592
0.24191951
0.2300879
0.21826081
0.20643792
0.19461896
0.18280365
0.17099176
0.15918307
0.14737741
0.13557461
0.12377454
0.11197704
0.10018196
0.0883891
0.076598301
0.064809367
0.053022161
0.041236609
0.029452503
0.017670126
0.005888725
1.4970392
1.4706825
1.432527
1.3918267
1.3532846
1.3172869
1.2834703
1.2520192
1.2232189
1.197021
1.1730778
1.1509549
1.1302661
1.1107058
1.0920397
1.0740899
1.0567228
1.0398398
1.0233682
1.0072541
0.99145693
0.97594502
0.96069287
0.94567913
0.93088538
0.91629534
0.90189435
0.88766908
0.87360731
0.85969776
0.84593002
0.83229442
0.81878202
0.80538451
0.79209418
0.77890386
0.7658069
0.75279711
0.73986874
0.72701643
0.71423519
0.70152035
0.68886758
0.67627281
0.66373223
0.65124232
0.63879977
0.62640149
0.6140446
0.60172641
0.58944442
0.57719626
0.56497973
0.55279276
0.54063342
0.52849991
0.51639053
0.50430372
0.49223801
0.48019204
0.46816451
0.45615424
0.44416008
0.43218097
0.42021592
0.40826401
0.39632437
0.3843962
0.37247878
0.3605714
0.34867341
0.33678422
0.32490323
0.31302991
0.30116372
0.28930421
0.27745093
0.26560349
0.25376152
0.24192471
0.23009273
0.2182653
0.20644211
0.19462287
0.18280732
0.17099519
0.15918627
0.14738036
0.13557731
0.12377699
0.11197925
0.10018397
0.088390952
0.076600042
0.064810996
0.053023697
0.041237988
0.02945371
0.017671014
0.0058893761
1.4680232
1.4521775
1.4255244
1.3921643
1.3569244
1.3224142
1.2894254
1.2582499
1.229159
1.2022893
1.1775407
1.1546434
1.1332763
1.1131452
1.0940105
1.0756843
1.0580205
1.0409066
1.024256
1.0080026
0.99209611
0.9764974
0.96117534
0.94610443
0.93126321
0.91663314
0.90219795
0.88794314
0.8738556
0.85992339
0.8461356
0.83248218
0.81895385
0.80554206
0.79223888
0.77903697
0.76592951
0.75291019
0.73997314
0.72711292
0.71432444
0.70160299
0.68894415
0.67634381
0.66379812
0.65130351
0.63885662
0.62645433
0.61409374
0.60177212
0.58948694
0.57723583
0.56501658
0.55282708
0.5406654
0.52852972
0.51641832
0.50432963
0.49226216
0.48021455
0.4681855
0.45617381
0.44417833
0.43219801
0.42023183
0.40827887
0.39633824
0.38440916
0.37249086
0.36058266
0.34868392
0.33679401
0.32491237
0.31303845
0.30117172
0.2893117
0.27745794
0.26561004
0.25376764
0.24193041
0.23009804
0.21827023
0.20644671
0.19462718
0.18281137
0.17099902
0.15918987
0.14738375
0.13558045
0.12377989
0.11198188
0.10018638
0.088393148
0.07660211
0.06481294
0.053025613
0.041239758
0.029455493
0.017672385
0.0058907057
1.4554756
1.4432335
1.4211603
1.3913565
1.3579934
1.3243627
1.2919062
1.2610459
1.2319973
1.2049348
1.1798769
1.1566498
1.1349757
1.1145725
1.0952027
1.0766785
1.0588524
1.0416077
1.0248525
1.0085155
0.99254158
0.97688801
0.96152077
0.94641216
0.93153905
0.91688166
0.90242279
0.88814723
0.87404138
0.8600929
0.84629058
0.83262412
0.81908407
0.80566169
0.79234893
0.77913833
0.76602297
0.75299645
0.74005283
0.7271866
0.71439262
0.70166612
0.68900265
0.67639806
0.66384847
0.65135025
0.63890005
0.6264947
0.61413127
0.60180702
0.58951941
0.57726605
0.5650447
0.55285327
0.5406898
0.52855246
0.51643952
0.50434939
0.49228058
0.48023172
0.4682015
0.45618872
0.44419224
0.43221099
0.42024395
0.40829019
0.39634882
0.38441903
0.37250007
0.36059125
0.34869192
0.33680147
0.32491933
0.31304495
0.3011778
0.2893174
0.27746328
0.26561505
0.25377232
0.24193478
0.2301021
0.21827402
0.20645025
0.1946305
0.1828145
0.17100197
0.15919267
0.14738638
0.13558292
0.12378217
0.11198398
0.1001883
0.088394902
0.076603767
0.064814492
0.05302716
0.041241201
0.029457026
0.017673642
0.0058919938
1.4554756
1.4432335
1.4211603
1.3913565
1.3579934
1.3243627
1.2919062
1.2610459
1.2319973
1.2049348
1.1798769
1.1566498
1.1349757
1.1145726
1.0952027
1.0766785
1.0588524
1.0416077
1.0248525
1.0085155
0.99254157
0.97688801
0.96152078
0.94641217
0.93153906
0.91688166
0.90242279
0.88814723
0.87404137
0.86009289
0.84629057
0.83262411
0.81908406
0.80566169
0.79234894
0.77913834
0.76602298
0.75299646
0.74005284
0.7271866
0.71439262
0.70166611
0.68900264
0.67639805
0.66384846
0.65135026
0.63890005
0.6264947
0.61413127
0.60180702
0.58951941
0.57726605
0.5650447
0.55285328
0.54068981
0.52855246
0.51643952
0.50434939
0.49228058
0.48023171
0.46820149
0.45618872
0.44419224
0.43221099
0.42024396
0.40829019
0.39634882
0.38441903
0.37250007
0.36059124
0.34869191
0.33680147
0.32491933
0.31304495
0.30117781
0.28931741
0.27746329
0.26561505
0.25377231
0.24193476
0.23010209
0.21827401
0.20645025
0.19463052
0.18281452
0.171002
0.15919269
0.14738639
0.1355829
0.12378214
0.11198393
0.10018826
0.08839488
0.076603771
0.06481452
0.053027201
0.04124124
0.029457051
0.017673649
0.0058919896
1.4680232
1.4521775
1.4255244
1.3921643
1.3569244
1.3224142
1.2894254
1.2582499
1.229159
1.2022893
1.1775407
1.1546435
1.1332763
1.1131453
1.0940106
1.0756843
1.0580205
1.0409066
1.0242559
1.0080026
0.9920961
0.9764974
0.96117535
0.94610446
0.93126323
0.91663316
0.90219797
0.88794314
0.87385558
0.85992337
0.84613558
0.83248216
0.81895384
0.80554207
0.7922389
0.77903699
0.76592953
0.7529102
0.73997315
0.72711291
0.71432443
0.70160297
0.68894413
0.6763438
0.66379812
0.65130351
0.63885662
0.62645434
0.61409374
0.60177212
0.58948694
0.57723583
0.56501658
0.55282709
0.54066541
0.52852972
0.51641832
0.50432962
0.49226215
0.48021453
0.46818548
0.4561738
0.44417833
0.43219802
0.42023185
0.40827889
0.39633826
0.38440916
0.37249084
0.36058264
0.34868389
0.33679399
0.32491237
0.31303846
0.30117174
0.28931172
0.27745795
0.26561003
0.25376761
0.24193037
0.230098
0.21827022
0.20644673
0.19462724
0.18281145
0.17099909
0.15918991
0.14738373
0.13558039
0.12377978
0.11198177
0.10018629
0.08839311
0.07660214
0.064813027
0.053025721
0.04123985
0.029455552
0.017672392
0.005890692
1.4970392
1.4706825
1.432527
1.3918267
1.3532846
1.3172869
1.2834703
1.2520192
1.2232189
1.197021
1.1730778
1.1509549
1.1302662
1.1107058
1.0920397
1.0740899
1.0567228
1.0398398
1.0233682
1.0072541
0.99145693
0.97594503
0.96069289
0.94567916
0.93088542
0.91629536
0.90189436
0.88766907
0.87360729
0.85969773
0.84592999
0.8322944
0.81878202
0.80538452
0.7920942
0.77890389
0.76580692
0.75279713
0.73986874
0.72701642
0.71423517
0.70152034
0.68886757
0.6762728
0.66373223
0.65124233
0.63879977
0.62640149
0.6140446
0.60172641
0.58944442
0.57719626
0.56497974
0.55279277
0.54063343
0.52849991
0.51639052
0.5043037
0.49223798
0.48019201
0.4681645
0.45615423
0.44416009
0.43218099
0.42021595
0.40826403
0.39632437
0.38439619
0.37247875
0.36057136
0.34867339
0.33678421
0.32490324
0.31302993
0.30116375
0.28930422
0.27745092
0.26560345
0.25376148
0.24192467
0.23009272
0.21826532
0.20644217
0.19462297
0.18280741
0.17099526
0.15918627
0.1473803
0.13557719
0.12377686
0.11197913
0.10018391
0.088390958
0.076600115
0.064811112
0.053023815
0.041238073
0.029453756
0.017671017
0.0058893658
1.5585547
1.5038117
1.4426516
1.3908225
1.3478002
1.3095034
1.2745014
1.2430152
1.2150833
1.1901839
1.1675845
1.1466571
1.1269539
1.10817
1.0900961
1.0725873
1.0555438
1.0388964
1.0225968
1.0066097
0.99090784
0.97546926
0.96027498
0.94530815
0.93055336
0.91599638
0.90162393
0.88742363
0.87338391
0.85949397
0.84574375
0.83212388
0.81862563
0.80524088
0.79196207
0.77878219
0.7656947
0.75269353
0.73977302
0.7269279
0.71415323
0.70144442
0.68879718
0.67620749
0.66367159
0.65118598
0.6387474
0.62635279
0.61399931
0.60168428
0.5894052
0.57715975
0.56494573
0.55276108
0.54060388
0.52847236
0.51636483
0.50427976
0.49221567
0.48017121
0.46814511
0.45613615
0.44414321
0.43216522
0.42020121
0.40825026
0.39631152
0.3843842
0.37246758
0.36056096
0.3486637
0.33677517
0.3248948
0.31302202
0.30115633
0.28929728
0.27744443
0.26559741
0.25375588
0.24191949
0.23008793
0.21826087
0.20643801
0.19461905
0.18280372
0.17099177
0.15918302
0.14737731
0.13557449
0.12377444
0.11197698
0.10018196
0.088389156
0.076598389
0.064809459
0.053022239
0.041236662
0.02945253
0.017670139
0.0058887285
1.6802949
1.5602966
1.464422
1.4005544
1.3519577
1.3093609
1.27153
1.2388193
1.2107113
1.1861228
1.1640358
1.1436885
1.1245504
1.1062647
1.0886002
1.0714122
1.0546125
1.0381475
1.0219835
1.0060975
0.9904719
0.9750918
0.9599434
0.94501343
0.93028902
0.91575762
0.90140714
0.88722599
0.87320317
0.85932828
0.84559154
0.8319838
0.81849653
0.80512173
0.79185199
0.77868039
0.76560047
0.75260623
0.73969209
0.72685281
0.71408353
0.70137967
0.688737
0.67615152
0.66361951
0.65113752
0.63870229
0.62631079
0.61396018
0.60164783
0.58937124
0.57712809
0.5649162
0.55273354
0.5405782
0.5284484
0.51634249
0.50425892
0.49219624
0.48015309
0.46812819
0.45612036
0.44412846
0.43215144
0.42018834
0.40823824
0.39630031
0.38437375
0.37245784
0.36055188
0.34865522
0.33676725
0.32488739
0.31301509
0.30114985
0.28929123
0.2774388
0.26559219
0.25375104
0.24191501
0.23008377
0.218257
0.20643439
0.19461566
0.18280055
0.17098884
0.15918033
0.14737488
0.13557231
0.12377249
0.11197522
0.10018034
0.088387643
0.076596968
0.064808147
0.053021073
0.041235652
0.029451759
0.017669493
0.0058884279
)
;

boundaryField
{
    top
    {
        type            zeroGradient;
    }
    bottom
    {
        type            zeroGradient;
    }
    inlet
    {
        type            zeroGradient;
    }
    outlet
    {
        type            fixedValue;
        value           uniform 0;
    }
    front
    {
        type            empty;
    }
    back
    {
        type            empty;
    }
}


// ************************************************************************* //
