/*--------------------------------*- C++ -*----------------------------------*\
  =========                 |
  \\      /  F ield         | OpenFOAM: The Open Source CFD Toolbox
   \\    /   O peration     | Website:  https://openfoam.org
    \\  /    A nd           | Version:  13
     \\/     M anipulation  |
\*---------------------------------------------------------------------------*/
FoamFile
{
    format      ascii;
    class       surfaceScalarField;
    location    "10";
    object      phi;
}
// * * * * * * * * * * * * * * * * * * * * * * * * * * * * * * * * * * * * * //

dimensions      [0 3 -1 0 0 0 0];

internalField   nonuniform List<scalar> 
1890
(
0.0093140727
0.00068592734
0.0082963401
0.0010177326
0.0073480838
0.00094825625
0.0065167791
0.00083130473
0.0058112103
0.00070556885
0.0052369127
0.00057429754
0.0047862485
0.00045066426
0.004441012
0.00034523641
0.0041802971
0.00026071491
0.0039843511
0.00019594608
0.0038366531
0.00014769801
0.003724003
0.0001126501
0.0036363473
8.7655672e-05
0.0035663586
6.9988753e-05
0.003508873
5.748559e-05
0.0034603389
4.8534102e-05
0.0034183544
4.198442e-05
0.0033813122
3.7042262e-05
0.0033481383
3.3173835e-05
0.003318109
3.0029311e-05
0.0032907248
2.7384192e-05
0.0032656285
2.5096366e-05
0.0032425523
2.3076197e-05
0.0032212857
2.1266622e-05
0.0032016553
1.9630384e-05
0.0031835132
1.8142072e-05
0.0031667299
1.6783283e-05
0.0031511901
1.5539775e-05
0.0031367903
1.439986e-05
0.0031234367
1.3353516e-05
0.0031110448
1.2391919e-05
0.0030995376
1.1507192e-05
0.0030888454
1.0692258e-05
0.0030789046
9.940756e-06
0.0030696577
9.2469653e-06
0.0030610519
8.6057514e-06
0.0030530394
8.0125061e-06
0.0030455763
7.4630948e-06
0.0030386225
6.9538056e-06
0.0030321412
6.4813017e-06
0.0030260986
6.0425803e-06
0.0030204637
5.6349339e-06
0.0030152078
5.2559184e-06
0.0030103044
4.9033227e-06
0.0030057293
4.5751418e-06
0.0030014598
4.2695534e-06
0.0029974749
3.9848941e-06
0.0029937552
3.7196416e-06
0.0029902828
3.4723975e-06
0.0029870409
3.2418741e-06
0.002984014
3.0268852e-06
0.0029811877
2.8263368e-06
0.0029785485
2.6392215e-06
0.0029760839
2.4646115e-06
0.0029737822
2.3016509e-06
0.0029716327
2.149549e-06
0.0029696251
2.007572e-06
0.0029677501
1.8750363e-06
0.0029659988
1.7513035e-06
0.002964363
1.6357761e-06
0.0029628351
1.5278973e-06
0.0029614079
1.4271491e-06
0.0029600749
1.3330522e-06
0.0029588297
1.2451644e-06
0.0029576667
1.1630765e-06
0.0029565803
1.0864094e-06
0.0029555655
1.014808e-06
0.0029546175
9.4793674e-07
0.002953732
8.854783e-07
0.0029529049
8.2712929e-07
0.0029521323
7.7260528e-07
0.0029514106
7.2163774e-07
0.0029507367
6.7398075e-07
0.0029501073
6.2940672e-07
0.0029495196
5.8771093e-07
0.0029489709
5.4870008e-07
0.0029484587
5.1220032e-07
0.0029479807
4.7803264e-07
0.0029475346
4.4603973e-07
0.0029471185
4.1604084e-07
0.0029467306
3.8789656e-07
0.0029463692
3.6142676e-07
0.0029460327
3.3653621e-07
0.0029457197
3.1305296e-07
0.0029454288
2.9096277e-07
0.0029451588
2.700775e-07
0.0029449082
2.5049293e-07
0.0029446763
2.3192285e-07
0.0029444616
2.1461002e-07
0.0029442635
1.9804424e-07
0.0029440808
1.8272451e-07
0.002943913
1.6777849e-07
0.0029437588
1.5419785e-07
0.0029436183
1.4058983e-07
0.0029434896
1.2872248e-07
0.002943373
1.1651902e-07
0.0029432664
1.0657148e-07
0.0029431698
9.6436431e-08
0.0029430817
8.7953734e-08
8.1417113e-08
0.010341662
0.00034426525
0.010578184
0.00078121018
0.010615671
0.00091076959
0.010553945
0.0008930309
0.010425822
0.00083369228
0.010248587
0.00075153209
0.010044962
0.00065428929
0.0098354604
0.00055473798
0.0096327827
0.00046339256
0.0094437308
0.00038499802
0.0092713466
0.00032008223
0.009116574
0.00026742269
0.008978973
0.00022525661
0.0088572402
0.00019172159
0.0087496634
0.00016506245
0.0086544456
0.00014375193
0.00856989
0.00012653998
0.0084944845
0.00011244776
0.0084269262
0.00010073204
0.0083661156
9.0839894e-05
0.0083111353
8.236449e-05
0.0082612242
7.5007472e-05
0.0082157512
6.85493e-05
0.0081741908
6.2827032e-05
0.0081361031
5.7718113e-05
0.0081011164
5.3128731e-05
0.0080689141
4.8985584e-05
0.0080392237
4.5230136e-05
0.0080118089
4.1814668e-05
0.0079864628
3.8699562e-05
0.0079630033
3.5851421e-05
0.0079412688
3.3241747e-05
0.007921115
3.0845983e-05
0.007902413
2.8642804e-05
0.0078850464
2.6613577e-05
0.0078689103
2.4741937e-05
0.0078539093
2.3013444e-05
0.0078399571
2.1415307e-05
0.0078269748
1.9936148e-05
0.0078148902
1.8565816e-05
0.0078036376
1.7295216e-05
0.0077931563
1.6116178e-05
0.0077833909
1.5021343e-05
0.0077742902
1.4004064e-05
0.007765807
1.305832e-05
0.0077578979
1.2178648e-05
0.0077505228
1.1360074e-05
0.0077436444
1.059806e-05
0.0077372283
9.8884519e-06
0.0077312427
9.2274359e-06
0.0077256581
8.6115067e-06
0.0077204469
8.0374368e-06
0.0077155839
7.5022525e-06
0.0077110453
7.0032139e-06
0.0077068092
6.5377951e-06
0.0077028551
6.1036654e-06
0.007699164
5.6986706e-06
0.0076957182
5.3208138e-06
0.0076925013
4.9682401e-06
0.0076894978
4.6392219e-06
0.0076866935
4.33215e-06
0.0076840751
4.045526e-06
0.0076816302
3.7779577e-06
0.0076793473
3.5281538e-06
0.0076772155
3.2949186e-06
0.0076752248
3.0771433e-06
0.0076733658
2.8737975e-06
0.0076716298
2.6839178e-06
0.0076700086
2.5066001e-06
0.0076684947
2.3409914e-06
0.007667081
2.1862877e-06
0.0076657609
2.0417304e-06
0.0076645283
1.9066121e-06
0.0076633775
1.7802709e-06
0.0076623031
1.6621014e-06
0.0076613004
1.5515343e-06
0.0076603645
1.4480569e-06
0.0076594914
1.3511656e-06
0.007658677
1.2604171e-06
0.0076579176
1.1753359e-06
0.0076572099
1.0955393e-06
0.0076565507
1.0205557e-06
0.0076559372
9.5010096e-07
0.0076553666
8.8369575e-07
0.0076548365
8.2123845e-07
0.0076543445
7.6218895e-07
0.0076538883
7.0674212e-07
0.0076534661
6.5412583e-07
0.0076530757
6.0500291e-07
0.0076527155
5.5801269e-07
0.0076523835
5.146602e-07
0.0076520788
4.7237865e-07
0.0076517987
4.3436643e-07
0.0076515437
3.9574262e-07
0.0076513094
3.6316394e-07
0.007651099
3.2712116e-07
0.0076509044
3.0112981e-07
0.0076507345
2.6617076e-07
0.0076505721
2.502104e-07
2.1344796e-07
0.010181464
0.00016280099
0.010521798
0.00044087646
0.010842482
0.00059008571
0.011112769
0.00062274377
0.01133602
0.00061044158
0.011508579
0.00057897245
0.011630744
0.0005321246
0.011709907
0.00047557511
0.011755697
0.00041760214
0.011776644
0.00036405134
0.011779503
0.00031722362
0.011769652
0.00027727352
0.01175133
0.00024357853
0.011727726
0.00021532526
0.011701127
0.00019166162
0.011673116
0.00017176283
0.011644765
0.00015489114
0.011616781
0.00014043209
0.011589614
0.00012789904
0.011563536
0.00011691719
0.0115387
0.0001072008
0.011515175
9.8532e-05
0.011492981
9.0743717e-05
0.011472101
8.3706579e-05
0.011452501
7.7319033e-05
0.011434129
7.1499961e-05
0.011416932
6.6183283e-05
0.011400848
6.1314089e-05
0.011385816
5.6845932e-05
0.011371777
5.2738919e-05
0.01135867
4.8958378e-05
0.011346438
4.5473887e-05
0.011335025
4.225856e-05
0.01132438
3.9288503e-05
0.011314451
3.6542387e-05
0.011305192
3.4001107e-05
0.011296558
3.1647498e-05
0.011288507
2.9466097e-05
0.011281
2.7442936e-05
0.011274001
2.5565375e-05
0.011267474
2.382194e-05
0.011261388
2.2202203e-05
0.011255712
2.0696663e-05
0.01125042
1.9296652e-05
0.011245484
1.7994251e-05
0.01124088
1.6782217e-05
0.011236587
1.5653912e-05
0.011232581
1.4603245e-05
0.011228845
1.3624616e-05
0.01122536
1.2712867e-05
0.011222108
1.1863237e-05
0.011219074
1.1071328e-05
0.011216243
1.0333074e-05
0.011213602
9.644713e-06
0.011211137
9.0027694e-06
0.011208836
8.4040282e-06
0.01120669
7.8455161e-06
0.011204686
7.3244786e-06
0.011202816
6.8383582e-06
0.01120107
6.384776e-06
0.011199441
5.9615144e-06
0.01119792
5.5665058e-06
0.0111965
5.1978244e-06
0.011195174
4.8536783e-06
0.011193937
4.5324051e-06
0.011192782
4.2324627e-06
0.011191703
3.9524204e-06
0.011190696
3.6909471e-06
0.011189756
3.4467986e-06
0.011188878
3.2188065e-06
0.011188058
3.0058711e-06
0.011187293
2.806952e-06
0.011186579
2.6210763e-06
0.011185912
2.4473243e-06
0.011185289
2.2848539e-06
0.011184708
2.1328673e-06
0.011184165
1.9906526e-06
0.011183659
1.8575124e-06
0.011183186
1.7328467e-06
0.011182746
1.6160092e-06
0.011182335
1.5064994e-06
0.011181951
1.4036659e-06
0.011181594
1.3071473e-06
0.011181262
1.2162387e-06
0.011180952
1.1308361e-06
0.011180665
1.0500816e-06
0.011180397
9.7434541e-07
0.011180149
9.0234172e-07
0.011179919
8.3529813e-07
0.011179706
7.708649e-07
0.011179508
7.1191641e-07
0.011179327
6.5375469e-07
0.011179159
6.0262594e-07
0.011179005
5.490077e-07
0.011178863
5.0609879e-07
0.011178735
4.5469877e-07
0.011178615
4.2182502e-07
0.011178512
3.6933822e-07
0.011178411
3.5041291e-07
2.9572034e-07
0.010094914
6.7887458e-05
0.010340233
0.00019555688
0.01065185
0.00027846872
0.010969203
0.00030539076
0.011273712
0.00030593222
0.01155641
0.00029627538
0.011809194
0.00027934034
0.012028326
0.00025644287
0.012214936
0.00023099243
0.012372692
0.0002062952
0.012505836
0.00018407979
0.012618428
0.00016468135
0.012714101
0.00014790567
0.012795956
0.00013346964
0.012866554
0.00012106422
0.01292795
0.00011036696
0.012981772
0.00010106926
0.0130293
9.2903847e-05
0.013071543
8.565596e-05
0.0131093
7.9159848e-05
0.013143212
7.3289251e-05
0.013173796
6.794788e-05
0.013201478
6.3061806e-05
0.013226611
5.8573673e-05
0.013249491
5.4438277e-05
0.013270372
5.0619224e-05
0.013289469
4.708647e-05
0.013306969
4.3814575e-05
0.013323033
4.0781517e-05
0.013337804
3.7967882e-05
0.013351406
3.5356323e-05
0.013363949
3.2931183e-05
0.013375529
3.0678236e-05
0.013386233
2.8584494e-05
0.013396137
2.6638061e-05
0.01340531
2.4828017e-05
0.013413814
2.3144326e-05
0.013421702
2.157775e-05
0.013429025
2.0119778e-05
0.013435828
1.876256e-05
0.013442151
1.7498852e-05
0.013448031
1.632196e-05
0.013453502
1.5225699e-05
0.013458595
1.4204349e-05
0.013463336
1.3252622e-05
0.013467753
1.2365625e-05
0.013471868
1.1538832e-05
0.013475703
1.0768053e-05
0.013479278
1.0049404e-05
0.013482612
9.3792841e-06
0.013485721
8.7543467e-06
0.013488621
8.1714822e-06
0.013491326
7.6277986e-06
0.01349385
7.1206085e-06
0.013496205
6.6474153e-06
0.013498403
6.2059024e-06
0.013500455
5.7939203e-06
0.01350237
5.409472e-06
0.013504158
5.0507015e-06
0.013505827
4.7158775e-06
0.013507385
4.403384e-06
0.013508839
4.1117117e-06
0.013510198
3.8394503e-06
0.013511466
3.5852859e-06
0.013512651
3.3479964e-06
0.013513757
3.1264469e-06
0.01351479
2.9195852e-06
0.013515754
2.7264308e-06
0.013516655
2.5460705e-06
0.013517496
2.3776455e-06
0.013518281
2.2203482e-06
0.013519015
2.0734147e-06
0.0135197
1.9361281e-06
0.013520339
1.8078113e-06
0.013520936
1.6878412e-06
0.013521494
1.5756289e-06
0.013522014
1.4706499e-06
0.013522499
1.3723858e-06
0.013522951
1.2804005e-06
0.013523373
1.1942135e-06
0.013523766
1.1134655e-06
0.013524132
1.0376695e-06
0.013524472
9.6657659e-07
0.013524789
8.9963985e-07
0.013525083
8.3682374e-07
0.013525356
7.7741379e-07
0.013525609
7.2179445e-07
0.013525842
6.6882199e-07
0.013526058
6.1967397e-07
0.013526257
5.7220428e-07
0.013526439
5.2913937e-07
0.013526607
4.8614173e-07
0.01352676
4.490785e-07
0.0135269
4.091491e-07
0.013527028
3.7848123e-07
0.013527143
3.3971022e-07
0.013527248
3.1676882e-07
0.013527341
2.7639054e-07
0.013527428
2.6332578e-07
2.227273e-07
0.010067887
-2.3440324e-12
0.010263444
-3.4310248e-12
0.010541913
-4.4275527e-12
0.010847304
-4.8280592e-12
0.011153236
-3.0473702e-12
0.011449511
6.0311876e-13
0.011728852
5.1890084e-12
0.011985295
8.9156753e-12
0.012216287
1.0734214e-11
0.012422582
9.0842901e-12
0.012606662
4.1217064e-12
0.012771343
-2.2252074e-12
0.012919249
-8.8555755e-12
0.013052719
-1.3665651e-11
0.013173783
-1.5318475e-11
0.01328415
-1.2017526e-11
0.013385219
-4.5949855e-12
0.013478123
4.1333587e-12
0.013563779
1.2775119e-11
0.013642939
1.8311199e-11
0.013716228
1.9215553e-11
0.013784176
1.4095614e-11
0.013847238
4.2866198e-12
0.013905811
-6.1764851e-12
0.01396025
-1.5390146e-11
0.014010869
-2.0471329e-11
0.014057955
-1.9587478e-11
0.01410177
-1.2131718e-11
0.014142552
-1.2189926e-12
0.014180519
1.0395765e-11
0.014215876
1.9595112e-11
0.014248807
2.364818e-11
0.014279485
2.1723398e-11
0.014308069
1.329652e-11
0.014334708
2.3708218e-12
0.014359536
-7.5610889e-12
0.01438268
-1.4567104e-11
0.014404258
-1.5645439e-11
0.014424378
-1.0784605e-11
0.01444314
-2.1920448e-12
0.014460639
8.082768e-12
0.014476961
1.674183e-11
0.014492187
2.0884091e-11
0.014506391
2.0273851e-11
0.014519643
1.5832007e-11
0.014532009
1.0484716e-11
0.014543548
6.2825936e-12
0.014554316
5.1935788e-12
0.014564365
7.6936056e-12
0.014573745
1.2712301e-11
0.014582499
1.8482573e-11
0.01459067
2.2522386e-11
0.014598298
2.3639482e-11
0.014605419
2.1938802e-11
0.014612066
1.8911267e-11
0.014618272
1.755543e-11
0.014624066
1.9858263e-11
0.014629475
2.6846931e-11
0.014634526
3.7824144e-11
0.014639242
4.9661966e-11
0.014643645
5.8220664e-11
0.014647757
6.1444953e-11
0.014651596
5.8673573e-11
0.014655181
5.1187871e-11
0.014658529
4.2177681e-11
0.014661656
3.6637996e-11
0.014664575
3.7649298e-11
0.014667302
4.6382907e-11
0.014669848
6.1018711e-11
0.014672225
7.7198283e-11
0.014674446
8.8558834e-11
0.014676519
8.9413858e-11
0.014678455
7.9968026e-11
0.014680263
6.189353e-11
0.01468195
3.9535341e-11
0.014683526
2.0960652e-11
0.014684997
1.2291005e-11
0.014686369
1.5842257e-11
0.01468765
2.7521614e-11
0.014688844
3.8439165e-11
0.014689957
4.1760609e-11
0.014690995
2.7790741e-11
0.014691961
-5.3823935e-12
0.014692861
-5.1053564e-11
0.014693698
-1.019874e-10
0.014694475
-1.4564288e-10
0.014695197
-1.5611868e-10
0.014695866
-1.4892982e-10
0.014696486
-1.1562341e-10
0.014697059
-6.9526913e-11
0.014697588
-2.5089709e-11
0.014698074
1.5278992e-13
0.014698523
-3.9176492e-12
0.014698932
-4.3953763e-11
0.01469931
-8.9746934e-11
0.01469965
-1.2617395e-10
0.014699967
-1.1338783e-10
0.014700244
-6.2698681e-11
0.014700507
1.6969328e-11
5.0597912e-11
0.010067887
-6.7887462e-05
0.010263444
-0.00019555689
0.010541913
-0.00027846873
0.010847304
-0.00030539077
0.011153236
-0.00030593223
0.011449511
-0.00029627537
0.011728852
-0.00027934033
0.011985295
-0.00025644285
0.012216287
-0.00023099241
0.012422582
-0.00020629518
0.012606662
-0.00018407979
0.012771343
-0.00016468136
0.012919249
-0.00014790569
0.013052719
-0.00013346967
0.013173783
-0.00012106425
0.01328415
-0.00011036698
0.013385219
-0.00010106926
0.013478123
-9.2903833e-05
0.013563779
-8.5655933e-05
0.013642939
-7.9159814e-05
0.013716228
-7.328922e-05
0.013784176
-6.7947861e-05
0.013847238
-6.3061805e-05
0.013905811
-5.857369e-05
0.01396025
-5.4438308e-05
0.014010869
-5.061926e-05
0.014057955
-4.7086499e-05
0.01410177
-4.3814589e-05
0.014142552
-4.0781511e-05
0.014180519
-3.7967858e-05
0.014215876
-3.5356286e-05
0.014248807
-3.2931143e-05
0.014279485
-3.0678204e-05
0.014308069
-2.8584478e-05
0.014334708
-2.6638063e-05
0.014359536
-2.4828035e-05
0.01438268
-2.3144352e-05
0.014404258
-2.1577774e-05
0.014424378
-2.0119791e-05
0.01444314
-1.8762557e-05
0.014460639
-1.7498832e-05
0.014476961
-1.6321929e-05
0.014492187
-1.5225663e-05
0.014506391
-1.4204317e-05
0.014519643
-1.3252597e-05
0.014532009
-1.2365609e-05
0.014543548
-1.1538821e-05
0.014554316
-1.076804e-05
0.014564365
-1.0049386e-05
0.014573745
-9.3792568e-06
0.014582499
-8.7543113e-06
0.01459067
-8.1714424e-06
0.014598298
-7.6277593e-06
0.014605419
-7.1205729e-06
0.014612066
-6.6473831e-06
0.014618272
-6.2058691e-06
0.014624066
-5.7938786e-06
0.014629475
-5.4094148e-06
0.014634526
-5.0506247e-06
0.014639242
-4.7157826e-06
0.014643645
-4.4032785e-06
0.014647757
-4.1116056e-06
0.014651596
-3.839353e-06
0.014655182
-3.5852028e-06
0.014658529
-3.3479254e-06
0.014661656
-3.1263795e-06
0.014664576
-2.9195086e-06
0.014667302
-2.7263333e-06
0.014669848
-2.5459463e-06
0.014672226
-2.3774971e-06
0.014674446
-2.2201881e-06
0.014676519
-2.0732609e-06
0.014678455
-1.9359973e-06
0.014680263
-1.8077149e-06
0.014681951
-1.6877791e-06
0.014683526
-1.5755893e-06
0.014684997
-1.4706136e-06
0.014686369
-1.3723372e-06
0.01468765
-1.2803315e-06
0.014688844
-1.1941312e-06
0.014689957
-1.1133927e-06
0.014690995
-1.0376376e-06
0.014691961
-9.6661437e-07
0.014692861
-8.9976316e-07
0.014693698
-8.3702641e-07
0.014694475
-7.7767036e-07
0.014695197
-7.2205661e-07
0.014695867
-6.6905008e-07
0.014696487
-6.1983616e-07
0.014697059
-5.722924e-07
0.014697588
-5.2917333e-07
0.014698074
-4.8616213e-07
0.014698523
-4.4913214e-07
0.014698932
-4.0927146e-07
0.01469931
-3.7868681e-07
0.01469965
-3.3995416e-07
0.014699967
-3.1696681e-07
0.014700244
-2.7654189e-07
0.014700507
-2.6332737e-07
-2.2267046e-07
0.010094914
-0.00016280099
0.010340233
-0.00044087647
0.01065185
-0.00059008571
0.010969203
-0.00062274378
0.011273712
-0.00061044158
0.01155641
-0.00057897244
0.011809194
-0.00053212458
0.012028326
-0.0004755751
0.012214936
-0.00041760213
0.012372692
-0.00036405134
0.012505836
-0.00031722363
0.012618428
-0.00027727354
0.012714101
-0.00024357856
0.012795956
-0.00021532529
0.012866554
-0.00019166163
0.01292795
-0.00017176283
0.012981772
-0.00015489113
0.0130293
-0.00014043206
0.013071543
-0.00012789901
0.0131093
-0.00011691717
0.013143212
-0.00010720079
0.013173796
-9.8532008e-05
0.013201478
-9.0743738e-05
0.013226611
-8.3706606e-05
0.013249491
-7.7319057e-05
0.013270372
-7.1499976e-05
0.013289469
-6.6183283e-05
0.013306969
-6.1314075e-05
0.013323033
-5.6845906e-05
0.013337804
-5.273889e-05
0.013351406
-4.8958353e-05
0.013363949
-4.5473873e-05
0.013375529
-4.2258559e-05
0.013386233
-3.9288514e-05
0.013396137
-3.6542405e-05
0.01340531
-3.4001125e-05
0.013413814
-3.1647509e-05
0.013421702
-2.9466096e-05
0.013429025
-2.7442924e-05
0.013435828
-2.5565354e-05
0.013442151
-2.3821917e-05
0.013448031
-2.2202183e-05
0.013453502
-2.0696649e-05
0.013458595
-1.9296644e-05
0.013463336
-1.7994246e-05
0.013467753
-1.678221e-05
0.013471868
-1.5653899e-05
0.013475703
-1.4603224e-05
0.013479278
-1.3624589e-05
0.013482612
-1.2712837e-05
0.013485721
-1.186321e-05
0.013488621
-1.1071307e-05
0.013491326
-1.0333057e-05
0.01349385
-9.6446979e-06
0.013496205
-9.0027484e-06
0.013498404
-8.4039952e-06
0.013500455
-7.8454666e-06
0.01350237
-7.3244136e-06
0.013504158
-6.8382833e-06
0.013505827
-6.3846997e-06
0.013507385
-5.9614459e-06
0.01350884
-5.5664501e-06
0.013510198
-5.1977809e-06
0.013511466
-4.8536402e-06
0.013512651
-4.5323612e-06
0.013513757
-4.2324022e-06
0.01351479
-3.9523366e-06
0.013515754
-3.6908409e-06
0.013516655
-3.4466797e-06
0.013517496
-3.2186887e-06
0.013518282
-3.0057705e-06
0.013519015
-2.8068774e-06
0.0135197
-2.6210293e-06
0.01352034
-2.447295e-06
0.013520937
-2.2848269e-06
0.013521494
-2.1328257e-06
0.013522014
-1.9905885e-06
0.0135225
-1.8574279e-06
0.013522952
-1.7327614e-06
0.013523374
-1.6159449e-06
0.013523767
-1.5064869e-06
0.013524133
-1.4037188e-06
0.013524473
-1.3072708e-06
0.01352479
-1.2164103e-06
0.013525084
-1.1310254e-06
0.013525356
-1.0502479e-06
0.013525609
-9.7446278e-07
0.013525843
-9.0239894e-07
0.013526058
-8.3531833e-07
0.013526257
-7.7087773e-07
0.013526439
-7.1196856e-07
0.013526607
-6.5386912e-07
0.01352676
-6.0281308e-07
0.0135269
-5.4923413e-07
0.013527027
-5.0632184e-07
0.013527143
-4.5488094e-07
0.013527248
-4.2195928e-07
0.013527341
-3.6942151e-07
0.013527428
-3.5048105e-07
-2.9576316e-07
0.010181464
-0.00034426525
0.010521798
-0.00078121019
0.010842482
-0.00091076959
0.011112769
-0.0008930309
0.01133602
-0.00083369228
0.011508579
-0.00075153207
0.011630744
-0.00065428928
0.011709907
-0.00055473797
0.011755697
-0.00046339256
0.011776644
-0.00038499803
0.011779503
-0.00032008225
0.011769652
-0.00026742271
0.01175133
-0.00022525662
0.011727726
-0.00019172159
0.011701127
-0.00016506244
0.011673116
-0.00014375191
0.011644765
-0.00012653996
0.011616781
-0.00011244773
0.011589614
-0.00010073203
0.011563536
-9.0839901e-05
0.0115387
-8.2364511e-05
0.011515175
-7.5007501e-05
0.011492981
-6.8549328e-05
0.011472101
-6.282705e-05
0.011452501
-5.7718115e-05
0.011434129
-5.3128717e-05
0.011416932
-4.8985557e-05
0.011400848
-4.5230104e-05
0.011385816
-4.1814641e-05
0.011371777
-3.8699547e-05
0.01135867
-3.5851422e-05
0.011346438
-3.3241763e-05
0.011335025
-3.0846007e-05
0.01132438
-2.8642829e-05
0.011314451
-2.6613594e-05
0.011305192
-2.474194e-05
0.011296558
-2.3013432e-05
0.011288507
-2.1415284e-05
0.011281
-1.9936122e-05
0.011274001
-1.8565794e-05
0.011267474
-1.7295204e-05
0.011261388
-1.6116178e-05
0.011255712
-1.5021351e-05
0.01125042
-1.4004073e-05
0.011245484
-1.3058323e-05
0.01124088
-1.2178641e-05
0.011236587
-1.1360057e-05
0.011232581
-1.0598037e-05
0.011228845
-9.8884282e-06
0.01122536
-9.2274189e-06
0.011222108
-8.6114996e-06
0.011219074
-8.0374378e-06
0.011216243
-7.5022551e-06
0.011213602
-7.0032093e-06
0.011211137
-6.5377761e-06
0.011208837
-6.1036293e-06
0.01120669
-5.6986208e-06
0.011204686
-5.3207595e-06
0.011202816
-4.968192e-06
0.011201071
-4.6391892e-06
0.011199441
-4.3321356e-06
0.01119792
-4.0455254e-06
0.0111965
-3.7779595e-06
0.011195175
-3.5281441e-06
0.011193937
-3.2948862e-06
0.011192782
-3.0770843e-06
0.011191704
-2.8737175e-06
0.011190697
-2.6838312e-06
0.011189756
-2.506525e-06
0.011188879
-2.3409426e-06
0.011188059
-2.1862712e-06
0.011187294
-2.0417399e-06
0.011186579
-1.9066312e-06
0.011185912
-1.7802778e-06
0.01118529
-1.6620792e-06
0.011184708
-1.5514769e-06
0.011184166
-1.4479752e-06
0.01118366
-1.3510836e-06
0.011183187
-1.2603661e-06
0.011182746
-1.1753413e-06
0.011182335
-1.0956125e-06
0.011181952
-1.0206853e-06
0.011181595
-9.5025837e-07
0.011181262
-8.838383e-07
0.011180953
-8.2133051e-07
0.011180665
-7.6220995e-07
0.011180398
-7.0670231e-07
0.01118015
-6.5406048e-07
0.011179919
-6.0496423e-07
0.011179706
-5.580461e-07
0.011179508
-5.1478862e-07
0.011179327
-4.7258621e-07
0.011179158
-4.3461098e-07
0.011179005
-3.9595742e-07
0.011178862
-3.6330018e-07
0.011178735
-3.2716893e-07
0.011178615
-3.0115897e-07
0.011178511
-2.6618897e-07
0.011178411
-2.5030633e-07
-2.1353674e-07
0.010341662
-0.00068592735
0.010578184
-0.0010177326
0.010615671
-0.00094825625
0.010553945
-0.00083130473
0.010425822
-0.00070556884
0.010248587
-0.00057429753
0.010044962
-0.00045066425
0.0098354604
-0.00034523642
0.0096327827
-0.00026071492
0.0094437308
-0.0001959461
0.0092713465
-0.00014769802
0.009116574
-0.0001126501
0.0089789731
-8.7655664e-05
0.0088572402
-6.9988737e-05
0.0087496634
-5.7485571e-05
0.0086544456
-4.8534085e-05
0.00856989
-4.1984411e-05
0.0084944845
-3.7042264e-05
0.0084269262
-3.3173848e-05
0.0083661156
-3.002933e-05
0.0083111353
-2.7384212e-05
0.0082612242
-2.5096382e-05
0.0082157511
-2.3076203e-05
0.0081741908
-2.1266616e-05
0.0081361031
-1.9630369e-05
0.0081011164
-1.8142051e-05
0.0080689141
-1.6783262e-05
0.0080392238
-1.5539761e-05
0.0080118089
-1.4399857e-05
0.0079864629
-1.3353524e-05
0.0079630033
-1.2391935e-05
0.0079412688
-1.1507211e-05
0.007921115
-1.0692274e-05
0.007902413
-9.9407636e-06
0.0078850464
-9.2469629e-06
0.0078689103
-8.60574e-06
0.0078539094
-8.0124898e-06
0.0078399572
-7.463079e-06
0.0078269748
-6.953795e-06
0.0078148903
-6.4812989e-06
0.0078036376
-6.0425847e-06
0.0077931563
-5.6349425e-06
0.0077833909
-5.2559265e-06
0.0077742902
-4.9033262e-06
0.007765807
-4.5751391e-06
0.007757898
-4.269545e-06
0.0077505228
-3.9848835e-06
0.0077436444
-3.7196328e-06
0.0077372284
-3.4723937e-06
0.0077312428
-3.2418762e-06
0.0077256581
-3.0268908e-06
0.007720447
-2.8263416e-06
0.007715584
-2.6392206e-06
0.0077110454
-2.4646017e-06
0.0077068093
-2.3016326e-06
0.0077028553
-2.1495258e-06
0.0076991642
-2.0075503e-06
0.0076957184
-1.8750221e-06
0.0076925015
-1.7513004e-06
0.007689498
-1.6357838e-06
0.0076866938
-1.5279104e-06
0.0076840754
-1.4271601e-06
0.0076816305
-1.333053e-06
0.0076793476
-1.24515e-06
0.0076772158
-1.1630476e-06
0.0076752252
-1.086372e-06
0.0076733662
-1.0147718e-06
0.0076716302
-9.4791246e-07
0.0076700091
-8.8547159e-07
0.0076684952
-8.27141e-07
0.0076670815
-7.7262681e-07
0.0076657614
-7.2165778e-07
0.0076645288
-6.7398564e-07
0.007663378
-6.2938937e-07
0.0076623037
-5.8767164e-07
0.0076613009
-5.4865027e-07
0.0076603651
-5.121557e-07
0.007659492
-4.7801306e-07
0.0076586775
-4.4605353e-07
0.0076579181
-4.160912e-07
0.0076572103
-3.8796599e-07
0.0076565511
-3.6149664e-07
0.0076559375
-3.3657882e-07
0.007655367
-3.1305497e-07
0.0076548368
-2.9092008e-07
0.0076543448
-2.7000908e-07
0.0076538886
-2.5042421e-07
0.0076534663
-2.3188912e-07
0.0076530757
-2.1462709e-07
0.0076527155
-1.9811955e-07
0.0076523834
-1.8283317e-07
0.0076520786
-1.6789326e-07
0.0076517984
-1.5428198e-07
0.0076515433
-1.4062899e-07
0.007651309
-1.2872261e-07
0.0076510985
-1.1649658e-07
0.0076509039
-1.0654883e-07
0.007650734
-9.6465495e-08
0.0076505715
-8.8011322e-08
-8.1459463e-08
0.0093140726
0.0082963401
0.0073480839
0.0065167791
0.0058112103
0.0052369128
0.0047862485
0.004441012
0.0041802971
0.003984351
0.003836653
0.003724003
0.0036363473
0.0035663586
0.003508873
0.0034603389
0.0034183544
0.0033813122
0.0033481383
0.003318109
0.0032907248
0.0032656284
0.0032425523
0.0032212857
0.0032016553
0.0031835132
0.0031667299
0.0031511902
0.0031367903
0.0031234367
0.0031110448
0.0030995376
0.0030888454
0.0030789046
0.0030696577
0.0030610519
0.0030530394
0.0030455763
0.0030386225
0.0030321412
0.0030260986
0.0030204637
0.0030152078
0.0030103045
0.0030057293
0.0030014598
0.0029974749
0.0029937553
0.0029902828
0.002987041
0.0029840141
0.0029811877
0.0029785485
0.002976084
0.0029737823
0.0029716328
0.0029696252
0.0029677502
0.0029659989
0.0029643631
0.0029628352
0.002961408
0.002960075
0.0029588299
0.0029576668
0.0029565805
0.0029555657
0.0029546177
0.0029537322
0.002952905
0.0029521324
0.0029514108
0.0029507369
0.0029501075
0.0029495198
0.0029489712
0.002948459
0.0029479809
0.0029475348
0.0029471186
0.0029467307
0.0029463693
0.0029460328
0.0029457198
0.0029454289
0.0029451589
0.0029449084
0.0029446764
0.0029444616
0.0029442634
0.0029440806
0.0029439128
0.0029437586
0.0029436181
0.0029434894
0.0029433728
0.0029432662
0.0029431695
0.0029430815
)
;

boundaryField
{
    top
    {
        type            calculated;
        value           uniform 0;
    }
    bottom
    {
        type            calculated;
        value           uniform 0;
    }
    inlet
    {
        type            calculated;
        value           nonuniform List<scalar> 10(-0.01 -0.01 -0.01 -0.01 -0.01 -0.01 -0.01 -0.01 -0.01 -0.01);
    }
    outlet
    {
        type            calculated;
        value           nonuniform List<scalar> 10(0.0029430002 0.0076504399 0.011178329 0.013527501 0.01470073 0.01470073 0.013527501 0.011178329 0.0076504394 0.002943);
    }
    front
    {
        type            empty;
    }
    back
    {
        type            empty;
    }
}


// ************************************************************************* //
