/*--------------------------------*- C++ -*----------------------------------*\
  =========                 |
  \\      /  F ield         | OpenFOAM: The Open Source CFD Toolbox
   \\    /   O peration     | Website:  https://openfoam.org
    \\  /    A nd           | Version:  13
     \\/     M anipulation  |
\*---------------------------------------------------------------------------*/
FoamFile
{
    format      ascii;
    class       volVectorField;
    location    "10";
    object      U;
}
// * * * * * * * * * * * * * * * * * * * * * * * * * * * * * * * * * * * * * //

dimensions      [0 1 -1 0 0 0 0];

internalField   nonuniform List<vector> 
1000
(
(0.92074242 0.03382768 0)
(0.8635379 0.056684191 0)
(0.78799127 0.052753994 0)
(0.69766161 0.041237061 0)
(0.61471542 0.03020314 0)
(0.54875554 0.020988077 0)
(0.49827309 0.013660659 0)
(0.45949312 0.0082997554 0)
(0.42978721 0.0047358845 0)
(0.4072852 0.0025321848 0)
(0.39034401 0.0012497973 0)
(0.37751559 0.00056180376 0)
(0.36764107 0.0002426144 0)
(0.35985945 0.00013663657 0)
(0.35355677 0.00013975995 0)
(0.34830594 0.00018760911 0)
(0.34381545 0.00024452896 0)
(0.33988918 0.00029351227 0)
(0.33639623 0.00032844114 0)
(0.33324896 0.00034888477 0)
(0.33038779 0.00035693832 0)
(0.32777096 0.00035546755 0)
(0.32536797 0.00034724119 0)
(0.32315537 0.00033457855 0)
(0.32111429 0.00031926689 0)
(0.31922887 0.00030260299 0)
(0.31748536 0.00028548072 0)
(0.31587163 0.00026848602 0)
(0.31437679 0.00025198201 0)
(0.31299103 0.00023617757 0)
(0.31170546 0.00022117905 0)
(0.31051204 0.00020702717 0)
(0.30940345 0.00019372232 0)
(0.30837305 0.00018124145 0)
(0.3074148 0.00016954876 0)
(0.30652319 0.00015860252 0)
(0.30569321 0.00014835898 0)
(0.30492028 0.00013877466 0)
(0.30420021 0.00012980755 0)
(0.30352917 0.00012141768 0)
(0.30290362 0.00011356743 0)
(0.30232035 0.00010622159 0)
(0.30177636 9.9347376e-05 0)
(0.30126891 9.2914374e-05 0)
(0.30079545 8.6894348e-05 0)
(0.30035365 8.1261088e-05 0)
(0.29994133 7.5990105e-05 0)
(0.29955648 7.1058446e-05 0)
(0.29919722 6.6444488e-05 0)
(0.29886183 6.2127809e-05 0)
(0.29854868 5.808921e-05 0)
(0.2982563 5.4310682e-05 0)
(0.29798328 5.0775475e-05 0)
(0.29772832 4.7468092e-05 0)
(0.29749023 4.4374168e-05 0)
(0.29726788 4.1480386e-05 0)
(0.29706022 3.8774234e-05 0)
(0.29686626 3.6243857e-05 0)
(0.29668511 3.3877967e-05 0)
(0.29651591 3.1665758e-05 0)
(0.29635787 2.9597043e-05 0)
(0.29621026 2.7662288e-05 0)
(0.29607237 2.5852714e-05 0)
(0.29594358 2.4160356e-05 0)
(0.29582328 2.257792e-05 0)
(0.29571091 2.1098721e-05 0)
(0.29560594 1.9716448e-05 0)
(0.29550789 1.8424976e-05 0)
(0.2954163 1.7218361e-05 0)
(0.29533075 1.6090674e-05 0)
(0.29525083 1.5036307e-05 0)
(0.29517619 1.4049889e-05 0)
(0.29510647 1.3126668e-05 0)
(0.29504136 1.2262382e-05 0)
(0.29498056 1.1453474e-05 0)
(0.29492379 1.0696614e-05 0)
(0.29487079 9.9890073e-06 0)
(0.29482132 9.3273001e-06 0)
(0.29477516 8.7087335e-06 0)
(0.29473209 8.12914e-06 0)
(0.29469192 7.5858345e-06 0)
(0.29465449 7.0740624e-06 0)
(0.29461962 6.5925502e-06 0)
(0.29458718 6.1365745e-06 0)
(0.294557 5.7080715e-06 0)
(0.29452898 5.3014692e-06 0)
(0.29450297 4.9230502e-06 0)
(0.29447887 4.5628041e-06 0)
(0.29445655 4.2322948e-06 0)
(0.29443595 3.911948e-06 0)
(0.29441691 3.6219726e-06 0)
(0.29439942 3.3295888e-06 0)
(0.29438332 3.0702754e-06 0)
(0.29436861 2.7993897e-06 0)
(0.29435517 2.5666597e-06 0)
(0.29434288 2.336006e-06 0)
(0.29433188 2.1199521e-06 0)
(0.29432135 2.0174513e-06 0)
(0.29431298 1.6412256e-06 0)
(0.29430085 2.0353388e-06 0)
(1.0019381 0.052732953 0)
(1.0365395 0.10225274 0)
(1.0602516 0.11315449 0)
(1.0635369 0.1090466 0)
(1.0522935 0.099516704 0)
(1.0346516 0.087114673 0)
(1.0147897 0.073373124 0)
(0.99415463 0.059906706 0)
(0.97358849 0.047880416 0)
(0.95388174 0.037787617 0)
(0.93564762 0.029665825 0)
(0.91918057 0.023329682 0)
(0.90451502 0.018503102 0)
(0.89154102 0.014887716 0)
(0.88008798 0.01220327 0)
(0.86996961 0.010210171 0)
(0.86100573 0.0087174123 0)
(0.8530328 0.0075805249 0)
(0.84590822 0.006694521 0)
(0.83951094 0.0059853904 0)
(0.83373979 0.0054021145 0)
(0.82851093 0.0049100449 0)
(0.82375499 0.0044858281 0)
(0.81941448 0.0041137188 0)
(0.81544148 0.0037830003 0)
(0.81179572 0.0034862305 0)
(0.80844306 0.0032180807 0)
(0.80535424 0.0029745857 0)
(0.80250401 0.0027526703 0)
(0.79987035 0.0025498561 0)
(0.79743393 0.002364082 0)
(0.79517763 0.002193592 0)
(0.79308626 0.0020368662 0)
(0.79114618 0.0018925743 0)
(0.78934519 0.0017595439 0)
(0.78767226 0.0016367371 0)
(0.7861174 0.0015232325 0)
(0.78467155 0.0014182094 0)
(0.78332648 0.0013209352 0)
(0.78207464 0.0012307545 0)
(0.78090916 0.0011470791 0)
(0.77982372 0.0010693803 0)
(0.77881255 0.00099718138 0)
(0.77787031 0.0009300518 0)
(0.7769921 0.00086760161 0)
(0.77617339 0.00080947684 0)
(0.77541002 0.00075535522 0)
(0.77469811 0.00070494246 0)
(0.7740341 0.00065796898 0)
(0.77341468 0.00061418716 0)
(0.77283678 0.00057336909 0)
(0.77229756 0.00053530477 0)
(0.77179438 0.0004998006 0)
(0.77132479 0.00046667811 0)
(0.77088651 0.00043577267 0)
(0.77047742 0.00040693227 0)
(0.77009556 0.00038001626 0)
(0.76973908 0.00035489406 0)
(0.76940628 0.00033144416 0)
(0.76909557 0.00030955318 0)
(0.76880548 0.00028911536 0)
(0.76853462 0.00027003214 0)
(0.76828171 0.0002522119 0)
(0.76804556 0.00023556971 0)
(0.76782504 0.00022002689 0)
(0.76761912 0.0002055105 0)
(0.76742683 0.00019195263 0)
(0.76724726 0.00017928962 0)
(0.76707957 0.00016746161 0)
(0.76692297 0.00015641185 0)
(0.76677673 0.0001460868 0)
(0.76664018 0.00013643587 0)
(0.76651266 0.00012741192 0)
(0.76639361 0.00011897096 0)
(0.76628246 0.00011107285 0)
(0.7661787 0.0001036799 0)
(0.76608187 9.6758226e-05 0)
(0.7659915 9.0274348e-05 0)
(0.76590721 8.4198758e-05 0)
(0.76582859 7.8499536e-05 0)
(0.76575531 7.3150876e-05 0)
(0.76568703 6.8121255e-05 0)
(0.76562345 6.3391362e-05 0)
(0.76556431 5.8930143e-05 0)
(0.76550931 5.4730384e-05 0)
(0.76545827 5.0758711e-05 0)
(0.76541088 4.7026228e-05 0)
(0.76536704 4.3486917e-05 0)
(0.7653264 4.017779e-05 0)
(0.76528896 3.7020545e-05 0)
(0.76525433 3.4094883e-05 0)
(0.76522259 3.1262213e-05 0)
(0.76519333 2.8683022e-05 0)
(0.76516663 2.6117319e-05 0)
(0.76514227 2.3876447e-05 0)
(0.76511976 2.1537541e-05 0)
(0.76510032 1.9686912e-05 0)
(0.76508033 1.753018e-05 0)
(0.76506738 1.6274174e-05 0)
(0.76504473 1.420159e-05 0)
(1.0002467 0.026719375 0)
(1.0283936 0.06255548 0)
(1.0646999 0.077616155 0)
(1.0979952 0.080476474 0)
(1.1240764 0.078058279 0)
(1.1435812 0.072916829 0)
(1.1579044 0.065986854 0)
(1.1678877 0.0582047 0)
(1.1741544 0.050495787 0)
(1.1774192 0.043467202 0)
(1.1784517 0.037361307 0)
(1.1779313 0.032190661 0)
(1.1763807 0.027868334 0)
(1.1741779 0.024277406 0)
(1.1715897 0.021298541 0)
(1.1688025 0.018820813 0)
(1.1659442 0.016747067 0)
(1.1630997 0.014996286 0)
(1.1603237 0.013503443 0)
(1.1576498 0.012217609 0)
(1.155097 0.011099379 0)
(1.1526749 0.010118342 0)
(1.1503869 0.0092509638 0)
(1.1482324 0.0084789012 0)
(1.1462083 0.0077877241 0)
(1.1443101 0.0071659405 0)
(1.1425324 0.0066042705 0)
(1.1408692 0.0060951104 0)
(1.1393144 0.0056321431 0)
(1.1378619 0.0052100546 0)
(1.1365056 0.0048243273 0)
(1.1352396 0.0044710862 0)
(1.1340583 0.0041469821 0)
(1.1329564 0.0038491024 0)
(1.1319285 0.0035749002 0)
(1.13097 0.0033221379 0)
(1.1300761 0.0030888408 0)
(1.1292426 0.0028732602 0)
(1.1284655 0.0026738407 0)
(1.1277408 0.0024891946 0)
(1.1270651 0.0023180794 0)
(1.1264351 0.0021593791 0)
(1.1258475 0.0020120885 0)
(1.1252997 0.0018752997 0)
(1.1247887 0.0017481908 0)
(1.1243122 0.001630016 0)
(1.1238677 0.0015200968 0)
(1.1234532 0.0014178144 0)
(1.1230665 0.0013226033 0)
(1.1227057 0.0012339449 0)
(1.1223692 0.0011513633 0)
(1.1220552 0.0010744204 0)
(1.1217622 0.001002713 0)
(1.1214888 0.00093586952 0)
(1.1212338 0.00087354729 0)
(1.1209957 0.00081543035 0)
(1.1207736 0.00076122681 0)
(1.1205662 0.00071066663 0)
(1.1203727 0.00066349935 0)
(1.1201921 0.00061949229 0)
(1.1200235 0.00057842892 0)
(1.1198661 0.00054010777 0)
(1.1197192 0.0005043415 0)
(1.119582 0.0004709561 0)
(1.119454 0.00043979023 0)
(1.1193345 0.00041069419 0)
(1.1192229 0.00038352898 0)
(1.1191187 0.00035816505 0)
(1.1190214 0.00033448123 0)
(1.1189306 0.00031236365 0)
(1.1188458 0.00029170529 0)
(1.1187666 0.00027240513 0)
(1.1186927 0.00025436882 0)
(1.1186237 0.00023750755 0)
(1.1185592 0.00022173975 0)
(1.1184991 0.00020698839 0)
(1.118443 0.00019318407 0)
(1.1183906 0.00018025897 0)
(1.1183417 0.00016815382 0)
(1.118296 0.00015680579 0)
(1.1182535 0.00014616478 0)
(1.1182138 0.00013616887 0)
(1.1181768 0.00012678094 0)
(1.1181424 0.00011793676 0)
(1.1181103 0.00010962203 0)
(1.1180805 0.00010176235 0)
(1.1180527 9.4382663e-05 0)
(1.118027 8.7375921e-05 0)
(1.118003 8.0834543e-05 0)
(1.117981 7.456889e-05 0)
(1.1179603 6.8798853e-05 0)
(1.1179416 6.3154008e-05 0)
(1.1179239 5.8117208e-05 0)
(1.1179081 5.2944141e-05 0)
(1.1178932 4.8671938e-05 0)
(1.1178796 4.377967e-05 0)
(1.1178677 4.0440561e-05 0)
(1.1178552 3.5544757e-05 0)
(1.1178477 3.3512349e-05 0)
(1.1178334 2.8303955e-05 0)
(1.0000321 0.01172771 0)
(1.0173964 0.030563016 0)
(1.0455868 0.040990665 0)
(1.0788323 0.044657243 0)
(1.1117703 0.044906517 0)
(1.1419849 0.043513625 0)
(1.1689322 0.04099875 0)
(1.1925678 0.037704081 0)
(1.2129268 0.034089591 0)
(1.2301852 0.030558838 0)
(1.2446903 0.027331286 0)
(1.256878 0.024473252 0)
(1.2671747 0.021977089 0)
(1.2759451 0.019810764 0)
(1.283481 0.017935175 0)
(1.290012 0.016308894 0)
(1.2957188 0.014891428 0)
(1.3007436 0.013646369 0)
(1.3051988 0.01254321 0)
(1.3091728 0.011557533 0)
(1.3127361 0.010670223 0)
(1.3159451 0.0098663873 0)
(1.3188459 0.0091343762 0)
(1.3214765 0.0084649948 0)
(1.3238688 0.0078508905 0)
(1.3260498 0.0072860845 0)
(1.3280428 0.006765619 0)
(1.3298674 0.0062852988 0)
(1.3315412 0.0058415068 0)
(1.3330791 0.0054310749 0)
(1.3344943 0.0050511937 0)
(1.3357985 0.0046993486 0)
(1.3370019 0.0043732733 0)
(1.3381138 0.0040709147 0)
(1.339142 0.0037904069 0)
(1.340094 0.0035300493 0)
(1.340976 0.0032882892 0)
(1.341794 0.0030637063 0)
(1.3425532 0.0028550002 0)
(1.3432582 0.0026609785 0)
(1.3439133 0.0024805467 0)
(1.3445224 0.002312699 0)
(1.345089 0.0021565106 0)
(1.3456163 0.0020111306 0)
(1.3461071 0.0018757755 0)
(1.3465643 0.0017497234 0)
(1.3469902 0.001632309 0)
(1.347387 0.0015229183 0)
(1.347757 0.0014209839 0)
(1.3481019 0.0013259812 0)
(1.3484235 0.0012374243 0)
(1.3487234 0.001154863 0)
(1.3490033 0.0010778799 0)
(1.3492643 0.0010060878 0)
(1.3495079 0.00093912827 0)
(1.3497353 0.00087666884 0)
(1.3499474 0.00081840148 0)
(1.3501454 0.00076404035 0)
(1.3503303 0.00071331981 0)
(1.3505029 0.00066599258 0)
(1.350664 0.00062182814 0)
(1.3508144 0.00058061154 0)
(1.3509548 0.0005421425 0)
(1.351086 0.00050623458 0)
(1.3512084 0.00047271459 0)
(1.3513228 0.00044142166 0)
(1.3514296 0.00041220643 0)
(1.3515293 0.00038492975 0)
(1.3516224 0.00035946173 0)
(1.3517094 0.00033568044 0)
(1.3517906 0.00031347138 0)
(1.3518664 0.00029272645 0)
(1.3519372 0.00027334464 0)
(1.3520034 0.00025523057 0)
(1.3520651 0.00023829664 0)
(1.3521227 0.0002224597 0)
(1.3521765 0.00020764541 0)
(1.3522267 0.00019378047 0)
(1.3522735 0.00018080217 0)
(1.3523172 0.00016864239 0)
(1.3523578 0.00015724944 0)
(1.3523957 0.00014655487 0)
(1.352431 0.00013652264 0)
(1.3524638 0.00012707743 0)
(1.3524943 0.00011821202 0)
(1.3525227 0.00010983052 0)
(1.3525488 0.00010197995 0)
(1.3525732 9.4509887e-05 0)
(1.3525954 8.7568886e-05 0)
(1.3526164 8.0876921e-05 0)
(1.352635 7.4782544e-05 0)
(1.3526531 6.8723649e-05 0)
(1.3526683 6.3455399e-05 0)
(1.352684 5.784241e-05 0)
(1.352696 5.3452589e-05 0)
(1.35271 4.8041374e-05 0)
(1.3527185 4.4713698e-05 0)
(1.3527317 3.9171065e-05 0)
(1.3527364 3.7221402e-05 0)
(1.3527502 3.1222151e-05 0)
(1.0001568 0.0034383904 0)
(1.0134518 0.0092557595 0)
(1.036628 0.012853241 0)
(1.0666034 0.014335342 0)
(1.0987809 0.014626052 0)
(1.1300715 0.014363697 0)
(1.1593037 0.013741451 0)
(1.1861976 0.01284016 0)
(1.2106431 0.011790374 0)
(1.2325915 0.010728735 0)
(1.2521417 0.0097376731 0)
(1.2695378 0.0088459651 0)
(1.2850832 0.0080555409 0)
(1.2990634 0.0073596108 0)
(1.3117148 0.0067486867 0)
(1.3232262 0.0062117858 0)
(1.3337497 0.0057373904 0)
(1.3434089 0.0053147111 0)
(1.3523048 0.004934571 0)
(1.3605198 0.004589649 0)
(1.3681215 0.004274292 0)
(1.3751666 0.0039841812 0)
(1.3817032 0.0037160135 0)
(1.3877732 0.0034672429 0)
(1.3934137 0.00323588 0)
(1.3986577 0.0030203375 0)
(1.4035351 0.0028193133 0)
(1.408073 0.0026317074 0)
(1.4122964 0.0024565625 0)
(1.416228 0.0022930256 0)
(1.4198888 0.0021403223 0)
(1.4232982 0.00199774 0)
(1.4264741 0.001864618 0)
(1.429433 0.0017403396 0)
(1.4321902 0.0016243282 0)
(1.4347599 0.0015160431 0)
(1.4371552 0.0014149777 0)
(1.4393882 0.0013206568 0)
(1.4414702 0.001232635 0)
(1.4434117 0.0011504947 0)
(1.4452223 0.0010738449 0)
(1.4469111 0.0010023196 0)
(1.4484863 0.00093557643 0)
(1.4499558 0.00087329532 0)
(1.4513268 0.00081517755 0)
(1.4526061 0.00076094426 0)
(1.4537997 0.00071033532 0)
(1.4549136 0.00066310799 0)
(1.4559531 0.00061903578 0)
(1.4569232 0.00057790716 0)
(1.4578287 0.00053952458 0)
(1.4586739 0.00050370353 0)
(1.4594628 0.00047027179 0)
(1.4601993 0.00043906877 0)
(1.4608868 0.00040994486 0)
(1.4615286 0.00038276076 0)
(1.4621278 0.0003573868 0)
(1.4626872 0.00033370209 0)
(1.4632096 0.00031159381 0)
(1.4636973 0.00029095651 0)
(1.4641526 0.00027169159 0)
(1.4645778 0.00025370688 0)
(1.4649749 0.0002369163 0)
(1.4653456 0.00022123975 0)
(1.4656918 0.00020660269 0)
(1.4660151 0.00019293587 0)
(1.466317 0.00018017487 0)
(1.466599 0.00016825945 0)
(1.4668623 0.00015713329 0)
(1.4671081 0.00014674324 0)
(1.4673377 0.00013703941 0)
(1.4675521 0.00012797467 0)
(1.4677523 0.00011950507 0)
(1.4679393 0.00011158926 0)
(1.4681138 0.00010418951 0)
(1.4682768 9.7269883e-05 0)
(1.4684289 9.0798493e-05 0)
(1.4685709 8.4743231e-05 0)
(1.4687034 7.9077053e-05 0)
(1.468827 7.3769288e-05 0)
(1.4689422 6.8797865e-05 0)
(1.4690496 6.4131511e-05 0)
(1.4691497 5.9756223e-05 0)
(1.4692429 5.5636787e-05 0)
(1.4693295 5.1774263e-05 0)
(1.4694103 4.8121598e-05 0)
(1.469485 4.4707612e-05 0)
(1.4695547 4.1454538e-05 0)
(1.4696187 3.8444726e-05 0)
(1.4696788 3.5529502e-05 0)
(1.4697331 3.2895783e-05 0)
(1.4697848 3.0248083e-05 0)
(1.46983 2.7982237e-05 0)
(1.469875 2.5513924e-05 0)
(1.4699112 2.3641017e-05 0)
(1.4699514 2.1244436e-05 0)
(1.4699782 1.9846804e-05 0)
(1.4700163 1.7379041e-05 0)
(1.4700316 1.6574592e-05 0)
(1.4700726 1.3894208e-05 0)
(1.0001568 -0.0034383909 0)
(1.0134518 -0.0092557602 0)
(1.036628 -0.012853242 0)
(1.0666034 -0.014335343 0)
(1.0987809 -0.014626052 0)
(1.1300715 -0.014363697 0)
(1.1593037 -0.01374145 0)
(1.1861976 -0.012840158 0)
(1.2106431 -0.011790372 0)
(1.2325915 -0.010728734 0)
(1.2521417 -0.0097376725 0)
(1.2695378 -0.0088459658 0)
(1.2850832 -0.0080555428 0)
(1.2990634 -0.0073596134 0)
(1.3117148 -0.0067486894 0)
(1.3232262 -0.0062117877 0)
(1.3337497 -0.0057373909 0)
(1.3434089 -0.0053147099 0)
(1.3523048 -0.0049345684 0)
(1.3605198 -0.0045896456 0)
(1.3681215 -0.0042742888 0)
(1.3751666 -0.0039841792 0)
(1.3817032 -0.0037160132 0)
(1.3877732 -0.0034672445 0)
(1.3934137 -0.0032358832 0)
(1.3986577 -0.0030203412 0)
(1.4035351 -0.0028193165 0)
(1.408073 -0.0026317091 0)
(1.4122964 -0.0024565621 0)
(1.416228 -0.0022930232 0)
(1.4198888 -0.0021403184 0)
(1.4232982 -0.0019977358 0)
(1.4264741 -0.0018646145 0)
(1.429433 -0.0017403378 0)
(1.4321902 -0.0016243283 0)
(1.4347599 -0.0015160449 0)
(1.4371552 -0.0014149804 0)
(1.4393882 -0.0013206594 0)
(1.4414702 -0.0012326365 0)
(1.4434117 -0.0011504945 0)
(1.4452223 -0.001073843 0)
(1.4469111 -0.0010023164 0)
(1.4484863 -0.00093557269 0)
(1.4499558 -0.00087329189 0)
(1.4513268 -0.00081517494 0)
(1.4526061 -0.00076094254 0)
(1.4537997 -0.00071033417 0)
(1.4549136 -0.00066310683 0)
(1.4559531 -0.00061903399 0)
(1.4569232 -0.0005779044 0)
(1.4578287 -0.00053952085 0)
(1.4586739 -0.00050369922 0)
(1.4594628 -0.00047026742 0)
(1.4601993 -0.00043906475 0)
(1.4608868 -0.00040994124 0)
(1.4615286 -0.00038275712 0)
(1.4621278 -0.00035738241 0)
(1.4626873 -0.00033369615 0)
(1.4632096 -0.00031158584 0)
(1.4636973 -0.0002909466 0)
(1.4641526 -0.00027168036 0)
(1.4645778 -0.00025369538 0)
(1.4649749 -0.00023690559 0)
(1.4653456 -0.00022123045 0)
(1.4656918 -0.00020659475 0)
(1.4660151 -0.00019292841 0)
(1.4663171 -0.00018016659 0)
(1.466599 -0.00016824905 0)
(1.4668623 -0.00015712 0)
(1.4671081 -0.0001467273 0)
(1.4673377 -0.00013702196 0)
(1.4675521 -0.00012795759 0)
(1.4677523 -0.00011949027 0)
(1.4679393 -0.00011157811 0)
(1.4681138 -0.00010418214 0)
(1.4682768 -9.7265255e-05 0)
(1.4684289 -9.0794671e-05 0)
(1.4685709 -8.4738368e-05 0)
(1.4687034 -7.9070006e-05 0)
(1.468827 -7.3760861e-05 0)
(1.4689422 -6.8790032e-05 0)
(1.4690496 -6.4127687e-05 0)
(1.4691497 -5.9759219e-05 0)
(1.4692429 -5.5648678e-05 0)
(1.4693295 -5.1794655e-05 0)
(1.4694103 -4.8147965e-05 0)
(1.469485 -4.4736047e-05 0)
(1.4695548 -4.14804e-05 0)
(1.4696187 -3.8463997e-05 0)
(1.4696788 -3.5541053e-05 0)
(1.4697331 -3.290115e-05 0)
(1.4697848 -3.0251162e-05 0)
(1.46983 -2.7988177e-05 0)
(1.469875 -2.5526405e-05 0)
(1.4699112 -2.3662098e-05 0)
(1.4699514 -2.1269316e-05 0)
(1.4699782 -1.9867817e-05 0)
(1.4700163 -1.7392097e-05 0)
(1.4700316 -1.6570444e-05 0)
(1.4700726 -1.3883464e-05 0)
(1.0000321 -0.01172771 0)
(1.0173964 -0.030563017 0)
(1.0455868 -0.040990666 0)
(1.0788323 -0.044657244 0)
(1.1117703 -0.044906517 0)
(1.1419849 -0.043513625 0)
(1.1689322 -0.040998749 0)
(1.1925678 -0.03770408 0)
(1.2129268 -0.034089589 0)
(1.2301852 -0.030558837 0)
(1.2446903 -0.027331286 0)
(1.256878 -0.024473254 0)
(1.2671747 -0.021977091 0)
(1.2759451 -0.019810767 0)
(1.283481 -0.017935176 0)
(1.2900121 -0.016308894 0)
(1.2957188 -0.014891427 0)
(1.3007436 -0.013646367 0)
(1.3051988 -0.012543207 0)
(1.3091728 -0.011557531 0)
(1.3127361 -0.010670222 0)
(1.3159451 -0.0098663869 0)
(1.3188459 -0.0091343772 0)
(1.3214765 -0.008464997 0)
(1.3238688 -0.0078508931 0)
(1.3260498 -0.0072860868 0)
(1.3280428 -0.0067656203 0)
(1.3298674 -0.0062852987 0)
(1.3315412 -0.0058415052 0)
(1.3330791 -0.0054310723 0)
(1.3344943 -0.0050511908 0)
(1.3357985 -0.0046993461 0)
(1.3370019 -0.0043732718 0)
(1.3381138 -0.0040709145 0)
(1.339142 -0.0037904079 0)
(1.340094 -0.003530051 0)
(1.340976 -0.0032882908 0)
(1.341794 -0.0030637072 0)
(1.3425532 -0.0028550001 0)
(1.3432582 -0.0026609773 0)
(1.3439133 -0.0024805446 0)
(1.3445224 -0.0023126965 0)
(1.345089 -0.0021565082 0)
(1.3456163 -0.0020111286 0)
(1.3461071 -0.001875774 0)
(1.3465643 -0.0017497222 0)
(1.3469902 -0.0016323077 0)
(1.347387 -0.0015229165 0)
(1.347757 -0.0014209815 0)
(1.3481019 -0.0013259783 0)
(1.3484235 -0.0012374212 0)
(1.3487235 -0.0011548599 0)
(1.3490033 -0.001077877 0)
(1.3492643 -0.0010060851 0)
(1.3495079 -0.00093912538 0)
(1.3497353 -0.00087666525 0)
(1.3499474 -0.00081839668 0)
(1.3501455 -0.00076403406 0)
(1.3503303 -0.00071331216 0)
(1.3505029 -0.00066598403 0)
(1.350664 -0.00062181944 0)
(1.3508144 -0.00058060339 0)
(1.3509549 -0.00054213525 0)
(1.351086 -0.00050622813 0)
(1.3512085 -0.00047270828 0)
(1.3513228 -0.00044141461 0)
(1.3514296 -0.00041219778 0)
(1.3515293 -0.00038491906 0)
(1.3516225 -0.00035944926 0)
(1.3517094 -0.000335667 0)
(1.3517906 -0.0003134583 0)
(1.3518665 -0.00029271497 0)
(1.3519373 -0.00027333555 0)
(1.3520034 -0.00025522386 0)
(1.3520651 -0.00023829153 0)
(1.3521228 -0.00022245492 0)
(1.3521766 -0.00020763978 0)
(1.3522268 -0.00019377339 0)
(1.3522736 -0.00018079437 0)
(1.3523172 -0.00016863533 0)
(1.3523579 -0.00015724567 0)
(1.3523958 -0.00014655643 0)
(1.352431 -0.00013653098 0)
(1.3524639 -0.00012709216 0)
(1.3524943 -0.00011823128 0)
(1.3525227 -0.00010985129 0)
(1.3525488 -0.0001019988 0)
(1.3525733 -9.4524437e-05 0)
(1.3525955 -8.7579024e-05 0)
(1.3526165 -8.0883689e-05 0)
(1.352635 -7.4788903e-05 0)
(1.3526531 -6.8732384e-05 0)
(1.3526683 -6.3468702e-05 0)
(1.352684 -5.7860256e-05 0)
(1.352696 -5.3473496e-05 0)
(1.35271 -4.8061556e-05 0)
(1.3527185 -4.4729245e-05 0)
(1.3527317 -3.91819e-05 0)
(1.3527364 -3.7225761e-05 0)
(1.3527502 -3.1222837e-05 0)
(1.0002467 -0.026719375 0)
(1.0283936 -0.06255548 0)
(1.0646999 -0.077616156 0)
(1.0979952 -0.080476474 0)
(1.1240764 -0.078058279 0)
(1.1435812 -0.072916828 0)
(1.1579044 -0.065986852 0)
(1.1678877 -0.058204698 0)
(1.1741544 -0.050495786 0)
(1.1774192 -0.043467203 0)
(1.1784517 -0.037361309 0)
(1.1779313 -0.032190663 0)
(1.1763807 -0.027868336 0)
(1.1741779 -0.024277407 0)
(1.1715897 -0.021298541 0)
(1.1688025 -0.018820812 0)
(1.1659442 -0.016747065 0)
(1.1630997 -0.014996284 0)
(1.1603237 -0.013503442 0)
(1.1576498 -0.012217609 0)
(1.155097 -0.011099379 0)
(1.1526749 -0.010118344 0)
(1.1503869 -0.0092509659 0)
(1.1482324 -0.0084789032 0)
(1.1462083 -0.0077877252 0)
(1.1443101 -0.0071659405 0)
(1.1425324 -0.0066042693 0)
(1.1408692 -0.0060951084 0)
(1.1393144 -0.0056321408 0)
(1.1378619 -0.0052100527 0)
(1.1365056 -0.0048243263 0)
(1.1352396 -0.0044710862 0)
(1.1340583 -0.0041469831 0)
(1.1329564 -0.0038491039 0)
(1.1319285 -0.0035749016 0)
(1.13097 -0.0033221386 0)
(1.1300761 -0.0030888407 0)
(1.1292426 -0.0028732591 0)
(1.1284655 -0.002673839 0)
(1.1277408 -0.0024891928 0)
(1.1270651 -0.0023180779 0)
(1.1264351 -0.0021593782 0)
(1.1258476 -0.0020120881 0)
(1.1252997 -0.0018752996 0)
(1.1247887 -0.0017481905 0)
(1.1243122 -0.0016300151 0)
(1.1238677 -0.0015200951 0)
(1.1234532 -0.0014178122 0)
(1.1230665 -0.0013226008 0)
(1.1227057 -0.0012339427 0)
(1.1223692 -0.0011513616 0)
(1.1220552 -0.0010744193 0)
(1.1217622 -0.0010027121 0)
(1.1214889 -0.00093586829 0)
(1.1212338 -0.00087354512 0)
(1.1209957 -0.00081542685 0)
(1.1207736 -0.00076122198 0)
(1.1205662 -0.0007106609 0)
(1.1203727 -0.00066349343 0)
(1.1201921 -0.00061948693 0)
(1.1200235 -0.00057842463 0)
(1.1198661 -0.00054010455 0)
(1.1197192 -0.00050433883 0)
(1.1195821 -0.0004709531 0)
(1.119454 -0.00043978596 0)
(1.1193345 -0.00041068808 0)
(1.1192229 -0.00038352102 0)
(1.1191187 -0.00035815593 0)
(1.1190215 -0.00033447216 0)
(1.1189306 -0.00031235584 0)
(1.1188458 -0.00029169965 0)
(1.1187667 -0.00027240172 0)
(1.1186927 -0.00025436698 0)
(1.1186237 -0.0002375059 0)
(1.1185593 -0.00022173697 0)
(1.1184992 -0.00020698357 0)
(1.118443 -0.00019317742 0)
(1.1183906 -0.00018025172 0)
(1.1183417 -0.00016814827 0)
(1.1182961 -0.00015680394 0)
(1.1182535 -0.00014616843 0)
(1.1182139 -0.000136178 0)
(1.1181769 -0.00012679445 0)
(1.1181424 -0.00011795176 0)
(1.1181103 -0.00010963567 0)
(1.1180805 -0.00010177204 0)
(1.1180527 -9.4387755e-05 0)
(1.1180271 -8.7377523e-05 0)
(1.118003 -8.0835836e-05 0)
(1.117981 -7.4572923e-05 0)
(1.1179603 -6.8808387e-05 0)
(1.1179416 -6.3169094e-05 0)
(1.1179239 -5.8136443e-05 0)
(1.117908 -5.29633e-05 0)
(1.1178931 -4.8687472e-05 0)
(1.1178796 -4.3789901e-05 0)
(1.1178677 -4.0448513e-05 0)
(1.1178552 -3.5550504e-05 0)
(1.1178477 -3.3522653e-05 0)
(1.1178334 -2.8312792e-05 0)
(1.0019381 -0.052732954 0)
(1.0365395 -0.10225274 0)
(1.0602516 -0.11315449 0)
(1.0635369 -0.1090466 0)
(1.0522935 -0.099516703 0)
(1.0346516 -0.087114672 0)
(1.0147897 -0.073373123 0)
(0.99415463 -0.059906705 0)
(0.97358849 -0.047880417 0)
(0.95388173 -0.037787618 0)
(0.93564762 -0.029665826 0)
(0.91918057 -0.023329683 0)
(0.90451502 -0.018503102 0)
(0.89154102 -0.014887715 0)
(0.88008798 -0.012203269 0)
(0.86996961 -0.010210169 0)
(0.86100573 -0.0087174105 0)
(0.8530328 -0.0075805238 0)
(0.84590822 -0.0066945209 0)
(0.83951094 -0.0059853914 0)
(0.83373979 -0.0054021164 0)
(0.82851093 -0.004910047 0)
(0.82375499 -0.0044858298 0)
(0.81941448 -0.0041137196 0)
(0.81544148 -0.0037829999 0)
(0.81179573 -0.003486229 0)
(0.80844306 -0.0032180785 0)
(0.80535424 -0.0029745835 0)
(0.80250401 -0.0027526687 0)
(0.79987035 -0.0025498556 0)
(0.79743393 -0.0023640826 0)
(0.79517763 -0.0021935935 0)
(0.79308626 -0.0020368681 0)
(0.79114618 -0.0018925759 0)
(0.78934519 -0.0017595447 0)
(0.78767226 -0.0016367369 0)
(0.7861174 -0.0015232314 0)
(0.78467156 -0.0014182077 0)
(0.78332648 -0.0013209335 0)
(0.78207464 -0.0012307532 0)
(0.78090916 -0.0011470786 0)
(0.77982373 -0.0010693805 0)
(0.77881255 -0.00099718201 0)
(0.77787031 -0.00093005234 0)
(0.7769921 -0.00086760163 0)
(0.7761734 -0.00080947613 0)
(0.77541002 -0.0007553539 0)
(0.77469812 -0.00070494089 0)
(0.77403411 -0.00065796761 0)
(0.77341469 -0.00061418637 0)
(0.77283679 -0.00057336895 0)
(0.77229757 -0.00053530503 0)
(0.77179439 -0.00049980073 0)
(0.7713248 -0.00046667753 0)
(0.77088652 -0.000435771 0)
(0.77047744 -0.00040692951 0)
(0.77009557 -0.00038001282 0)
(0.7697391 -0.00035489066 0)
(0.7694063 -0.00033144149 0)
(0.7690956 -0.00030955175 0)
(0.7688055 -0.00028911513 0)
(0.76853465 -0.00027003261 0)
(0.76828174 -0.00025221219 0)
(0.76804559 -0.0002355689 0)
(0.76782507 -0.00022002441 0)
(0.76761916 -0.00020550634 0)
(0.76742687 -0.00019194743 0)
(0.7672473 -0.00017928454 0)
(0.76707961 -0.00016745777 0)
(0.76692302 -0.00015641009 0)
(0.76677678 -0.00014608712 0)
(0.76664023 -0.00013643754 0)
(0.76651271 -0.00012741357 0)
(0.76639366 -0.00011897118 0)
(0.76628251 -0.00011107075 0)
(0.76617876 -0.00010367557 0)
(0.76608192 -9.6752785e-05 0)
(0.76599156 -9.026984e-05 0)
(0.76590726 -8.4197062e-05 0)
(0.76582864 -7.8502175e-05 0)
(0.76575535 -7.3157719e-05 0)
(0.76568707 -6.8131058e-05 0)
(0.76562349 -6.3401524e-05 0)
(0.76556434 -5.8937935e-05 0)
(0.76550934 -5.4733711e-05 0)
(0.7654583 -5.0757195e-05 0)
(0.76541091 -4.7021252e-05 0)
(0.76536705 -4.3481692e-05 0)
(0.76532641 -4.0175515e-05 0)
(0.76528896 -3.7023986e-05 0)
(0.76525433 -3.4104306e-05 0)
(0.76522258 -3.1275984e-05 0)
(0.76519331 -2.8697764e-05 0)
(0.76516659 -2.6129261e-05 0)
(0.76514223 -2.3883424e-05 0)
(0.76511972 -2.1539641e-05 0)
(0.76510027 -1.9687991e-05 0)
(0.76508029 -1.753289e-05 0)
(0.76506733 -1.6281751e-05 0)
(0.76504468 -1.4208107e-05 0)
(0.92074242 -0.033827681 0)
(0.8635379 -0.056684191 0)
(0.78799127 -0.052753994 0)
(0.69766161 -0.041237061 0)
(0.61471542 -0.030203139 0)
(0.54875554 -0.020988077 0)
(0.49827309 -0.013660659 0)
(0.45949312 -0.0082997557 0)
(0.42978721 -0.0047358852 0)
(0.4072852 -0.0025321856 0)
(0.39034401 -0.0012497979 0)
(0.37751559 -0.00056180399 0)
(0.36764107 -0.00024261414 0)
(0.35985945 -0.00013663586 0)
(0.35355677 -0.00013975902 0)
(0.34830595 -0.00018760823 0)
(0.34381545 -0.00024452841 0)
(0.33988918 -0.00029351222 0)
(0.33639623 -0.00032844163 0)
(0.33324896 -0.00034888566 0)
(0.33038778 -0.00035693935 0)
(0.32777096 -0.00035546841 0)
(0.32536797 -0.00034724162 0)
(0.32315537 -0.00033457841 0)
(0.32111429 -0.00031926622 0)
(0.31922887 -0.00030260197 0)
(0.31748537 -0.00028547966 0)
(0.31587163 -0.00026848523 0)
(0.31437679 -0.00025198172 0)
(0.31299103 -0.00023617785 0)
(0.31170546 -0.0002211798 0)
(0.31051204 -0.00020702814 0)
(0.30940345 -0.00019372321 0)
(0.30837305 -0.00018124198 0)
(0.30741479 -0.00016954879 0)
(0.30652319 -0.00015860206 0)
(0.30569321 -0.00014835821 0)
(0.30492028 -0.00013877384 0)
(0.30420021 -0.00012980694 0)
(0.30352917 -0.00012141745 0)
(0.30290363 -0.0001135676 0)
(0.30232035 -0.00010622203 0)
(0.30177636 -9.9347873e-05 0)
(0.30126891 -9.29147e-05 0)
(0.30079546 -8.6894378e-05 0)
(0.30035366 -8.1260814e-05 0)
(0.29994134 -7.5989672e-05 0)
(0.29955648 -7.1058059e-05 0)
(0.29919722 -6.6444326e-05 0)
(0.29886183 -6.2127961e-05 0)
(0.29854869 -5.8089589e-05 0)
(0.2982563 -5.4311094e-05 0)
(0.29798328 -5.0775672e-05 0)
(0.29772833 -4.7467876e-05 0)
(0.29749024 -4.4373522e-05 0)
(0.29726789 -4.1479446e-05 0)
(0.29706023 -3.8773305e-05 0)
(0.29686627 -3.6243268e-05 0)
(0.29668512 -3.387794e-05 0)
(0.29651592 -3.1666342e-05 0)
(0.29635788 -2.9598013e-05 0)
(0.29621026 -2.7663272e-05 0)
(0.29607238 -2.5853284e-05 0)
(0.29594359 -2.4160193e-05 0)
(0.29582329 -2.2576983e-05 0)
(0.29571092 -2.1097243e-05 0)
(0.29560596 -1.9714901e-05 0)
(0.29550791 -1.8423915e-05 0)
(0.29541632 -1.7218144e-05 0)
(0.29533076 -1.6091429e-05 0)
(0.29525085 -1.5037672e-05 0)
(0.2951762 -1.4051322e-05 0)
(0.29510649 -1.3127441e-05 0)
(0.29504138 -1.2262036e-05 0)
(0.29498058 -1.1451899e-05 0)
(0.29492381 -1.0694261e-05 0)
(0.29487082 -9.9866155e-06 0)
(0.29482134 -9.3258862e-06 0)
(0.29477517 -8.7088275e-06 0)
(0.2947321 -8.131048e-06 0)
(0.29469193 -7.588819e-06 0)
(0.29465449 -7.0772591e-06 0)
(0.29461963 -6.5945337e-06 0)
(0.29458718 -6.1365273e-06 0)
(0.29455701 -5.7055941e-06 0)
(0.294529 -5.2973061e-06 0)
(0.29450299 -4.9184149e-06 0)
(0.29447889 -4.5595172e-06 0)
(0.29445656 -4.2313972e-06 0)
(0.29443594 -3.9141143e-06 0)
(0.2944169 -3.6262593e-06 0)
(0.2943994 -3.3347669e-06 0)
(0.2943833 -3.0744414e-06 0)
(0.29436859 -2.8014943e-06 0)
(0.29435515 -2.5666364e-06 0)
(0.29434286 -2.3344364e-06 0)
(0.29433186 -2.1180785e-06 0)
(0.29432133 -2.0180452e-06 0)
(0.29431296 -1.6433354e-06 0)
(0.29430082 -2.0370303e-06 0)
)
;

boundaryField
{
    top
    {
        type            fixedValue;
        value           uniform (0 0 0);
    }
    bottom
    {
        type            fixedValue;
        value           uniform (0 0 0);
    }
    inlet
    {
        type            fixedValue;
        value           uniform (1 0 0);
    }
    outlet
    {
        type            zeroGradient;
    }
    front
    {
        type            empty;
    }
    back
    {
        type            empty;
    }
}


// ************************************************************************* //
