/*--------------------------------*- C++ -*----------------------------------*\
  =========                 |
  \\      /  F ield         | OpenFOAM: The Open Source CFD Toolbox
   \\    /   O peration     | Website:  https://openfoam.org
    \\  /    A nd           | Version:  13
     \\/     M anipulation  |
\*---------------------------------------------------------------------------*/
FoamFile
{
    format      ascii;
    class       volScalarField;
    location    "16";
    object      p;
}
// * * * * * * * * * * * * * * * * * * * * * * * * * * * * * * * * * * * * * //

dimensions      [0 2 -2 0 0 0 0];

internalField   nonuniform List<scalar> 
1000
(
1.6803192
1.5603209
1.4644463
1.4005787
1.351982
1.3093853
1.2715544
1.2388437
1.2107357
1.1861471
1.1640601
1.1437128
1.1245747
1.106289
1.0886245
1.0714365
1.0546369
1.0381719
1.0220079
1.0061219
0.99049625
0.97511613
0.95996771
0.94503774
0.93031334
0.91578197
0.90143151
0.88725039
0.87322757
0.85935267
0.84561592
0.83200816
0.81852086
0.80514605
0.79187631
0.77870471
0.7656248
0.75263059
0.73971646
0.72687719
0.7141079
0.70140404
0.68876135
0.67617585
0.66364385
0.65116186
0.63872663
0.62633514
0.61398454
0.60167219
0.58939559
0.57715243
0.56494053
0.55275786
0.54060253
0.52847275
0.51636686
0.5042833
0.49222062
0.48017745
0.46815254
0.45614467
0.44415275
0.43217574
0.42021265
0.40826257
0.39632466
0.38439812
0.3724822
0.36057622
0.34867951
0.33679148
0.32491155
0.3130392
0.30117392
0.28931525
0.27746276
0.26561604
0.25377471
0.24193842
0.23010684
0.21827967
0.20645662
0.19463739
0.18282174
0.17100944
0.15920029
0.14739408
0.1355906
0.12378966
0.11199108
0.10019473
0.088400483
0.076608212
0.064817754
0.053028963
0.041241777
0.029456003
0.017671896
0.0058888622
1.558579
1.503836
1.4426759
1.3908468
1.3478246
1.3095278
1.2745258
1.2430396
1.2151077
1.1902083
1.1676088
1.1466814
1.1269782
1.1081943
1.0901204
1.0726117
1.0555682
1.0389208
1.0226212
1.006634
0.9909322
0.97549359
0.96029929
0.94533244
0.93057767
0.91602071
0.90164829
0.88744802
0.87340832
0.85951838
0.84576815
0.83214826
0.81864997
0.80526519
0.79198637
0.77880649
0.76571902
0.75271788
0.7397974
0.72695229
0.71417762
0.7014688
0.68882154
0.67623182
0.66369591
0.65121031
0.63877174
0.62637715
0.61402367
0.60170864
0.58942956
0.57718409
0.56497005
0.55278539
0.5406282
0.5284967
0.5163892
0.50430414
0.49224006
0.4801956
0.46816947
0.45616048
0.4441675
0.4321895
0.4202255
0.40827457
0.39633587
0.38440858
0.37249197
0.36058533
0.34868802
0.33679943
0.32491898
0.31304613
0.30118039
0.28932129
0.2774684
0.26562131
0.25377964
0.24194302
0.23011113
0.21828368
0.20646036
0.1946409
0.18282501
0.17101249
0.15920313
0.14739674
0.1355931
0.12379199
0.11199324
0.10019674
0.088402364
0.076609979
0.064819415
0.053030489
0.041243194
0.0294572
0.017672961
0.0058894492
1.4970636
1.4707069
1.4325513
1.391851
1.3533089
1.3173113
1.2834947
1.2520435
1.2232433
1.1970454
1.1731021
1.1509793
1.1302905
1.1107302
1.092064
1.0741142
1.0567472
1.0398642
1.0233926
1.0072785
0.99148131
0.97596937
0.9607172
0.94570345
0.9309097
0.91631967
0.9019187
0.88769345
0.8736317
0.85972216
0.84595441
0.8323188
0.81880638
0.80540885
0.7921185
0.77892818
0.76583122
0.75282145
0.7398931
0.72704081
0.71425957
0.70154473
0.68889194
0.67629715
0.66375656
0.65126664
0.6388241
0.62642583
0.61406896
0.60175078
0.58946879
0.57722062
0.56500407
0.55281709
0.54065774
0.52852423
0.51641486
0.50432807
0.49226238
0.48021641
0.46818888
0.45617859
0.4441844
0.43220527
0.42024022
0.40828831
0.39634868
0.38442054
0.37250313
0.36059575
0.34869775
0.33680851
0.32492746
0.31305405
0.30118779
0.2893282
0.27747485
0.26562733
0.25378526
0.24194827
0.23011604
0.21828826
0.20646463
0.19464489
0.18282874
0.17101598
0.15920639
0.14739978
0.13559592
0.12379463
0.11199571
0.10019907
0.088404526
0.076611997
0.064821276
0.053032243
0.041244793
0.029458707
0.017674141
0.0058904059
1.4680476
1.4522018
1.4255487
1.3921887
1.3569488
1.3224386
1.2894497
1.2582743
1.2291834
1.2023136
1.1775651
1.1546678
1.1333006
1.1131696
1.0940349
1.0757086
1.0580449
1.040931
1.0242804
1.008027
0.9921205
0.97652177
0.96119968
0.94612875
0.93128751
0.91665745
0.90222228
0.8879675
0.87387998
0.85994779
0.84616001
0.83250657
0.81897823
0.80556641
0.79226321
0.77906128
0.76595382
0.75293451
0.73999749
0.72713729
0.71434882
0.70162737
0.68896852
0.67636816
0.66382246
0.65132783
0.63888094
0.62647866
0.61411808
0.60179648
0.58951131
0.5772602
0.56504093
0.55285142
0.54068973
0.52855403
0.51644264
0.50435397
0.49228652
0.48023893
0.46820988
0.45619817
0.44420268
0.43222232
0.42025612
0.40830315
0.39636253
0.38443347
0.3725152
0.36060702
0.34870827
0.33681833
0.32493662
0.31306261
0.30119578
0.28933566
0.27748181
0.26563382
0.25379133
0.24195397
0.23012136
0.21829319
0.2064692
0.19464915
0.18283279
0.17101982
0.15920995
0.14740303
0.13559889
0.12379744
0.11199842
0.10020166
0.088406886
0.076614144
0.064823206
0.053034157
0.041246537
0.029460511
0.017675536
0.0058919596
1.4555
1.4432578
1.4211846
1.3913808
1.3580177
1.3243871
1.2919306
1.2610703
1.2320217
1.2049592
1.1799012
1.1566741
1.135
1.1145969
1.095227
1.0767028
1.0588768
1.0416321
1.0248769
1.0085399
0.99256598
0.97691239
0.96154512
0.94643648
0.93156335
0.91690595
0.9024471
0.88817158
0.87406575
0.8601173
0.84631499
0.83264853
0.81910846
0.80568605
0.79237326
0.77916263
0.76604727
0.75302076
0.74007717
0.72721096
0.714417
0.70169051
0.68902704
0.67642243
0.66387281
0.65137458
0.63892437
0.62651902
0.6141556
0.60183138
0.58954378
0.57729042
0.56506907
0.55287762
0.54071414
0.52857677
0.51646383
0.50437372
0.49230493
0.48025609
0.46822589
0.45621311
0.44421661
0.43223532
0.42026825
0.40831446
0.39637308
0.38444331
0.37252439
0.3606156
0.34871628
0.33682581
0.3249436
0.31306912
0.30120186
0.28934134
0.2774871
0.26563875
0.25379595
0.24195832
0.23012543
0.21829693
0.20647262
0.19465238
0.18283592
0.17102282
0.15921267
0.14740542
0.13560107
0.1237996
0.11200058
0.1002037
0.088408647
0.076615701
0.064824634
0.053035665
0.041247917
0.029461939
0.017676679
0.0058933514
1.4555
1.4432578
1.4211846
1.3913808
1.3580177
1.3243871
1.2919306
1.2610703
1.2320217
1.2049592
1.1799012
1.1566741
1.135
1.1145969
1.095227
1.0767028
1.0588768
1.0416321
1.0248769
1.0085399
0.99256598
0.97691239
0.96154512
0.94643648
0.93156335
0.91690595
0.9024471
0.88817158
0.87406575
0.8601173
0.84631499
0.83264853
0.81910846
0.80568605
0.79237326
0.77916263
0.76604727
0.75302076
0.74007717
0.72721096
0.714417
0.70169051
0.68902704
0.67642243
0.66387282
0.65137458
0.63892437
0.62651902
0.6141556
0.60183137
0.58954378
0.57729043
0.56506907
0.55287763
0.54071414
0.52857677
0.51646383
0.50437371
0.49230493
0.48025609
0.46822589
0.45621311
0.44421661
0.43223532
0.42026824
0.40831445
0.39637308
0.38444331
0.37252439
0.36061561
0.34871629
0.33682581
0.32494359
0.31306912
0.30120187
0.28934134
0.27748709
0.26563875
0.25379597
0.24195834
0.23012543
0.2182969
0.20647259
0.19465241
0.18283598
0.17102285
0.15921263
0.14740533
0.13560104
0.12379966
0.11200066
0.10020372
0.088408591
0.076615642
0.064824634
0.053035708
0.041247943
0.02946193
0.017676667
0.0058933504
1.4680476
1.4522018
1.4255487
1.3921887
1.3569488
1.3224386
1.2894497
1.2582743
1.2291834
1.2023136
1.1775651
1.1546678
1.1333006
1.1131696
1.0940349
1.0757086
1.0580449
1.040931
1.0242804
1.008027
0.99212051
0.97652177
0.96119968
0.94612875
0.93128751
0.91665745
0.90222228
0.8879675
0.87387998
0.85994779
0.84616
0.83250657
0.81897823
0.80556641
0.79226321
0.77906128
0.76595382
0.75293451
0.73999749
0.72713728
0.71434882
0.70162737
0.68896852
0.67636817
0.66382246
0.65132783
0.63888094
0.62647866
0.61411808
0.60179648
0.58951131
0.57726021
0.56504094
0.55285142
0.54068973
0.52855403
0.51644264
0.50435396
0.49228652
0.48023893
0.46820989
0.45619818
0.44420268
0.43222232
0.42025612
0.40830314
0.39636253
0.38443347
0.3725152
0.36060703
0.34870828
0.33681833
0.32493662
0.3130626
0.30119578
0.28933565
0.27748179
0.26563383
0.25379136
0.241954
0.23012134
0.21829312
0.20646915
0.19464921
0.18283291
0.17101987
0.15920986
0.14740287
0.13559884
0.12379756
0.11199857
0.10020169
0.08840678
0.076614034
0.064823203
0.05303423
0.041246582
0.0294605
0.017675522
0.0058919577
1.4970636
1.4707069
1.4325513
1.391851
1.3533089
1.3173113
1.2834947
1.2520435
1.2232433
1.1970454
1.1731021
1.1509793
1.1302905
1.1107302
1.092064
1.0741142
1.0567472
1.0398642
1.0233926
1.0072785
0.99148131
0.97596937
0.9607172
0.94570345
0.9309097
0.91631967
0.9019187
0.88769345
0.8736317
0.85972216
0.84595441
0.8323188
0.81880638
0.80540885
0.7921185
0.77892818
0.76583122
0.75282145
0.7398931
0.72704081
0.71425957
0.70154473
0.68889194
0.67629715
0.66375656
0.65126664
0.63882409
0.62642583
0.61406895
0.60175078
0.58946879
0.57722062
0.56500408
0.55281709
0.54065774
0.52852422
0.51641486
0.50432807
0.49226238
0.48021641
0.46818889
0.45617859
0.44418441
0.43220527
0.42024021
0.4082883
0.39634868
0.38442054
0.37250314
0.36059576
0.34869776
0.33680851
0.32492746
0.31305405
0.30118778
0.28932819
0.27747484
0.26562734
0.25378528
0.24194828
0.23011601
0.21828821
0.20646462
0.19464494
0.18282881
0.17101599
0.15920632
0.14739969
0.13559591
0.12379471
0.11199579
0.10019908
0.088404468
0.076611938
0.064821269
0.053032271
0.041244815
0.029458714
0.017674144
0.0058904068
1.558579
1.503836
1.4426759
1.3908468
1.3478246
1.3095278
1.2745258
1.2430396
1.2151077
1.1902083
1.1676088
1.1466814
1.1269782
1.1081943
1.0901204
1.0726117
1.0555682
1.0389208
1.0226212
1.006634
0.9909322
0.97549359
0.96029929
0.94533244
0.93057767
0.91602071
0.90164829
0.88744802
0.87340832
0.85951838
0.84576815
0.83214825
0.81864997
0.80526519
0.79198637
0.77880649
0.76571903
0.75271788
0.7397974
0.72695228
0.71417762
0.7014688
0.68882154
0.67623183
0.66369591
0.65121031
0.63877174
0.62637714
0.61402367
0.60170864
0.58942956
0.5771841
0.56497005
0.55278539
0.5406282
0.52849669
0.51638919
0.50430414
0.49224006
0.4801956
0.46816947
0.45616048
0.44416751
0.4321895
0.4202255
0.40827457
0.39633586
0.38440858
0.37249197
0.36058533
0.34868802
0.33679943
0.32491898
0.31304613
0.30118039
0.28932129
0.2774684
0.26562132
0.25377964
0.24194301
0.23011112
0.21828367
0.20646037
0.19464092
0.18282502
0.17101248
0.1592031
0.14739673
0.1355931
0.12379201
0.11199325
0.10019674
0.08840236
0.076609972
0.064819406
0.053030481
0.041243192
0.029457207
0.017672972
0.0058894541
1.6803192
1.5603209
1.4644463
1.4005787
1.351982
1.3093853
1.2715544
1.2388437
1.2107357
1.1861471
1.1640601
1.1437128
1.1245747
1.106289
1.0886245
1.0714365
1.0546369
1.0381719
1.0220079
1.0061219
0.99049625
0.97511613
0.95996771
0.94503774
0.93031334
0.91578197
0.90143151
0.88725039
0.87322757
0.85935267
0.84561592
0.83200816
0.81852086
0.80514605
0.79187631
0.77870471
0.7656248
0.75263059
0.73971646
0.72687719
0.7141079
0.70140404
0.68876135
0.67617586
0.66364385
0.65116186
0.63872663
0.62633514
0.61398454
0.60167219
0.58939559
0.57715243
0.56494053
0.55275787
0.54060253
0.52847275
0.51636686
0.5042833
0.49222062
0.48017746
0.46815254
0.45614468
0.44415276
0.43217574
0.42021265
0.40826257
0.39632466
0.38439812
0.3724822
0.36057622
0.34867951
0.33679148
0.32491155
0.3130392
0.30117392
0.28931525
0.27746276
0.26561604
0.25377471
0.24193842
0.23010684
0.21827968
0.20645662
0.1946374
0.18282174
0.17100944
0.15920028
0.14739408
0.1355906
0.12378965
0.11199107
0.10019474
0.088400494
0.076608215
0.064817743
0.053028947
0.041241771
0.029456008
0.017671905
0.0058888671
)
;

boundaryField
{
    top
    {
        type            zeroGradient;
    }
    bottom
    {
        type            zeroGradient;
    }
    inlet
    {
        type            zeroGradient;
    }
    outlet
    {
        type            fixedValue;
        value           uniform 0;
    }
    front
    {
        type            empty;
    }
    back
    {
        type            empty;
    }
}


// ************************************************************************* //
