/*--------------------------------*- C++ -*----------------------------------*\
  =========                 |
  \\      /  F ield         | OpenFOAM: The Open Source CFD Toolbox
   \\    /   O peration     | Website:  https://openfoam.org
    \\  /    A nd           | Version:  13
     \\/     M anipulation  |
\*---------------------------------------------------------------------------*/
FoamFile
{
    format      ascii;
    class       surfaceScalarField;
    location    "16";
    object      phi;
}
// * * * * * * * * * * * * * * * * * * * * * * * * * * * * * * * * * * * * * //

dimensions      [0 3 -1 0 0 0 0];

internalField   nonuniform List<scalar> 
1890
(
0.0093140727
0.00068592734
0.0082963401
0.0010177326
0.0073480838
0.00094825625
0.0065167791
0.00083130473
0.0058112103
0.00070556886
0.0052369127
0.00057429754
0.0047862484
0.00045066426
0.004441012
0.00034523641
0.0041802971
0.0002607149
0.0039843511
0.00019594607
0.0038366531
0.00014769799
0.003724003
0.00011265009
0.0036363473
8.7655672e-05
0.0035663586
6.9988765e-05
0.0035088729
5.748561e-05
0.0034603388
4.8534123e-05
0.0034183544
4.1984434e-05
0.0033813121
3.7042264e-05
0.0033481383
3.3173824e-05
0.003318109
3.0029289e-05
0.0032907248
2.7384166e-05
0.0032656285
2.5096346e-05
0.0032425523
2.307619e-05
0.0032212857
2.1266629e-05
0.0032016553
1.9630405e-05
0.0031835132
1.8142099e-05
0.0031667299
1.6783307e-05
0.0031511901
1.5539788e-05
0.0031367902
1.4399856e-05
0.0031234367
1.3353497e-05
0.0031110448
1.2391893e-05
0.0030995377
1.1507166e-05
0.0030888454
1.0692243e-05
0.0030789047
9.9407542e-06
0.0030696577
9.2469769e-06
0.0030610519
8.6057706e-06
0.0030530394
8.0125255e-06
0.0030455763
7.463108e-06
0.0030386225
6.953809e-06
0.0030321412
6.4812957e-06
0.0030260986
6.0425679e-06
0.0030204637
5.6349195e-06
0.0030152078
5.2559059e-06
0.0030103045
4.9033145e-06
0.0030057293
4.5751392e-06
0.0030014598
4.2695558e-06
0.0029974749
3.9849005e-06
0.0029937552
3.7196503e-06
0.0029902828
3.4724055e-06
0.0029870409
3.2418784e-06
0.0029840141
3.0268824e-06
0.0029811877
2.8263255e-06
0.0029785485
2.6392032e-06
0.002976084
2.4645904e-06
0.0029737823
2.3016338e-06
0.0029716328
2.1495414e-06
0.0029696252
2.0075754e-06
0.0029677501
1.8750463e-06
0.0029659988
1.7513101e-06
0.0029643631
1.6357683e-06
0.0029628352
1.5278672e-06
0.0029614081
1.4270964e-06
0.0029600751
1.3329864e-06
0.00295883
1.2451011e-06
0.002957667
1.1630335e-06
0.0029565806
1.0863975e-06
0.0029555658
1.0148278e-06
0.0029546178
9.4797704e-07
0.0029537323
8.8552529e-07
0.0029529051
8.2717438e-07
0.0029521324
7.7266028e-07
0.0029514107
7.2173407e-07
0.0029507365
6.7417611e-07
0.0029501067
6.2976405e-07
0.0029495184
5.8830111e-07
0.0029489689
5.4956807e-07
0.0029484555
5.1338915e-07
0.0029479759
4.7956213e-07
0.002947528
4.4797144e-07
0.0029471095
4.184339e-07
0.0029467186
3.9087743e-07
0.0029463535
3.6509321e-07
0.0029460124
3.4107644e-07
0.0029456939
3.1858075e-07
0.0029453962
2.9768028e-07
0.0029451182
2.779998e-07
0.0029448585
2.597542e-07
0.0029446159
2.4247533e-07
0.0029443892
2.2667415e-07
0.0029441777
2.1159561e-07
0.0029439797
1.9798461e-07
0.0029437951
1.846136e-07
0.0029436224
1.7274938e-07
0.0029434615
1.608501e-07
0.0029433107
1.5073951e-07
0.0029431701
1.406356e-07
0.0029430381
1.3206258e-07
0.0029429133
1.2478178e-07
0.0029427967
1.1655663e-07
1.1718161e-07
0.010341662
0.00034426525
0.010578184
0.00078121018
0.010615671
0.00091076959
0.010553945
0.0008930309
0.010425822
0.00083369229
0.010248587
0.00075153209
0.010044962
0.0006542893
0.0098354604
0.00055473799
0.0096327827
0.00046339255
0.0094437308
0.000384998
0.0092713466
0.00032008221
0.009116574
0.00026742267
0.0089789731
0.0002252566
0.0088572402
0.00019172159
0.0087496634
0.00016506247
0.0086544455
0.00014375196
0.00856989
0.00012654001
0.0084944844
0.00011244777
0.0084269262
0.00010073204
0.0083661156
9.0839871e-05
0.0083111354
8.2364452e-05
0.0082612243
7.5007432e-05
0.0082157512
6.8549273e-05
0.0081741908
6.2827027e-05
0.0081361031
5.7718132e-05
0.0081011164
5.3128767e-05
0.0080689141
4.8985624e-05
0.0080392237
4.5230166e-05
0.0080118089
4.1814678e-05
0.0079864628
3.869955e-05
0.0079630033
3.5851393e-05
0.0079412688
3.3241713e-05
0.0079211151
3.0845953e-05
0.007902413
2.8642786e-05
0.0078850464
2.6613573e-05
0.0078689103
2.4741945e-05
0.0078539093
2.301346e-05
0.0078399571
2.1415326e-05
0.0078269748
1.9936167e-05
0.0078148902
1.8565829e-05
0.0078036376
1.729522e-05
0.0077931563
1.6116171e-05
0.0077833909
1.5021324e-05
0.0077742902
1.4004035e-05
0.007765807
1.3058289e-05
0.007757898
1.2178624e-05
0.0077505228
1.1360067e-05
0.0077436444
1.0598074e-05
0.0077372283
9.8884794e-06
0.0077312427
9.2274642e-06
0.0077256581
8.6115197e-06
0.007720447
8.0374225e-06
0.007715584
7.5022094e-06
0.0077110454
7.0031529e-06
0.0077068093
6.5377362e-06
0.0077028552
6.1036289e-06
0.0076991641
5.6986674e-06
0.0076957183
5.320839e-06
0.0076925014
4.9682727e-06
0.0076894979
4.6392335e-06
0.0076866937
4.3321172e-06
0.0076840753
4.0454423e-06
0.0076816305
3.7778417e-06
0.0076793475
3.5280431e-06
0.0076772157
3.2948602e-06
0.0076752249
3.0771735e-06
0.0076733658
2.8739343e-06
0.0076716296
2.6841543e-06
0.0076700082
2.5069242e-06
0.007668494
2.341398e-06
0.0076670799
2.1868156e-06
0.0076657591
2.0424578e-06
0.0076645256
1.9076738e-06
0.0076633736
1.7818128e-06
0.0076622976
1.6643016e-06
0.0076612926
1.5545419e-06
0.0076603539
1.4520516e-06
0.0076594772
1.3562719e-06
0.0076586584
1.2668279e-06
0.0076578936
1.1832042e-06
0.0076571793
1.1051986e-06
0.007656512
1.0322848e-06
0.0076558888
9.6437362e-07
0.0076553067
9.0072298e-07
0.007654763
8.4145424e-07
0.0076542552
7.8568451e-07
0.0076537808
7.3411429e-07
0.0076533377
6.8544161e-07
0.0076529236
6.4088637e-07
0.0076525372
5.9808185e-07
0.0076521758
5.5943332e-07
0.0076518391
5.2127885e-07
0.0076515234
4.8832897e-07
0.00765123
4.5420061e-07
0.0076509538
4.2704213e-07
0.0076506989
3.9554362e-07
0.0076504565
3.7453111e-07
0.0076502372
3.4406569e-07
0.0076500219
3.3179616e-07
3.0213918e-07
0.010181464
0.00016280099
0.010521798
0.00044087647
0.010842482
0.00059008571
0.011112769
0.00062274377
0.01133602
0.00061044159
0.011508579
0.00057897246
0.011630744
0.0005321246
0.011709907
0.00047557512
0.011755697
0.00041760214
0.011776644
0.00036405133
0.011779503
0.0003172236
0.011769652
0.0002772735
0.01175133
0.00024357852
0.011727726
0.00021532526
0.011701127
0.00019166164
0.011673116
0.00017176286
0.011644765
0.00015489118
0.011616781
0.00014043211
0.011589614
0.00012789905
0.011563536
0.00011691718
0.0115387
0.00010720077
0.011515175
9.8531957e-05
0.011492981
9.074368e-05
0.011472101
8.3706561e-05
0.011452501
7.7319039e-05
0.011434129
7.1499989e-05
0.011416932
6.6183321e-05
0.011400848
6.1314125e-05
0.011385816
5.6845954e-05
0.011371777
5.2738923e-05
0.01135867
4.8958366e-05
0.011346438
4.5473863e-05
0.011335025
4.2258531e-05
0.01132438
3.9288474e-05
0.011314451
3.6542362e-05
0.011305192
3.4001092e-05
0.011296558
3.1647496e-05
0.011288507
2.9466109e-05
0.011281
2.7442963e-05
0.011274001
2.5565409e-05
0.011267474
2.3821971e-05
0.011261388
2.2202216e-05
0.011255712
2.0696649e-05
0.01125042
1.9296611e-05
0.011245484
1.7994193e-05
0.01124088
1.6782162e-05
0.011236587
1.5653881e-05
0.011232581
1.460325e-05
0.011228845
1.3624652e-05
0.01122536
1.2712915e-05
0.011222108
1.186327e-05
0.011219074
1.1071323e-05
0.011216243
1.0333022e-05
0.011213602
9.6446283e-06
0.011211137
9.0026791e-06
0.011208837
8.4039636e-06
0.01120669
7.845498e-06
0.011204686
7.3245055e-06
0.011202816
6.8384065e-06
0.01120107
6.3848073e-06
0.011199441
5.9614942e-06
0.01119792
5.5664204e-06
0.0111965
5.1976926e-06
0.011195175
4.8535475e-06
0.011193937
4.5323368e-06
0.011192782
4.2325066e-06
0.011191703
3.9526054e-06
0.011190696
3.6912703e-06
0.011189756
3.4472509e-06
0.011188878
3.2193826e-06
0.011188058
3.0066172e-06
0.011187292
2.8079623e-06
0.011186578
2.6225135e-06
0.01118591
2.4493495e-06
0.011185287
2.2876622e-06
0.011184705
2.136638e-06
0.011184161
1.9956574e-06
0.011183653
1.8639501e-06
0.011183179
1.740953e-06
0.011182737
1.6258995e-06
0.011182323
1.5185996e-06
0.011181937
1.4183977e-06
0.011181576
1.325191e-06
0.011181239
1.2377027e-06
0.011180925
1.1561081e-06
0.011180631
1.0791896e-06
0.011180357
1.0084241e-06
0.0111801
9.4165013e-07
0.011179861
8.8081137e-07
0.011179637
8.215668e-07
0.011179428
7.6858741e-07
0.011179234
7.1535837e-07
0.011179051
6.7119604e-07
0.011178882
6.2325106e-07
0.011178721
5.879292e-07
0.011178575
5.4172575e-07
0.011178434
5.1577356e-07
0.011178309
4.6852691e-07
0.011178186
4.5467789e-07
4.0595054e-07
0.010094914
6.7887459e-05
0.010340233
0.00019555688
0.01065185
0.00027846872
0.010969203
0.00030539076
0.011273712
0.00030593223
0.01155641
0.00029627538
0.011809194
0.00027934034
0.012028326
0.00025644286
0.012214936
0.00023099242
0.012372692
0.00020629519
0.012505836
0.00018407978
0.012618428
0.00016468134
0.012714101
0.00014790567
0.012795956
0.00013346964
0.012866554
0.00012106424
0.01292795
0.00011036698
0.012981772
0.00010106928
0.0130293
9.2903864e-05
0.013071543
8.5655964e-05
0.0131093
7.9159836e-05
0.013143212
7.3289225e-05
0.013173796
6.7947849e-05
0.013201478
6.3061781e-05
0.013226611
5.8573661e-05
0.013249491
5.4438282e-05
0.013270372
5.0619244e-05
0.013289469
4.7086495e-05
0.013306969
4.3814599e-05
0.013323033
4.0781533e-05
0.013337804
3.7967889e-05
0.013351406
3.5356319e-05
0.013363949
3.293117e-05
0.013375529
3.0678216e-05
0.013386233
2.8584469e-05
0.013396137
2.6638034e-05
0.01340531
2.4827995e-05
0.013413814
2.3144315e-05
0.013421702
2.1577756e-05
0.013429025
2.0119801e-05
0.013435828
1.8762595e-05
0.013442151
1.7498886e-05
0.013448031
1.6321977e-05
0.013453502
1.5225688e-05
0.013458595
1.4204309e-05
0.013463336
1.3252563e-05
0.013467753
1.2365568e-05
0.013471868
1.1538797e-05
0.013475703
1.0768052e-05
0.013479278
1.0049433e-05
0.013482612
9.3793238e-06
0.013485721
8.754372e-06
0.013488621
8.1714728e-06
0.013491326
7.6277492e-06
0.01349385
7.1205309e-06
0.013496205
6.6473348e-06
0.013498403
6.2058455e-06
0.013500455
5.7939026e-06
0.01350237
5.4094903e-06
0.013504158
5.0507333e-06
0.013505827
4.7158893e-06
0.013507385
4.4033491e-06
0.01350884
4.1116224e-06
0.013510198
3.8393271e-06
0.013511466
3.5851707e-06
0.013512651
3.3479365e-06
0.013513757
3.1264747e-06
0.01351479
2.9197124e-06
0.013515754
2.7266465e-06
0.013516655
2.5463605e-06
0.013517497
2.378003e-06
0.013518282
2.2208129e-06
0.013519016
2.0740637e-06
0.013519702
1.9370845e-06
0.013520342
1.8091692e-06
0.01352094
1.68971e-06
0.013521498
1.5781263e-06
0.01352202
1.4739974e-06
0.013522507
1.3767181e-06
0.013522962
1.2858201e-06
0.013523387
1.2007354e-06
0.013523785
1.1214694e-06
0.013524156
1.0475712e-06
0.013524502
9.7887858e-07
0.013524825
9.1416343e-07
0.013525128
8.5369132e-07
0.01352541
7.9670565e-07
0.013525674
7.4471261e-07
0.01352592
6.9558887e-07
0.01352615
6.508291e-07
0.013526365
6.065484e-07
0.013526566
5.674218e-07
0.013526754
5.2778137e-07
0.013526929
4.9601042e-07
0.013527092
4.6010367e-07
0.013527245
4.3477696e-07
0.013527388
3.9931349e-07
0.013527522
3.8125943e-07
0.013527646
3.4477314e-07
0.013527765
3.3513012e-07
2.9841915e-07
0.010067887
1.1386087e-14
0.010263444
-5.8471678e-14
0.010541913
-1.3329252e-13
0.010847304
-9.9584291e-14
0.011153236
3.4349636e-14
0.011449511
1.8797235e-13
0.011728852
1.8904773e-13
0.011985295
1.1895752e-14
0.012216287
-3.4861032e-13
0.012422582
-7.5729439e-13
0.012606662
-1.0490245e-12
0.012771343
-7.8349161e-13
0.012919249
-3.2255603e-14
0.013052719
1.0347551e-12
0.013173783
1.9235138e-12
0.01328415
1.9596164e-12
0.013385219
5.7747601e-13
0.013478123
-1.502189e-12
0.013563779
-3.420107e-12
0.013642939
-4.1407309e-12
0.013716228
-2.3692885e-12
0.013784176
1.2720494e-12
0.013847238
4.9047457e-12
0.013905811
6.6822944e-12
0.01396025
4.7066169e-12
0.014010869
-5.9892244e-13
0.014057955
-6.1911071e-12
0.01410177
-8.8533532e-12
0.014142552
-7.3377965e-12
0.014180519
-1.3189223e-12
0.014215876
5.9644216e-12
0.014248807
1.0161757e-11
0.014279485
1.0112722e-11
0.01430807
3.7707611e-12
0.014334708
-4.7378766e-12
0.014359536
-1.0941667e-11
0.01438268
-1.2623133e-11
0.014404258
-6.4414135e-12
0.014424377
3.4952124e-12
0.01444314
1.1981278e-11
0.014460639
1.5302726e-11
0.014476961
9.4404228e-12
0.014492187
-2.0210398e-12
0.014506391
-1.3307344e-11
0.014519643
-1.8427755e-11
0.014532009
-1.2642484e-11
0.014543548
6.0280458e-13
0.014554316
1.4333434e-11
0.014564365
2.1365245e-11
0.014573745
1.8615812e-11
0.014582499
4.8248618e-12
0.01459067
-1.3287974e-11
0.014598298
-2.51457e-11
0.014605419
-2.6747888e-11
0.014612066
-1.2529501e-11
0.014618272
9.3709203e-12
0.014624066
2.9220806e-11
0.014629475
3.6525927e-11
0.014634526
2.7729941e-11
0.014639242
1.3365542e-12
0.014643645
-2.7402736e-11
0.014647757
-4.3299077e-11
0.014651596
-4.1757321e-11
0.014655182
-1.4900319e-11
0.014658529
1.9704343e-11
0.014661656
4.8022682e-11
0.014664576
5.4215405e-11
0.014667302
3.29622e-11
0.014669848
-5.3840712e-12
0.014672227
-4.2408289e-11
0.014674447
-5.5653933e-11
0.014676522
-4.2181119e-11
0.014678459
-7.2750052e-12
0.014680268
1.893008e-11
0.014681957
3.3224696e-11
0.014683536
4.7382238e-11
0.01468501
5.9770705e-11
0.014686386
2.3464451e-11
0.014687672
-6.4587906e-11
0.014688873
-1.2354507e-10
0.014689995
-5.8794536e-11
0.014691042
1.0915532e-10
0.014692021
1.7860325e-10
0.014692934
2.9645972e-11
0.014693788
-2.1001333e-10
0.014694585
-2.2158065e-10
0.014695331
5.1810108e-11
0.014696026
3.3919612e-10
0.014696676
2.5603973e-10
0.014697282
-8.8266946e-11
0.01469785
-3.5941855e-10
0.014698379
-2.4090936e-10
0.014698875
5.352961e-11
0.014699334
2.0003823e-10
0.014699769
1.0635468e-10
0.014700168
-3.753072e-11
0.01470055
-6.5083467e-12
0.014700894
1.2450621e-10
0.014701229
-3.0985588e-13
-1.1489951e-10
0.010067887
-6.7887459e-05
0.010263444
-0.00019555688
0.010541913
-0.00027846872
0.010847304
-0.00030539076
0.011153236
-0.00030593223
0.011449511
-0.00029627538
0.011728852
-0.00027934034
0.011985295
-0.00025644286
0.012216287
-0.00023099242
0.012422582
-0.00020629519
0.012606662
-0.00018407978
0.012771343
-0.00016468134
0.012919249
-0.00014790567
0.013052719
-0.00013346964
0.013173783
-0.00012106423
0.01328415
-0.00011036698
0.013385219
-0.00010106928
0.013478123
-9.2903866e-05
0.013563779
-8.5655969e-05
0.013642939
-7.9159841e-05
0.013716228
-7.3289228e-05
0.013784176
-6.7947847e-05
0.013847238
-6.3061774e-05
0.013905811
-5.8573652e-05
0.01396025
-5.4438276e-05
0.014010869
-5.0619244e-05
0.014057955
-4.7086503e-05
0.01410177
-4.3814611e-05
0.014142552
-4.0781544e-05
0.014180519
-3.7967891e-05
0.014215876
-3.5356311e-05
0.014248807
-3.2931156e-05
0.014279485
-3.0678202e-05
0.01430807
-2.8584462e-05
0.014334708
-2.663804e-05
0.014359536
-2.482801e-05
0.01438268
-2.3144332e-05
0.014404258
-2.1577766e-05
0.014424377
-2.0119797e-05
0.01444314
-1.8762578e-05
0.014460639
-1.7498865e-05
0.014476961
-1.6321964e-05
0.014492187
-1.522569e-05
0.014506391
-1.4204327e-05
0.014519643
-1.3252588e-05
0.014532009
-1.2365586e-05
0.014543548
-1.1538798e-05
0.014554316
-1.0768033e-05
0.014564365
-1.0049403e-05
0.014573745
-9.3792978e-06
0.014582499
-8.754365e-06
0.01459067
-8.1714909e-06
0.014598298
-7.6277856e-06
0.014605419
-7.1205683e-06
0.014612066
-6.6473529e-06
0.014618272
-6.2058322e-06
0.014624066
-5.7938608e-06
0.014629475
-5.409438e-06
0.014634526
-5.0506948e-06
0.014639242
-4.7158864e-06
0.014643645
-4.4033864e-06
0.014647757
-4.1116843e-06
0.014651596
-3.8393851e-06
0.014655181
-3.5851931e-06
0.014658529
-3.3479094e-06
0.014661656
-3.1264078e-06
0.014664576
-2.9196355e-06
0.014667302
-2.7265967e-06
0.014669849
-2.5463637e-06
0.014672227
-2.3780586e-06
0.014674447
-2.2208917e-06
0.014676521
-2.0741275e-06
0.014678459
-1.9371048e-06
0.014680268
-1.8091429e-06
0.014681957
-1.6896509e-06
0.014683536
-1.5780507e-06
0.01468501
-1.4739294e-06
0.014686386
-1.3767066e-06
0.014687672
-1.2858998e-06
0.014688873
-1.2008585e-06
0.014689995
-1.121516e-06
0.014691042
-1.0474705e-06
0.014692021
-9.7872846e-07
0.014692934
-9.1415018e-07
0.014693788
-8.5386843e-07
0.014694585
-7.9688022e-07
0.014695331
-7.446463e-07
0.014696026
-6.9529269e-07
0.014696676
-6.5059426e-07
0.014697282
-6.0661176e-07
0.01469785
-5.6772712e-07
0.014698378
-5.2803386e-07
0.014698875
-4.9604649e-07
0.014699334
-4.5999434e-07
0.014699769
-4.3467093e-07
0.014700168
-3.9924136e-07
0.01470055
-3.8116646e-07
0.014700894
-3.4463718e-07
0.014701229
-3.3517479e-07
-2.9858875e-07
0.010094914
-0.00016280099
0.010340233
-0.00044087647
0.01065185
-0.00059008571
0.010969203
-0.00062274377
0.011273712
-0.00061044159
0.01155641
-0.00057897246
0.011809194
-0.0005321246
0.012028326
-0.00047557512
0.012214936
-0.00041760214
0.012372692
-0.00036405133
0.012505836
-0.0003172236
0.012618428
-0.0002772735
0.012714101
-0.00024357852
0.012795956
-0.00021532526
0.012866554
-0.00019166163
0.01292795
-0.00017176286
0.012981772
-0.00015489118
0.0130293
-0.00014043211
0.013071543
-0.00012789905
0.0131093
-0.00011691718
0.013143212
-0.00010720077
0.013173796
-9.8531958e-05
0.013201478
-9.074368e-05
0.013226611
-8.3706559e-05
0.013249491
-7.7319036e-05
0.013270372
-7.1499986e-05
0.013289469
-6.618332e-05
0.013306969
-6.1314128e-05
0.013323033
-5.684596e-05
0.013337804
-5.2738929e-05
0.013351406
-4.8958367e-05
0.013363949
-4.547386e-05
0.013375529
-4.2258523e-05
0.013386233
-3.9288466e-05
0.013396137
-3.6542359e-05
0.01340531
-3.4001094e-05
0.013413814
-3.1647503e-05
0.013421702
-2.9466118e-05
0.013429025
-2.7442968e-05
0.013435828
-2.5565407e-05
0.013442151
-2.3821962e-05
0.013448031
-2.2202206e-05
0.013453502
-2.0696642e-05
0.013458595
-1.9296611e-05
0.013463336
-1.7994202e-05
0.013467753
-1.6782174e-05
0.013471868
-1.565389e-05
0.013475703
-1.460325e-05
0.013479278
-1.3624643e-05
0.013482612
-1.27129e-05
0.013485721
-1.1863257e-05
0.013488621
-1.1071319e-05
0.013491326
-1.0333032e-05
0.01349385
-9.6446468e-06
0.013496205
-9.0026972e-06
0.013498403
-8.4039717e-06
0.013500455
-7.8454904e-06
0.01350237
-7.3244844e-06
0.013504158
-6.8383809e-06
0.013505827
-6.3847891e-06
0.013507385
-5.9614928e-06
0.01350884
-5.5664381e-06
0.013510198
-5.1977226e-06
0.013511466
-4.8535754e-06
0.013512651
-4.532348e-06
0.013513757
-4.232494e-06
0.01351479
-3.9525726e-06
0.013515754
-3.6912318e-06
0.013516655
-3.4472239e-06
0.013517497
-3.21938e-06
0.013518282
-3.0066434e-06
0.013519016
-2.8080075e-06
0.013519702
-2.6225548e-06
0.013520342
-2.4493594e-06
0.01352094
-2.2876325e-06
0.013521498
-2.1365963e-06
0.01352202
-1.9956382e-06
0.013522507
-1.8639516e-06
0.013522962
-1.7409412e-06
0.013523387
-1.6258703e-06
0.013523785
-1.5186057e-06
0.013524156
-1.4184777e-06
0.013524502
-1.3252772e-06
0.013524825
-1.2376736e-06
0.013525128
-1.1559606e-06
0.01352541
-1.0790885e-06
0.013525674
-1.0085124e-06
0.01352592
-9.418403e-07
0.01352615
-8.8086324e-07
0.013526365
-8.2138043e-07
0.013526566
-7.6836059e-07
0.013526754
-7.1535919e-07
0.013526929
-6.7145252e-07
0.013527092
-6.2351126e-07
0.013527245
-5.8794939e-07
0.013527388
-5.4152132e-07
0.013527522
-5.1559257e-07
0.013527646
-4.6847468e-07
0.013527766
-4.5470614e-07
-4.0601961e-07
0.010181464
-0.00034426525
0.010521798
-0.00078121018
0.010842482
-0.00091076959
0.011112769
-0.0008930309
0.01133602
-0.00083369229
0.011508579
-0.00075153209
0.011630744
-0.0006542893
0.011709907
-0.00055473799
0.011755697
-0.00046339255
0.011776644
-0.000384998
0.011779503
-0.00032008221
0.011769652
-0.00026742267
0.01175133
-0.0002252566
0.011727726
-0.0001917216
0.011701127
-0.00016506247
0.011673116
-0.00014375196
0.011644765
-0.00012654001
0.011616781
-0.00011244777
0.011589614
-0.00010073204
0.011563536
-9.0839871e-05
0.0115387
-8.2364455e-05
0.011515175
-7.5007436e-05
0.011492981
-6.8549275e-05
0.011472101
-6.2827027e-05
0.011452501
-5.7718128e-05
0.011434129
-5.3128761e-05
0.011416932
-4.8985619e-05
0.011400848
-4.5230166e-05
0.011385816
-4.1814684e-05
0.011371777
-3.8699559e-05
0.01135867
-3.58514e-05
0.011346438
-3.3241714e-05
0.011335025
-3.0845947e-05
0.01132438
-2.8642776e-05
0.011314451
-2.6613564e-05
0.011305192
-2.4741943e-05
0.011296558
-2.3013466e-05
0.011288507
-2.1415337e-05
0.011281
-1.9936177e-05
0.011274001
-1.8565833e-05
0.011267474
-1.7295215e-05
0.011261388
-1.6116158e-05
0.011255712
-1.502131e-05
0.01125042
-1.4004027e-05
0.011245484
-1.3058293e-05
0.01124088
-1.2178639e-05
0.011236587
-1.1360085e-05
0.011232581
-1.0598084e-05
0.011228845
-9.888476e-06
0.01122536
-9.2274476e-06
0.011222108
-8.6114975e-06
0.011219074
-8.0374061e-06
0.011216243
-7.5022083e-06
0.011213602
-7.0031692e-06
0.011211137
-6.537763e-06
0.011208837
-6.1036534e-06
0.01120669
-5.6986767e-06
0.011204686
-5.3208266e-06
0.011202816
-4.9682429e-06
0.01120107
-4.6391987e-06
0.011199441
-4.332094e-06
0.01119792
-4.0454438e-06
0.0111965
-3.7778693e-06
0.011195175
-3.5280858e-06
0.011193937
-3.2948975e-06
0.011192782
-3.0771862e-06
0.011191703
-2.8739138e-06
0.011190696
-2.6841082e-06
0.011189756
-2.5068733e-06
0.011188878
-2.3413679e-06
0.011188058
-2.1868239e-06
0.011187292
-2.0425021e-06
0.011186578
-1.9077295e-06
0.01118591
-1.781846e-06
0.011185287
-1.6642974e-06
0.011184705
-1.554517e-06
0.011184161
-1.452028e-06
0.011183653
-1.3562445e-06
0.011183179
-1.2667804e-06
0.011182737
-1.1831635e-06
0.011182323
-1.1052338e-06
0.011181937
-1.0324082e-06
0.011181576
-9.6447087e-07
0.011181239
-9.0065555e-07
0.011180925
-8.4125575e-07
0.011180631
-7.8558381e-07
0.011180357
-7.3427361e-07
0.0111801
-6.8571984e-07
0.011179861
-6.4095785e-07
0.011179637
-5.9781671e-07
0.011179428
-5.5908199e-07
0.011179234
-5.2120894e-07
0.011179051
-4.8861426e-07
0.011178882
-4.5455515e-07
0.011178721
-4.271557e-07
0.011178575
-3.9538199e-07
0.011178434
-3.7432343e-07
0.011178309
-3.4395376e-07
0.011178186
-3.3176535e-07
-3.0216561e-07
0.010341662
-0.00068592735
0.010578184
-0.0010177326
0.010615671
-0.00094825625
0.010553945
-0.00083130473
0.010425822
-0.00070556886
0.010248587
-0.00057429754
0.010044962
-0.00045066426
0.0098354604
-0.00034523641
0.0096327827
-0.0002607149
0.0094437308
-0.00019594607
0.0092713466
-0.00014769799
0.009116574
-0.00011265009
0.0089789731
-8.7655673e-05
0.0088572402
-6.9988766e-05
0.0087496634
-5.748561e-05
0.0086544455
-4.8534122e-05
0.00856989
-4.1984434e-05
0.0084944844
-3.7042264e-05
0.0084269262
-3.3173823e-05
0.0083661156
-3.002929e-05
0.0083111354
-2.7384168e-05
0.0082612243
-2.5096348e-05
0.0082157512
-2.3076191e-05
0.0081741908
-2.1266629e-05
0.0081361031
-1.9630403e-05
0.0081011164
-1.8142096e-05
0.0080689141
-1.6783304e-05
0.0080392237
-1.5539787e-05
0.0080118089
-1.4399859e-05
0.0079864628
-1.3353502e-05
0.0079630033
-1.2391897e-05
0.0079412688
-1.1507168e-05
0.0079211151
-1.069224e-05
0.007902413
-9.940749e-06
0.0078850465
-9.2469717e-06
0.0078689103
-8.6057684e-06
0.0078539093
-8.0125275e-06
0.0078399571
-7.4631132e-06
0.0078269748
-6.9538147e-06
0.0078148902
-6.4812985e-06
0.0078036376
-6.042566e-06
0.0077931563
-5.6349135e-06
0.0077833909
-5.2558988e-06
0.0077742902
-4.9033104e-06
0.007765807
-4.5751406e-06
0.007757898
-4.2695626e-06
0.0077505228
-3.9849092e-06
0.0077436444
-3.7196558e-06
0.0077372283
-3.4724042e-06
0.0077312427
-3.2418701e-06
0.0077256581
-3.0268708e-06
0.007720447
-2.8263166e-06
0.007715584
-2.6392021e-06
0.0077110454
-2.4645988e-06
0.0077068093
-2.3016482e-06
0.0077028552
-2.1495549e-06
0.0076991641
-2.0075809e-06
0.0076957183
-1.87504e-06
0.0076925014
-1.751294e-06
0.0076894979
-1.6357491e-06
0.0076866937
-1.5278541e-06
0.0076840753
-1.4270966e-06
0.0076816305
-1.3330012e-06
0.0076793475
-1.2451248e-06
0.0076772157
-1.1630553e-06
0.0076752249
-1.0864063e-06
0.0076733658
-1.0148182e-06
0.0076716296
-9.4795233e-07
0.0076700083
-8.8549641e-07
0.0076684941
-8.2715581e-07
0.0076670799
-7.7266235e-07
0.0076657591
-7.217564e-07
0.0076645256
-6.7420635e-07
0.0076633736
-6.2978588e-07
0.0076622976
-5.8830652e-07
0.0076612926
-5.4956033e-07
0.0076603539
-5.1337328e-07
0.0076594773
-4.7953731e-07
0.0076586584
-4.4794027e-07
0.0076578937
-4.1841808e-07
0.0076571793
-3.9090467e-07
0.007656512
-3.6515537e-07
0.0076558887
-3.4111794e-07
0.0076553067
-3.1855132e-07
0.0076547631
-2.9760202e-07
0.0076542553
-2.7796118e-07
0.0076537807
-2.5981215e-07
0.0076533376
-2.4257544e-07
0.0076529235
-2.2670296e-07
0.0076525373
-2.1150486e-07
0.007652176
-1.9785259e-07
0.0076518393
-1.8456649e-07
0.0076515234
-1.7283305e-07
0.0076512299
-1.6098979e-07
0.0076509536
-1.5082675e-07
0.0076506989
-1.4062419e-07
0.0076504565
-1.3199037e-07
0.0076502372
-1.2468967e-07
0.0076500219
-1.1648641e-07
-1.1718135e-07
0.0093140727
0.0082963401
0.0073480838
0.0065167791
0.0058112103
0.0052369127
0.0047862484
0.004441012
0.0041802971
0.0039843511
0.0038366531
0.003724003
0.0036363473
0.0035663586
0.0035088729
0.0034603388
0.0034183544
0.0033813121
0.0033481383
0.003318109
0.0032907248
0.0032656285
0.0032425523
0.0032212857
0.0032016553
0.0031835132
0.0031667299
0.0031511901
0.0031367902
0.0031234367
0.0031110448
0.0030995377
0.0030888454
0.0030789047
0.0030696577
0.0030610519
0.0030530394
0.0030455763
0.0030386225
0.0030321412
0.0030260986
0.0030204637
0.0030152078
0.0030103045
0.0030057293
0.0030014598
0.0029974749
0.0029937552
0.0029902828
0.0029870409
0.0029840141
0.0029811878
0.0029785486
0.002976084
0.0029737823
0.0029716328
0.0029696252
0.0029677501
0.0029659988
0.0029643631
0.0029628352
0.0029614081
0.0029600751
0.00295883
0.002957667
0.0029565806
0.0029555657
0.0029546178
0.0029537323
0.0029529051
0.0029521325
0.0029514107
0.0029507365
0.0029501067
0.0029495184
0.0029489688
0.0029484555
0.0029479759
0.002947528
0.0029471096
0.0029467186
0.0029463535
0.0029460124
0.0029456939
0.0029453963
0.0029451182
0.0029448584
0.0029446159
0.0029443892
0.0029441777
0.0029439798
0.0029437952
0.0029436224
0.0029434614
0.0029433106
0.00294317
0.002943038
0.0029429133
0.0029427968
)
;

boundaryField
{
    top
    {
        type            calculated;
        value           uniform 0;
    }
    bottom
    {
        type            calculated;
        value           uniform 0;
    }
    inlet
    {
        type            calculated;
        value           nonuniform List<scalar> 10(-0.01 -0.01 -0.01 -0.01 -0.01 -0.01 -0.01 -0.01 -0.01 -0.01);
    }
    outlet
    {
        type            calculated;
        value           nonuniform List<scalar> 10(0.0029426795 0.0076498369 0.011178082 0.013527873 0.014701528 0.014701528 0.013527873 0.011178082 0.007649837 0.0029426796);
    }
    front
    {
        type            empty;
    }
    back
    {
        type            empty;
    }
}


// ************************************************************************* //
