/*--------------------------------*- C++ -*----------------------------------*\
  =========                 |
  \\      /  F ield         | OpenFOAM: The Open Source CFD Toolbox
   \\    /   O peration     | Website:  https://openfoam.org
    \\  /    A nd           | Version:  13
     \\/     M anipulation  |
\*---------------------------------------------------------------------------*/
FoamFile
{
    format      ascii;
    class       volVectorField;
    location    "16";
    object      U;
}
// * * * * * * * * * * * * * * * * * * * * * * * * * * * * * * * * * * * * * //

dimensions      [0 1 -1 0 0 0 0];

internalField   nonuniform List<vector> 
1000
(
(0.92074242 0.03382768 0)
(0.8635379 0.056684191 0)
(0.78799127 0.052753994 0)
(0.69766161 0.041237061 0)
(0.61471542 0.03020314 0)
(0.54875554 0.020988077 0)
(0.49827309 0.013660659 0)
(0.45949312 0.0082997554 0)
(0.42978721 0.004735884 0)
(0.4072852 0.002532184 0)
(0.39034402 0.0012497964 0)
(0.37751559 0.00056180317 0)
(0.36764107 0.00024261438 0)
(0.35985945 0.00013663719 0)
(0.35355677 0.00013976102 0)
(0.34830594 0.00018761026 0)
(0.34381545 0.00024452975 0)
(0.33988918 0.00029351239 0)
(0.33639623 0.00032844052 0)
(0.33324896 0.00034888359 0)
(0.33038779 0.00035693698 0)
(0.32777097 0.0003554665 0)
(0.32536798 0.00034724079 0)
(0.32315538 0.00033457893 0)
(0.32111429 0.00031926794 0)
(0.31922887 0.00030260436 0)
(0.31748536 0.00028548194 0)
(0.31587163 0.0002684867 0)
(0.31437679 0.00025198191 0)
(0.31299103 0.00023617674 0)
(0.31170546 0.00022117778 0)
(0.31051204 0.00020702586 0)
(0.30940346 0.0001937214 0)
(0.30837305 0.00018124116 0)
(0.3074148 0.00016954916 0)
(0.30652319 0.00015860342 0)
(0.30569321 0.00014836007 0)
(0.30492028 0.00013877559 0)
(0.30420021 0.00012980804 0)
(0.30352917 0.00012141762 0)
(0.30290363 0.00011356685 0)
(0.30232035 0.00010622068 0)
(0.30177636 9.9346437e-05 0)
(0.30126891 9.2913684e-05 0)
(0.30079546 8.6894127e-05 0)
(0.30035366 8.1261388e-05 0)
(0.29994134 7.5990818e-05 0)
(0.29955648 7.1059319e-05 0)
(0.29919722 6.6445178e-05 0)
(0.29886183 6.2128031e-05 0)
(0.29854869 5.8088807e-05 0)
(0.2982563 5.4309733e-05 0)
(0.29798328 5.0774294e-05 0)
(0.29772833 4.74671e-05 0)
(0.29749024 4.4373775e-05 0)
(0.29726789 4.1480748e-05 0)
(0.29706022 3.8775171e-05 0)
(0.29686627 3.6244883e-05 0)
(0.29668512 3.3878431e-05 0)
(0.29651592 3.166515e-05 0)
(0.29635788 2.9595201e-05 0)
(0.29621027 2.7659497e-05 0)
(0.29607239 2.5849682e-05 0)
(0.29594361 2.4157873e-05 0)
(0.29582331 2.2576617e-05 0)
(0.29571094 2.1098683e-05 0)
(0.29560597 1.971718e-05 0)
(0.29550792 1.8425482e-05 0)
(0.29541633 1.7217638e-05 0)
(0.29533077 1.6088068e-05 0)
(0.29525085 1.5032084e-05 0)
(0.2951762 1.4045042e-05 0)
(0.29510647 1.3123125e-05 0)
(0.29504133 1.2261946e-05 0)
(0.29498048 1.1457906e-05 0)
(0.29492364 1.0706087e-05 0)
(0.29487054 1.0003429e-05 0)
(0.29482094 9.3455338e-06 0)
(0.2947746 8.7315469e-06 0)
(0.29473132 8.1567363e-06 0)
(0.29469089 7.6209387e-06 0)
(0.29465313 7.1179993e-06 0)
(0.29461784 6.6512486e-06 0)
(0.2945849 6.2130228e-06 0)
(0.29455411 5.8089118e-06 0)
(0.29452536 5.4241366e-06 0)
(0.29449849 5.0696675e-06 0)
(0.29447341 4.7284096e-06 0)
(0.29444995 4.4237893e-06 0)
(0.29442807 4.1276525e-06 0)
(0.2944076 3.8685478e-06 0)
(0.29438851 3.6034539e-06 0)
(0.29437065 3.3727082e-06 0)
(0.29435397 3.1402326e-06 0)
(0.29433846 2.9353652e-06 0)
(0.29432375 2.7745756e-06 0)
(0.29431048 2.5545292e-06 0)
(0.29429689 2.596833e-06 0)
(0.29428636 2.0702559e-06 0)
(0.294269 2.9313605e-06 0)
(1.0019381 0.052732953 0)
(1.0365395 0.10225274 0)
(1.0602516 0.11315449 0)
(1.0635369 0.1090466 0)
(1.0522935 0.099516705 0)
(1.0346516 0.087114674 0)
(1.0147897 0.073373125 0)
(0.99415463 0.059906706 0)
(0.97358849 0.047880415 0)
(0.95388174 0.037787615 0)
(0.93564763 0.029665823 0)
(0.91918057 0.02332968 0)
(0.90451503 0.018503101 0)
(0.89154102 0.014887717 0)
(0.88008798 0.012203272 0)
(0.86996961 0.010210174 0)
(0.86100573 0.0087174147 0)
(0.85303279 0.0075805262 0)
(0.84590822 0.0066945206 0)
(0.83951094 0.0059853883 0)
(0.83373979 0.0054021114 0)
(0.82851093 0.0049100418 0)
(0.82375499 0.0044858261 0)
(0.81941448 0.0041137187 0)
(0.81544148 0.0037830021 0)
(0.81179572 0.0034862335 0)
(0.80844305 0.0032180839 0)
(0.80535423 0.002974588 0)
(0.80250401 0.0027526709 0)
(0.79987035 0.002549855 0)
(0.79743393 0.0023640794 0)
(0.79517764 0.0021935891 0)
(0.79308626 0.0020368638 0)
(0.79114619 0.0018925731 0)
(0.7893452 0.0017595439 0)
(0.78767226 0.0016367383 0)
(0.7861174 0.0015232342 0)
(0.78467155 0.0014182111 0)
(0.78332647 0.0013209365 0)
(0.78207464 0.0012307551 0)
(0.78090916 0.001147079 0)
(0.77982372 0.0010693794 0)
(0.77881255 0.00099717984 0)
(0.77787031 0.00093004983 0)
(0.7769921 0.00086759965 0)
(0.7761734 0.00080947545 0)
(0.77541002 0.0007553549 0)
(0.77469811 0.0007049434 0)
(0.7740341 0.00065797082 0)
(0.77341468 0.00061418904 0)
(0.77283678 0.00057336994 0)
(0.77229757 0.00053530374 0)
(0.77179439 0.00049979753 0)
(0.7713248 0.0004666737 0)
(0.77088652 0.00043576832 0)
(0.77047743 0.00040692947 0)
(0.77009557 0.00038001584 0)
(0.76973909 0.00035489571 0)
(0.76940629 0.00033144636 0)
(0.76909559 0.00030955383 0)
(0.76880549 0.0002891127 0)
(0.76853464 0.00027002564 0)
(0.76828173 0.00025220292 0)
(0.76804558 0.00023556107 0)
(0.76782507 0.00022002221 0)
(0.76761914 0.00020551273 0)
(0.76742684 0.00019196333 0)
(0.76724726 0.00017930854 0)
(0.76707954 0.00016748791 0)
(0.76692292 0.00015644523 0)
(0.76677665 0.00014613015 0)
(0.76664004 0.00013649513 0)
(0.76651245 0.00012749745 0)
(0.7663933 0.00011909466 0)
(0.766282 0.00011124915 0)
(0.76617806 0.00010392079 0)
(0.76608097 9.7076292e-05 0)
(0.7659903 9.0678157e-05 0)
(0.7659056 8.4702613e-05 0)
(0.7658265 7.9116823e-05 0)
(0.76575261 7.3905575e-05 0)
(0.76568361 6.9031709e-05 0)
(0.76561913 6.4488742e-05 0)
(0.76555894 6.0233647e-05 0)
(0.76550268 5.6275688e-05 0)
(0.7654502 5.2555905e-05 0)
(0.76540109 4.9106743e-05 0)
(0.76535532 4.5848753e-05 0)
(0.76531243 4.2857017e-05 0)
(0.76527251 4.000496e-05 0)
(0.76523509 3.7417978e-05 0)
(0.76520029 3.4893214e-05 0)
(0.76516769 3.2656565e-05 0)
(0.76513717 3.0408987e-05 0)
(0.76510902 2.8518989e-05 0)
(0.76508174 2.6522477e-05 0)
(0.76505849 2.4984706e-05 0)
(0.76503226 2.3199447e-05 0)
(0.76501646 2.2131069e-05 0)
(0.76498455 2.0697971e-05 0)
(1.0002467 0.026719375 0)
(1.0283936 0.06255548 0)
(1.0646999 0.077616155 0)
(1.0979952 0.080476474 0)
(1.1240764 0.078058279 0)
(1.1435812 0.07291683 0)
(1.1579044 0.065986855 0)
(1.1678877 0.0582047 0)
(1.1741544 0.050495786 0)
(1.1774192 0.043467201 0)
(1.1784517 0.037361305 0)
(1.1779313 0.032190659 0)
(1.1763807 0.027868333 0)
(1.1741779 0.024277406 0)
(1.1715897 0.021298543 0)
(1.1688025 0.018820816 0)
(1.1659442 0.01674707 0)
(1.1630997 0.014996289 0)
(1.1603237 0.013503444 0)
(1.1576498 0.012217608 0)
(1.155097 0.011099375 0)
(1.1526749 0.010118338 0)
(1.1503869 0.0092509606 0)
(1.1482324 0.0084789001 0)
(1.1462083 0.0077877254 0)
(1.1443101 0.0071659437 0)
(1.1425324 0.0066042744 0)
(1.1408692 0.0060951136 0)
(1.1393144 0.0056321445 0)
(1.1378619 0.005210054 0)
(1.1365056 0.0048243252 0)
(1.1352396 0.0044710833 0)
(1.1340583 0.0041469794 0)
(1.1329564 0.0038491005 0)
(1.1319285 0.0035748992 0)
(1.13097 0.0033221377 0)
(1.1300761 0.0030888414 0)
(1.1292426 0.0028732613 0)
(1.1284655 0.0026738423 0)
(1.1277408 0.0024891964 0)
(1.1270651 0.002318081 0)
(1.1264351 0.0021593797 0)
(1.1258476 0.0020120875 0)
(1.1252997 0.0018752969 0)
(1.1247887 0.0017481868 0)
(1.1243122 0.001630012 0)
(1.1238677 0.0015200943 0)
(1.1234532 0.0014178145 0)
(1.1230665 0.0013226058 0)
(1.1227057 0.0012339486 0)
(1.1223692 0.001151366 0)
(1.1220552 0.0010744202 0)
(1.1217622 0.0010027091 0)
(1.1214889 0.00093586249 0)
(1.1212338 0.00087353939 0)
(1.1209957 0.00081542425 0)
(1.1207736 0.00076122451 0)
(1.1205662 0.00071066829 0)
(1.1203727 0.0006635031 0)
(1.1201921 0.00061949483 0)
(1.1200235 0.00057842707 0)
(1.1198661 0.00054009996 0)
(1.1197192 0.00050432911 0)
(1.1195821 0.00047094318 0)
(1.119454 0.00043978246 0)
(1.1193345 0.00041069654 0)
(1.1192229 0.00038354465 0)
(1.1191187 0.00035819429 0)
(1.1190214 0.00033452343 0)
(1.1189306 0.00031241852 0)
(1.1188458 0.0002917774 0)
(1.1187666 0.00027250367 0)
(1.1186926 0.00025450979 0)
(1.1186235 0.00023770801 0)
(1.1185591 0.00022202106 0)
(1.1184988 0.00020736997 0)
(1.1184426 0.00019369143 0)
(1.1183901 0.00018091059 0)
(1.118341 0.00016897465 0)
(1.1182952 0.00015781416 0)
(1.1182524 0.00014740467 0)
(1.1182125 0.00013767916 0)
(1.1181752 0.00012862308 0)
(1.1181404 0.00012013144 0)
(1.1181078 0.00011221891 0)
(1.1180775 0.00010477257 0)
(1.118049 9.7896041e-05 0)
(1.1180226 9.1408211e-05 0)
(1.1179976 8.5474746e-05 0)
(1.1179747 7.9754482e-05 0)
(1.1179529 7.4605849e-05 0)
(1.117933 6.9491316e-05 0)
(1.1179139 6.5134964e-05 0)
(1.1178965 6.0534362e-05 0)
(1.11788 5.6997056e-05 0)
(1.1178644 5.2662001e-05 0)
(1.1178509 5.0001711e-05 0)
(1.1178356 4.565789e-05 0)
(1.117827 4.4100028e-05 0)
(1.1178088 3.9599294e-05 0)
(1.0000321 0.01172771 0)
(1.0173964 0.030563016 0)
(1.0455868 0.040990665 0)
(1.0788323 0.044657243 0)
(1.1117703 0.044906518 0)
(1.1419849 0.043513626 0)
(1.1689322 0.040998751 0)
(1.1925678 0.037704081 0)
(1.2129268 0.034089591 0)
(1.2301852 0.030558837 0)
(1.2446903 0.027331285 0)
(1.256878 0.024473251 0)
(1.2671747 0.021977088 0)
(1.2759451 0.019810764 0)
(1.283481 0.017935176 0)
(1.290012 0.016308896 0)
(1.2957188 0.014891431 0)
(1.3007436 0.013646371 0)
(1.3051988 0.01254321 0)
(1.3091728 0.011557532 0)
(1.3127361 0.01067022 0)
(1.3159451 0.0098663835 0)
(1.3188459 0.0091343731 0)
(1.3214765 0.0084649935 0)
(1.3238688 0.0078508914 0)
(1.3260498 0.0072860872 0)
(1.3280427 0.0067656224 0)
(1.3298674 0.0062853017 0)
(1.3315412 0.0058415083 0)
(1.3330791 0.0054310748 0)
(1.3344943 0.0050511923 0)
(1.3357985 0.0046993466 0)
(1.3370019 0.004373271 0)
(1.3381138 0.0040709125 0)
(1.339142 0.003790405 0)
(1.340094 0.0035300479 0)
(1.340976 0.0032882885 0)
(1.341794 0.0030637068 0)
(1.3425532 0.0028550021 0)
(1.3432582 0.0026609814 0)
(1.3439133 0.0024805496 0)
(1.3445224 0.0023127007 0)
(1.345089 0.0021565099 0)
(1.3456163 0.002011127 0)
(1.3461071 0.0018757699 0)
(1.3465643 0.0017497176 0)
(1.3469902 0.0016323052 0)
(1.347387 0.0015229179 0)
(1.347757 0.0014209869 0)
(1.3481019 0.0013259858 0)
(1.3484235 0.0012374277 0)
(1.3487235 0.0011548629 0)
(1.3490033 0.0010778751 0)
(1.3492643 0.0010060795 0)
(1.3495079 0.000939119 0)
(1.3497353 0.00087666174 0)
(1.3499474 0.00081839878 0)
(1.3501454 0.00076404217 0)
(1.3503303 0.00071332392 0)
(1.3505029 0.00066599513 0)
(1.350664 0.00062182554 0)
(1.3508144 0.00058060216 0)
(1.3509548 0.000542128 0)
(1.351086 0.00050621951 0)
(1.3512084 0.00047270494 0)
(1.3513228 0.00044142207 0)
(1.3514296 0.00041221927 0)
(1.3515293 0.00038495413 0)
(1.3516224 0.00035949603 0)
(1.3517094 0.00033572336 0)
(1.3517907 0.00031352704 0)
(1.3518665 0.00029280394 0)
(1.3519374 0.00027345994 0)
(1.3520036 0.00025539792 0)
(1.3520654 0.00023853275 0)
(1.3521231 0.00022277986 0)
(1.352177 0.00020807674 0)
(1.3522274 0.00019434206 0)
(1.3522745 0.00018151422 0)
(1.3523184 0.00016951068 0)
(1.3523594 0.0001583183 0)
(1.3523979 0.00014787259 0)
(1.3524336 0.00013816354 0)
(1.3524671 0.00012904078 0)
(1.3524982 0.00012052515 0)
(1.3525276 0.00011248905 0)
(1.3525546 0.00010511825 0)
(1.3525805 9.8162678e-05 0)
(1.3526037 9.184108e-05 0)
(1.3526266 8.5641499e-05 0)
(1.3526465 8.0124956e-05 0)
(1.352667 7.4540029e-05 0)
(1.3526837 6.9982088e-05 0)
(1.3527025 6.4945668e-05 0)
(1.3527159 6.1321322e-05 0)
(1.3527337 5.6434015e-05 0)
(1.3527436 5.3787866e-05 0)
(1.3527615 4.8819979e-05 0)
(1.3527672 4.7377e-05 0)
(1.3527872 4.2003067e-05 0)
(1.0001568 0.0034383906 0)
(1.0134518 0.0092557598 0)
(1.036628 0.012853241 0)
(1.0666034 0.014335343 0)
(1.0987809 0.014626052 0)
(1.1300715 0.014363697 0)
(1.1593037 0.013741451 0)
(1.1861976 0.01284016 0)
(1.2106431 0.011790373 0)
(1.2325915 0.010728734 0)
(1.2521417 0.0097376723 0)
(1.2695378 0.0088459647 0)
(1.2850832 0.0080555411 0)
(1.2990634 0.0073596116 0)
(1.3117148 0.0067486882 0)
(1.3232262 0.0062117875 0)
(1.3337497 0.0057373918 0)
(1.3434089 0.0053147116 0)
(1.3523048 0.0049345703 0)
(1.3605198 0.0045896472 0)
(1.3681215 0.0042742896 0)
(1.3751666 0.003984179 0)
(1.3817032 0.0037160123 0)
(1.3877732 0.0034672432 0)
(1.3934137 0.0032358816 0)
(1.3986577 0.0030203396 0)
(1.4035351 0.0028193153 0)
(1.408073 0.0026317085 0)
(1.4122964 0.0024565627 0)
(1.416228 0.002293025 0)
(1.4198888 0.0021403212 0)
(1.4232982 0.0019977388 0)
(1.4264741 0.0018646167 0)
(1.429433 0.0017403383 0)
(1.4321902 0.0016243268 0)
(1.4347599 0.0015160419 0)
(1.4371552 0.0014149772 0)
(1.4393882 0.0013206573 0)
(1.4414702 0.0012326366 0)
(1.4434117 0.001150497 0)
(1.4452223 0.001073847 0)
(1.4469111 0.0010023204 0)
(1.4484863 0.00093557495 0)
(1.4499558 0.00087329166 0)
(1.4513269 0.00081517274 0)
(1.4526061 0.00076093998 0)
(1.4537997 0.0007103331 0)
(1.4549136 0.00066310847 0)
(1.4559531 0.00061903823 0)
(1.4569232 0.00057790985 0)
(1.4578287 0.00053952549 0)
(1.4586739 0.00050370131 0)
(1.4594628 0.00047026652 0)
(1.4601993 0.00043906194 0)
(1.4608868 0.00040993866 0)
(1.4615286 0.00038275711 0)
(1.4621278 0.00035738637 0)
(1.4626872 0.0003337038 0)
(1.4632096 0.00031159525 0)
(1.4636973 0.00029095492 0)
(1.4641526 0.00027168519 0)
(1.4645778 0.00025369599 0)
(1.4649749 0.00023690358 0)
(1.4653456 0.00022122891 0)
(1.4656918 0.00020659711 0)
(1.4660151 0.00019293684 0)
(1.4663171 0.00018018128 0)
(1.466599 0.00016826842 0)
(1.4668623 0.00015714235 0)
(1.4671082 0.00014675159 0)
(1.4673379 0.00013705051 0)
(1.4675523 0.00012799504 0)
(1.4677526 0.00011954355 0)
(1.4679397 0.0001116514 0)
(1.4681144 0.00010428019 0)
(1.4682776 9.739399e-05 0)
(1.46843 9.096743e-05 0)
(1.4685724 8.4962724e-05 0)
(1.4687053 7.9350531e-05 0)
(1.4688295 7.4095803e-05 0)
(1.4689454 6.9203894e-05 0)
(1.4690539 6.4648424e-05 0)
(1.4691549 6.0416715e-05 0)
(1.4692496 5.6420646e-05 0)
(1.4693376 5.2678756e-05 0)
(1.4694204 4.9151098e-05 0)
(1.4694969 4.5950531e-05 0)
(1.4695695 4.2932251e-05 0)
(1.4696358 4.0182913e-05 0)
(1.4696997 3.7434265e-05 0)
(1.4697568 3.5007053e-05 0)
(1.4698136 3.2546645e-05 0)
(1.469862 3.0605216e-05 0)
(1.4699135 2.8396036e-05 0)
(1.4699531 2.6841238e-05 0)
(1.4700015 2.464629e-05 0)
(1.4700313 2.3524726e-05 0)
(1.4700801 2.1316019e-05 0)
(1.4700974 2.071798e-05 0)
(1.4701522 1.828227e-05 0)
(1.0001568 -0.0034383906 0)
(1.0134518 -0.0092557598 0)
(1.036628 -0.012853241 0)
(1.0666034 -0.014335343 0)
(1.0987809 -0.014626052 0)
(1.1300715 -0.014363697 0)
(1.1593037 -0.013741451 0)
(1.1861976 -0.01284016 0)
(1.2106431 -0.011790373 0)
(1.2325915 -0.010728734 0)
(1.2521417 -0.0097376725 0)
(1.2695378 -0.0088459649 0)
(1.2850832 -0.0080555411 0)
(1.2990634 -0.0073596114 0)
(1.3117148 -0.0067486878 0)
(1.3232262 -0.0062117871 0)
(1.3337497 -0.0057373917 0)
(1.3434089 -0.0053147119 0)
(1.3523048 -0.004934571 0)
(1.3605198 -0.004589648 0)
(1.3681215 -0.00427429 0)
(1.3751666 -0.0039841788 0)
(1.3817032 -0.0037160113 0)
(1.3877732 -0.0034672419 0)
(1.3934137 -0.0032358807 0)
(1.3986577 -0.0030203397 0)
(1.4035351 -0.0028193165 0)
(1.408073 -0.0026317103 0)
(1.4122964 -0.0024565641 0)
(1.416228 -0.0022930252 0)
(1.4198888 -0.00214032 0)
(1.4232982 -0.0019977367 0)
(1.4264741 -0.0018646147 0)
(1.429433 -0.0017403375 0)
(1.4321902 -0.0016243277 0)
(1.4347599 -0.0015160442 0)
(1.4371552 -0.0014149796 0)
(1.4393882 -0.0013206586 0)
(1.4414702 -0.0012326359 0)
(1.4434117 -0.0011504946 0)
(1.4452223 -0.0010738441 0)
(1.4469111 -0.0010023185 0)
(1.4484863 -0.00093557538 0)
(1.4499558 -0.00087329438 0)
(1.4513269 -0.00081517636 0)
(1.4526061 -0.00076094249 0)
(1.4537997 -0.00071033297 0)
(1.4549136 -0.0006631055 0)
(1.4559531 -0.00061903381 0)
(1.4569232 -0.00057790616 0)
(1.4578287 -0.00053952458 0)
(1.4586739 -0.00050370403 0)
(1.4594628 -0.00047027178 0)
(1.4601993 -0.00043906716 0)
(1.4608868 -0.00040994108 0)
(1.4615286 -0.0003827551 0)
(1.4621278 -0.00035738034 0)
(1.4626872 -0.00033369635 0)
(1.4632096 -0.00031158997 0)
(1.4636973 -0.00029095469 0)
(1.4641526 -0.00027169073 0)
(1.4645778 -0.00025370499 0)
(1.4649749 -0.00023691167 0)
(1.4653456 -0.0002212319 0)
(1.4656918 -0.00020659304 0)
(1.4660151 -0.00019292709 0)
(1.4663171 -0.00018017035 0)
(1.466599 -0.00016826166 0)
(1.4668623 -0.0001571433 0)
(1.4671082 -0.00014676007 0)
(1.4673379 -0.00013706208 0)
(1.4675523 -0.00012800368 0)
(1.4677526 -0.00011954549 0)
(1.4679397 -0.00011164716 0)
(1.4681144 -0.00010427254 0)
(1.4682776 -9.7384255e-05 0)
(1.46843 -9.0957544e-05 0)
(1.4685724 -8.4959222e-05 0)
(1.4687053 -7.9360917e-05 0)
(1.4688295 -7.4115924e-05 0)
(1.4689454 -6.9213937e-05 0)
(1.4690539 -6.4632488e-05 0)
(1.4691549 -6.0388247e-05 0)
(1.4692496 -5.6415011e-05 0)
(1.4693376 -5.2710302e-05 0)
(1.4694204 -4.9186885e-05 0)
(1.4694969 -4.5943533e-05 0)
(1.4695695 -4.2881003e-05 0)
(1.4696358 -4.0138759e-05 0)
(1.4696997 -3.7445387e-05 0)
(1.4697568 -3.5061154e-05 0)
(1.4698136 -3.2588609e-05 0)
(1.469862 -3.0600723e-05 0)
(1.4699135 -2.8366194e-05 0)
(1.4699531 -2.6823814e-05 0)
(1.4700015 -2.4648575e-05 0)
(1.4700313 -2.3523234e-05 0)
(1.4700801 -2.1294641e-05 0)
(1.4700974 -2.071807e-05 0)
(1.4701522 -1.8303942e-05 0)
(1.0000321 -0.01172771 0)
(1.0173964 -0.030563016 0)
(1.0455868 -0.040990665 0)
(1.0788323 -0.044657243 0)
(1.1117703 -0.044906518 0)
(1.1419849 -0.043513626 0)
(1.1689322 -0.040998751 0)
(1.1925678 -0.037704081 0)
(1.2129268 -0.034089591 0)
(1.2301852 -0.030558837 0)
(1.2446903 -0.027331285 0)
(1.256878 -0.024473251 0)
(1.2671747 -0.021977088 0)
(1.2759451 -0.019810764 0)
(1.283481 -0.017935176 0)
(1.290012 -0.016308896 0)
(1.2957188 -0.014891431 0)
(1.3007436 -0.013646371 0)
(1.3051988 -0.012543211 0)
(1.3091728 -0.011557532 0)
(1.3127361 -0.01067022 0)
(1.3159451 -0.0098663834 0)
(1.3188459 -0.0091343727 0)
(1.3214765 -0.008464993 0)
(1.3238688 -0.007850891 0)
(1.3260498 -0.0072860871 0)
(1.3280427 -0.0067656228 0)
(1.3298674 -0.0062853024 0)
(1.3315412 -0.005841509 0)
(1.3330791 -0.0054310751 0)
(1.3344943 -0.0050511921 0)
(1.3357985 -0.0046993458 0)
(1.3370019 -0.0043732701 0)
(1.3381138 -0.004070912 0)
(1.339142 -0.0037904051 0)
(1.340094 -0.0035300487 0)
(1.340976 -0.0032882896 0)
(1.341794 -0.0030637075 0)
(1.3425532 -0.002855002 0)
(1.3432582 -0.0026609805 0)
(1.3439133 -0.0024805484 0)
(1.3445224 -0.0023126997 0)
(1.345089 -0.0021565098 0)
(1.3456163 -0.0020111279 0)
(1.3461071 -0.0018757713 0)
(1.3465643 -0.0017497188 0)
(1.3469902 -0.0016323055 0)
(1.347387 -0.001522917 0)
(1.347757 -0.0014209851 0)
(1.3481019 -0.0013259841 0)
(1.3484235 -0.0012374271 0)
(1.3487235 -0.0011548638 0)
(1.3490033 -0.0010778773 0)
(1.3492643 -0.0010060819 0)
(1.3495079 -0.00093912033 0)
(1.3497353 -0.00087666118 0)
(1.3499474 -0.00081839637 0)
(1.3501455 -0.00076403891 0)
(1.3503303 -0.00071332136 0)
(1.3505029 -0.00066599462 0)
(1.350664 -0.00062182748 0)
(1.3508144 -0.00058060577 0)
(1.3509548 -0.00054213165 0)
(1.351086 -0.00050622131 0)
(1.3512084 -0.00047270378 0)
(1.3513228 -0.0004414183 0)
(1.3514296 -0.00041221448 0)
(1.3515293 -0.00038495058 0)
(1.3516224 -0.00035949542 0)
(1.3517094 -0.00033572598 0)
(1.3517907 -0.00031353173 0)
(1.3518665 -0.0002928086 0)
(1.3519374 -0.00027346249 0)
(1.3520036 -0.00025539698 0)
(1.3520654 -0.00023852824 0)
(1.3521231 -0.00022277405 0)
(1.352177 -0.00020807319 0)
(1.3522274 -0.00019434302 0)
(1.3522745 -0.00018151815 0)
(1.3523184 -0.0001695135 0)
(1.3523594 -0.00015831802 0)
(1.3523979 -0.00014787157 0)
(1.3524336 -0.00013816465 0)
(1.3524671 -0.00012904261 0)
(1.3524982 -0.00012052406 0)
(1.3525276 -0.00011248496 0)
(1.3525546 -0.00010511548 0)
(1.3525805 -9.8163336e-05 0)
(1.3526037 -9.1841989e-05 0)
(1.3526266 -8.5637654e-05 0)
(1.3526465 -8.0120173e-05 0)
(1.352667 -7.4543152e-05 0)
(1.3526837 -6.9996869e-05 0)
(1.3527025 -6.4961585e-05 0)
(1.3527159 -6.132331e-05 0)
(1.3527337 -5.6417868e-05 0)
(1.3527436 -5.3767464e-05 0)
(1.3527616 -4.8810245e-05 0)
(1.3527673 -4.7385631e-05 0)
(1.3527872 -4.2016095e-05 0)
(1.0002467 -0.026719375 0)
(1.0283936 -0.06255548 0)
(1.0646999 -0.077616155 0)
(1.0979952 -0.080476474 0)
(1.1240764 -0.078058279 0)
(1.1435812 -0.07291683 0)
(1.1579044 -0.065986855 0)
(1.1678877 -0.0582047 0)
(1.1741544 -0.050495786 0)
(1.1774192 -0.043467201 0)
(1.1784517 -0.037361305 0)
(1.1779313 -0.032190659 0)
(1.1763807 -0.027868333 0)
(1.1741779 -0.024277407 0)
(1.1715897 -0.021298543 0)
(1.1688025 -0.018820816 0)
(1.1659442 -0.01674707 0)
(1.1630997 -0.014996289 0)
(1.1603237 -0.013503444 0)
(1.1576498 -0.012217608 0)
(1.155097 -0.011099375 0)
(1.1526749 -0.010118339 0)
(1.1503869 -0.009250961 0)
(1.1482324 -0.0084789003 0)
(1.1462083 -0.0077877252 0)
(1.1443101 -0.0071659432 0)
(1.1425324 -0.0066042738 0)
(1.1408692 -0.0060951133 0)
(1.1393144 -0.0056321447 0)
(1.1378619 -0.0052100547 0)
(1.1365056 -0.004824326 0)
(1.1352396 -0.0044710838 0)
(1.1340583 -0.0041469792 0)
(1.1329564 -0.0038490996 0)
(1.1319285 -0.0035748982 0)
(1.13097 -0.003322137 0)
(1.1300761 -0.0030888414 0)
(1.1292426 -0.0028732621 0)
(1.1284655 -0.0026738435 0)
(1.1277408 -0.0024891974 0)
(1.1270651 -0.0023180811 0)
(1.1264351 -0.0021593789 0)
(1.1258476 -0.0020120861 0)
(1.1252997 -0.0018752956 0)
(1.1247887 -0.0017481863 0)
(1.1243122 -0.0016300127 0)
(1.1238677 -0.0015200959 0)
(1.1234532 -0.0014178161 0)
(1.1230665 -0.0013226065 0)
(1.1227057 -0.0012339479 0)
(1.1223692 -0.0011513642 0)
(1.1220552 -0.0010744182 0)
(1.1217622 -0.0010027078 0)
(1.1214889 -0.00093586281 0)
(1.1212338 -0.00087354119 0)
(1.1209957 -0.00081542673 0)
(1.1207736 -0.00076122644 0)
(1.1205662 -0.00071066864 0)
(1.1203727 -0.00066350153 0)
(1.1201921 -0.00061949187 0)
(1.1200235 -0.000578424 0)
(1.1198661 -0.00054009835 0)
(1.1197192 -0.00050432995 0)
(1.1195821 -0.00047094627 0)
(1.119454 -0.0004397864 0)
(1.1193345 -0.00041069935 0)
(1.1192229 -0.00038354472 0)
(1.1191187 -0.00035819133 0)
(1.1190214 -0.00033451865 0)
(1.1189306 -0.00031241423 0)
(1.1188457 -0.00029177608 0)
(1.1187666 -0.00027250633 0)
(1.1186926 -0.00025451493 0)
(1.1186235 -0.00023771209 0)
(1.1185591 -0.00022202165 0)
(1.1184988 -0.00020736844 0)
(1.1184426 -0.00019369046 0)
(1.1183901 -0.00018090927 0)
(1.118341 -0.00016896921 0)
(1.1182952 -0.00015780614 0)
(1.1182525 -0.00014740427 0)
(1.1182125 -0.00013769327 0)
(1.1181752 -0.00012864028 0)
(1.1181404 -0.00012012921 0)
(1.1181077 -0.00011219271 0)
(1.1180775 -0.0001047497 0)
(1.118049 -9.7907245e-05 0)
(1.1180226 -9.1447083e-05 0)
(1.1179976 -8.5498831e-05 0)
(1.1179747 -7.973309e-05 0)
(1.1179529 -7.4559243e-05 0)
(1.117933 -6.9468832e-05 0)
(1.1179139 -6.5159138e-05 0)
(1.1178965 -6.0577408e-05 0)
(1.11788 -5.7016953e-05 0)
(1.1178644 -5.2646994e-05 0)
(1.1178509 -4.9978976e-05 0)
(1.1178357 -4.5648069e-05 0)
(1.117827 -4.4097822e-05 0)
(1.1178088 -3.9601642e-05 0)
(1.0019381 -0.052732953 0)
(1.0365395 -0.10225274 0)
(1.0602516 -0.11315449 0)
(1.0635369 -0.1090466 0)
(1.0522935 -0.099516705 0)
(1.0346516 -0.087114674 0)
(1.0147897 -0.073373125 0)
(0.99415463 -0.059906706 0)
(0.97358849 -0.047880415 0)
(0.95388174 -0.037787615 0)
(0.93564763 -0.029665823 0)
(0.91918057 -0.02332968 0)
(0.90451503 -0.018503101 0)
(0.89154102 -0.014887717 0)
(0.88008798 -0.012203272 0)
(0.86996961 -0.010210174 0)
(0.86100573 -0.0087174145 0)
(0.85303279 -0.0075805259 0)
(0.84590822 -0.0066945204 0)
(0.83951094 -0.0059853883 0)
(0.83373979 -0.0054021117 0)
(0.82851093 -0.0049100423 0)
(0.82375499 -0.0044858265 0)
(0.81941448 -0.0041137187 0)
(0.81544148 -0.0037830016 0)
(0.81179572 -0.0034862328 0)
(0.80844305 -0.0032180833 0)
(0.80535423 -0.0029745879 0)
(0.80250401 -0.0027526714 0)
(0.79987035 -0.0025498559 0)
(0.79743393 -0.0023640803 0)
(0.79517763 -0.0021935894 0)
(0.79308626 -0.0020368633 0)
(0.79114619 -0.0018925719 0)
(0.7893452 -0.0017595428 0)
(0.78767226 -0.0016367378 0)
(0.7861174 -0.0015232346 0)
(0.78467155 -0.0014182123 0)
(0.78332647 -0.0013209378 0)
(0.78207464 -0.0012307558 0)
(0.78090915 -0.0011470786 0)
(0.77982372 -0.0010693781 0)
(0.77881255 -0.00099717821 0)
(0.77787031 -0.00093004882 0)
(0.7769921 -0.0008675999 0)
(0.7761734 -0.00080947696 0)
(0.77541002 -0.00075535694 0)
(0.77469811 -0.00070494483 0)
(0.7740341 -0.00065797076 0)
(0.77341468 -0.00061418736 0)
(0.77283678 -0.00057336736 0)
(0.77229757 -0.00053530156 0)
(0.77179439 -0.00049979695 0)
(0.7713248 -0.0004666752 0)
(0.77088652 -0.00043577133 0)
(0.77047743 -0.00040693258 0)
(0.77009557 -0.00038001747 0)
(0.76973909 -0.00035489487 0)
(0.76940629 -0.00033144322 0)
(0.76909559 -0.00030954968 0)
(0.7688055 -0.00028910951 0)
(0.76853464 -0.00027002512 0)
(0.76828174 -0.00025220557 0)
(0.76804558 -0.00023556586 0)
(0.76782506 -0.0002200269 0)
(0.76761914 -0.00020551494 0)
(0.76742684 -0.00019196179 0)
(0.76724726 -0.00017930376 0)
(0.76707955 -0.00016748208 0)
(0.76692292 -0.00015644128 0)
(0.76677665 -0.00014613023 0)
(0.76664004 -0.00013649925 0)
(0.76651245 -0.00012750326 0)
(0.76639329 -0.00011909885 0)
(0.766282 -0.00011125008 0)
(0.76617806 -0.0001039192 0)
(0.76608097 -9.7073353e-05 0)
(0.7659903 -9.0673705e-05 0)
(0.7659056 -8.4697046e-05 0)
(0.76582651 -7.9114248e-05 0)
(0.76575261 -7.3911208e-05 0)
(0.76568361 -6.9043336e-05 0)
(0.76561912 -6.4494602e-05 0)
(0.76555894 -6.0224523e-05 0)
(0.76550269 -5.6259112e-05 0)
(0.76545022 -5.2552065e-05 0)
(0.7654011 -4.9124774e-05 0)
(0.76535531 -4.5871824e-05 0)
(0.76531241 -4.2858443e-05 0)
(0.76527251 -3.9978909e-05 0)
(0.76523511 -3.7388308e-05 0)
(0.76520032 -3.4888524e-05 0)
(0.7651677 -3.2680218e-05 0)
(0.76513715 -3.0438272e-05 0)
(0.76510901 -2.8530949e-05 0)
(0.76508174 -2.6514082e-05 0)
(0.7650585 -2.4970078e-05 0)
(0.76503226 -2.3186516e-05 0)
(0.76501646 -2.2122335e-05 0)
(0.76498456 -2.0698671e-05 0)
(0.92074242 -0.03382768 0)
(0.8635379 -0.056684191 0)
(0.78799127 -0.052753994 0)
(0.69766161 -0.041237061 0)
(0.61471542 -0.03020314 0)
(0.54875554 -0.020988077 0)
(0.49827309 -0.013660659 0)
(0.45949312 -0.0082997553 0)
(0.42978721 -0.004735884 0)
(0.4072852 -0.002532184 0)
(0.39034402 -0.0012497964 0)
(0.37751559 -0.00056180321 0)
(0.36764107 -0.00024261441 0)
(0.35985945 -0.00013663718 0)
(0.35355677 -0.00013976098 0)
(0.34830594 -0.0001876102 0)
(0.34381545 -0.00024452971 0)
(0.33988918 -0.00029351239 0)
(0.33639623 -0.00032844059 0)
(0.33324896 -0.00034888371 0)
(0.33038779 -0.00035693709 0)
(0.32777097 -0.00035546654 0)
(0.32536797 -0.00034724073 0)
(0.32315538 -0.00033457878 0)
(0.32111429 -0.00031926777 0)
(0.31922887 -0.00030260426 0)
(0.31748536 -0.00028548199 0)
(0.31587163 -0.00026848688 0)
(0.31437679 -0.00025198214 0)
(0.31299103 -0.0002361769 0)
(0.31170546 -0.00022117776 0)
(0.31051204 -0.00020702567 0)
(0.30940345 -0.00019372113 0)
(0.30837305 -0.00018124095 0)
(0.3074148 -0.00016954913 0)
(0.30652319 -0.00015860359 0)
(0.30569321 -0.00014836035 0)
(0.30492028 -0.00013877583 0)
(0.30420021 -0.00012980809 0)
(0.30352916 -0.00012141742 0)
(0.30290362 -0.0001135665 0)
(0.30232035 -0.00010622036 0)
(0.30177636 -9.9346333e-05 0)
(0.30126891 -9.291388e-05 0)
(0.30079546 -8.6894542e-05 0)
(0.30035366 -8.1261807e-05 0)
(0.29994133 -7.5990998e-05 0)
(0.29955648 -7.1059114e-05 0)
(0.29919722 -6.644465e-05 0)
(0.29886183 -6.2127421e-05 0)
(0.29854869 -5.8088434e-05 0)
(0.2982563 -5.4309825e-05 0)
(0.29798328 -5.0774855e-05 0)
(0.29772833 -4.7467895e-05 0)
(0.29749024 -4.4374413e-05 0)
(0.29726789 -4.1480883e-05 0)
(0.29706022 -3.8774681e-05 0)
(0.29686627 -3.6243941e-05 0)
(0.29668512 -3.3877462e-05 0)
(0.29651592 -3.1664625e-05 0)
(0.29635789 -2.9595418e-05 0)
(0.29621027 -2.7660421e-05 0)
(0.29607239 -2.5850915e-05 0)
(0.29594361 -2.4158841e-05 0)
(0.29582331 -2.257684e-05 0)
(0.29571094 -2.109801e-05 0)
(0.29560597 -1.9715897e-05 0)
(0.29550792 -1.8424176e-05 0)
(0.29541633 -1.7216927e-05 0)
(0.29533078 -1.6088324e-05 0)
(0.29525086 -1.5033214e-05 0)
(0.2951762 -1.4046492e-05 0)
(0.29510647 -1.3124139e-05 0)
(0.29504133 -1.2262054e-05 0)
(0.29498048 -1.1457256e-05 0)
(0.29492364 -1.070518e-05 0)
(0.29487054 -1.0002605e-05 0)
(0.29482094 -9.3448521e-06 0)
(0.2947746 -8.7311888e-06 0)
(0.29473133 -8.1572516e-06 0)
(0.29469089 -7.6224313e-06 0)
(0.29465313 -7.1193077e-06 0)
(0.29461784 -6.6510181e-06 0)
(0.2945849 -6.2115848e-06 0)
(0.29455411 -5.8082883e-06 0)
(0.29452536 -5.4256807e-06 0)
(0.29449848 -5.0718446e-06 0)
(0.2944734 -4.728048e-06 0)
(0.29444995 -4.420188e-06 0)
(0.29442808 -4.1238248e-06 0)
(0.29440761 -3.8682312e-06 0)
(0.29438852 -3.6072248e-06 0)
(0.29437065 -3.3776027e-06 0)
(0.29435396 -3.1427523e-06 0)
(0.29433845 -2.9344887e-06 0)
(0.29432374 -2.7717696e-06 0)
(0.29431047 -2.5517861e-06 0)
(0.29429688 -2.5945352e-06 0)
(0.29428637 -2.0690458e-06 0)
(0.294269 -2.932573e-06 0)
)
;

boundaryField
{
    top
    {
        type            fixedValue;
        value           uniform (0 0 0);
    }
    bottom
    {
        type            fixedValue;
        value           uniform (0 0 0);
    }
    inlet
    {
        type            fixedValue;
        value           uniform (1 0 0);
    }
    outlet
    {
        type            zeroGradient;
    }
    front
    {
        type            empty;
    }
    back
    {
        type            empty;
    }
}


// ************************************************************************* //
