# Selection     : patch(inlet)
# Faces         : 10
# Area          : 1.00000000e-01
# Time          	average(phi)	average(U)	average(p)
0               	-1.00000000e-02	(1.00000000e+00 0.00000000e+00 0.00000000e+00)	0.00000000e+00
0.05            	-1.00000000e-02	(1.00000000e+00 0.00000000e+00 0.00000000e+00)	2.02322605e+02
0.1             	-1.00000000e-02	(1.00000000e+00 0.00000000e+00 0.00000000e+00)	3.56479901e+00
0.15            	-1.00000000e-02	(1.00000000e+00 0.00000000e+00 0.00000000e+00)	3.34021579e+00
0.2             	-1.00000000e-02	(1.00000000e+00 0.00000000e+00 0.00000000e+00)	3.13575970e+00
0.25            	-1.00000000e-02	(1.00000000e+00 0.00000000e+00 0.00000000e+00)	2.96248849e+00
0.3             	-1.00000000e-02	(1.00000000e+00 0.00000000e+00 0.00000000e+00)	2.81344154e+00
0.35            	-1.00000000e-02	(1.00000000e+00 0.00000000e+00 0.00000000e+00)	2.68426923e+00
0.4             	-1.00000000e-02	(1.00000000e+00 0.00000000e+00 0.00000000e+00)	2.57165189e+00
0.45            	-1.00000000e-02	(1.00000000e+00 0.00000000e+00 0.00000000e+00)	2.47296778e+00
0.5             	-1.00000000e-02	(1.00000000e+00 0.00000000e+00 0.00000000e+00)	2.38610151e+00
0.55            	-1.00000000e-02	(1.00000000e+00 0.00000000e+00 0.00000000e+00)	2.30932368e+00
0.6             	-1.00000000e-02	(1.00000000e+00 0.00000000e+00 0.00000000e+00)	2.24120715e+00
0.65            	-1.00000000e-02	(1.00000000e+00 0.00000000e+00 0.00000000e+00)	2.18056566e+00
0.7             	-1.00000000e-02	(1.00000000e+00 0.00000000e+00 0.00000000e+00)	2.12640371e+00
0.75            	-1.00000000e-02	(1.00000000e+00 0.00000000e+00 0.00000000e+00)	2.07788079e+00
0.8             	-1.00000000e-02	(1.00000000e+00 0.00000000e+00 0.00000000e+00)	2.03428429e+00
0.85            	-1.00000000e-02	(1.00000000e+00 0.00000000e+00 0.00000000e+00)	1.99500748e+00
0.9             	-1.00000000e-02	(1.00000000e+00 0.00000000e+00 0.00000000e+00)	1.95953155e+00
0.95            	-1.00000000e-02	(1.00000000e+00 0.00000000e+00 0.00000000e+00)	1.92741124e+00
1               	-1.00000000e-02	(1.00000000e+00 0.00000000e+00 0.00000000e+00)	1.89826234e+00
1.05            	-1.00000000e-02	(1.00000000e+00 0.00000000e+00 0.00000000e+00)	1.87175248e+00
1.1             	-1.00000000e-02	(1.00000000e+00 0.00000000e+00 0.00000000e+00)	1.84759255e+00
1.15            	-1.00000000e-02	(1.00000000e+00 0.00000000e+00 0.00000000e+00)	1.82552992e+00
1.2             	-1.00000000e-02	(1.00000000e+00 0.00000000e+00 0.00000000e+00)	1.80534375e+00
1.25            	-1.00000000e-02	(1.00000000e+00 0.00000000e+00 0.00000000e+00)	1.78682980e+00
1.3             	-1.00000000e-02	(1.00000000e+00 0.00000000e+00 0.00000000e+00)	1.76984792e+00
1.35            	-1.00000000e-02	(1.00000000e+00 0.00000000e+00 0.00000000e+00)	1.75421728e+00
1.4             	-1.00000000e-02	(1.00000000e+00 0.00000000e+00 0.00000000e+00)	1.73981479e+00
1.45            	-1.00000000e-02	(1.00000000e+00 0.00000000e+00 0.00000000e+00)	1.72652256e+00
1.5             	-1.00000000e-02	(1.00000000e+00 0.00000000e+00 0.00000000e+00)	1.71423607e+00
1.55            	-1.00000000e-02	(1.00000000e+00 0.00000000e+00 0.00000000e+00)	1.70286222e+00
1.6             	-1.00000000e-02	(1.00000000e+00 0.00000000e+00 0.00000000e+00)	1.69231830e+00
1.65            	-1.00000000e-02	(1.00000000e+00 0.00000000e+00 0.00000000e+00)	1.68253023e+00
1.7             	-1.00000000e-02	(1.00000000e+00 0.00000000e+00 0.00000000e+00)	1.67343206e+00
1.75            	-1.00000000e-02	(1.00000000e+00 0.00000000e+00 0.00000000e+00)	1.66496457e+00
1.8             	-1.00000000e-02	(1.00000000e+00 0.00000000e+00 0.00000000e+00)	1.65707470e+00
1.85            	-1.00000000e-02	(1.00000000e+00 0.00000000e+00 0.00000000e+00)	1.64971477e+00
1.9             	-1.00000000e-02	(1.00000000e+00 0.00000000e+00 0.00000000e+00)	1.64284180e+00
1.95            	-1.00000000e-02	(1.00000000e+00 0.00000000e+00 0.00000000e+00)	1.63641704e+00
2               	-1.00000000e-02	(1.00000000e+00 0.00000000e+00 0.00000000e+00)	1.63040548e+00
2.05            	-1.00000000e-02	(1.00000000e+00 0.00000000e+00 0.00000000e+00)	1.62476483e+00
2.1             	-1.00000000e-02	(1.00000000e+00 0.00000000e+00 0.00000000e+00)	1.61949687e+00
2.15            	-1.00000000e-02	(1.00000000e+00 0.00000000e+00 0.00000000e+00)	1.61454617e+00
2.2             	-1.00000000e-02	(1.00000000e+00 0.00000000e+00 0.00000000e+00)	1.60989838e+00
2.25            	-1.00000000e-02	(1.00000000e+00 0.00000000e+00 0.00000000e+00)	1.60553165e+00
2.3             	-1.00000000e-02	(1.00000000e+00 0.00000000e+00 0.00000000e+00)	1.60142623e+00
2.35            	-1.00000000e-02	(1.00000000e+00 0.00000000e+00 0.00000000e+00)	1.59756401e+00
2.4             	-1.00000000e-02	(1.00000000e+00 0.00000000e+00 0.00000000e+00)	1.59392840e+00
2.45            	-1.00000000e-02	(1.00000000e+00 0.00000000e+00 0.00000000e+00)	1.59050410e+00
2.5             	-1.00000000e-02	(1.00000000e+00 0.00000000e+00 0.00000000e+00)	1.58727713e+00
2.55            	-1.00000000e-02	(1.00000000e+00 0.00000000e+00 0.00000000e+00)	1.58423459e+00
2.6             	-1.00000000e-02	(1.00000000e+00 0.00000000e+00 0.00000000e+00)	1.58136459e+00
2.65            	-1.00000000e-02	(1.00000000e+00 0.00000000e+00 0.00000000e+00)	1.57865617e+00
2.7             	-1.00000000e-02	(1.00000000e+00 0.00000000e+00 0.00000000e+00)	1.57609916e+00
2.75            	-1.00000000e-02	(1.00000000e+00 0.00000000e+00 0.00000000e+00)	1.57368418e+00
2.8             	-1.00000000e-02	(1.00000000e+00 0.00000000e+00 0.00000000e+00)	1.57140254e+00
2.85            	-1.00000000e-02	(1.00000000e+00 0.00000000e+00 0.00000000e+00)	1.56924614e+00
2.9             	-1.00000000e-02	(1.00000000e+00 0.00000000e+00 0.00000000e+00)	1.56720750e+00
2.95            	-1.00000000e-02	(1.00000000e+00 0.00000000e+00 0.00000000e+00)	1.56527802e+00
3               	-1.00000000e-02	(1.00000000e+00 0.00000000e+00 0.00000000e+00)	1.56345440e+00
3.05            	-1.00000000e-02	(1.00000000e+00 0.00000000e+00 0.00000000e+00)	1.56172912e+00
3.1             	-1.00000000e-02	(1.00000000e+00 0.00000000e+00 0.00000000e+00)	1.56009640e+00
3.15            	-1.00000000e-02	(1.00000000e+00 0.00000000e+00 0.00000000e+00)	1.55855097e+00
3.2             	-1.00000000e-02	(1.00000000e+00 0.00000000e+00 0.00000000e+00)	1.55708790e+00
3.25            	-1.00000000e-02	(1.00000000e+00 0.00000000e+00 0.00000000e+00)	1.55570256e+00
3.3             	-1.00000000e-02	(1.00000000e+00 0.00000000e+00 0.00000000e+00)	1.55439063e+00
3.35            	-1.00000000e-02	(1.00000000e+00 0.00000000e+00 0.00000000e+00)	1.55314808e+00
3.4             	-1.00000000e-02	(1.00000000e+00 0.00000000e+00 0.00000000e+00)	1.55197108e+00
3.45            	-1.00000000e-02	(1.00000000e+00 0.00000000e+00 0.00000000e+00)	1.55085608e+00
3.5             	-1.00000000e-02	(1.00000000e+00 0.00000000e+00 0.00000000e+00)	1.54979972e+00
3.55            	-1.00000000e-02	(1.00000000e+00 0.00000000e+00 0.00000000e+00)	1.54879886e+00
3.6             	-1.00000000e-02	(1.00000000e+00 0.00000000e+00 0.00000000e+00)	1.54785053e+00
3.65            	-1.00000000e-02	(1.00000000e+00 0.00000000e+00 0.00000000e+00)	1.54695193e+00
3.7             	-1.00000000e-02	(1.00000000e+00 0.00000000e+00 0.00000000e+00)	1.54610043e+00
3.75            	-1.00000000e-02	(1.00000000e+00 0.00000000e+00 0.00000000e+00)	1.54529356e+00
3.8             	-1.00000000e-02	(1.00000000e+00 0.00000000e+00 0.00000000e+00)	1.54452899e+00
3.85            	-1.00000000e-02	(1.00000000e+00 0.00000000e+00 0.00000000e+00)	1.54380449e+00
3.9             	-1.00000000e-02	(1.00000000e+00 0.00000000e+00 0.00000000e+00)	1.54311464e+00
3.95            	-1.00000000e-02	(1.00000000e+00 0.00000000e+00 0.00000000e+00)	1.54246722e+00
4               	-1.00000000e-02	(1.00000000e+00 0.00000000e+00 0.00000000e+00)	1.54185123e+00
4.05            	-1.00000000e-02	(1.00000000e+00 0.00000000e+00 0.00000000e+00)	1.54126725e+00
4.1             	-1.00000000e-02	(1.00000000e+00 0.00000000e+00 0.00000000e+00)	1.54071415e+00
4.15            	-1.00000000e-02	(1.00000000e+00 0.00000000e+00 0.00000000e+00)	1.54019021e+00
4.2             	-1.00000000e-02	(1.00000000e+00 0.00000000e+00 0.00000000e+00)	1.53969397e+00
4.25            	-1.00000000e-02	(1.00000000e+00 0.00000000e+00 0.00000000e+00)	1.53922402e+00
4.3             	-1.00000000e-02	(1.00000000e+00 0.00000000e+00 0.00000000e+00)	1.53877901e+00
4.35            	-1.00000000e-02	(1.00000000e+00 0.00000000e+00 0.00000000e+00)	1.53835768e+00
4.4             	-1.00000000e-02	(1.00000000e+00 0.00000000e+00 0.00000000e+00)	1.53795883e+00
4.45            	-1.00000000e-02	(1.00000000e+00 0.00000000e+00 0.00000000e+00)	1.53758133e+00
4.5             	-1.00000000e-02	(1.00000000e+00 0.00000000e+00 0.00000000e+00)	1.53722409e+00
4.55            	-1.00000000e-02	(1.00000000e+00 0.00000000e+00 0.00000000e+00)	1.53688609e+00
4.6             	-1.00000000e-02	(1.00000000e+00 0.00000000e+00 0.00000000e+00)	1.53656636e+00
4.65            	-1.00000000e-02	(1.00000000e+00 0.00000000e+00 0.00000000e+00)	1.53626397e+00
4.7             	-1.00000000e-02	(1.00000000e+00 0.00000000e+00 0.00000000e+00)	1.53597806e+00
4.75            	-1.00000000e-02	(1.00000000e+00 0.00000000e+00 0.00000000e+00)	1.53570778e+00
4.8             	-1.00000000e-02	(1.00000000e+00 0.00000000e+00 0.00000000e+00)	1.53545236e+00
4.85            	-1.00000000e-02	(1.00000000e+00 0.00000000e+00 0.00000000e+00)	1.53521104e+00
4.9             	-1.00000000e-02	(1.00000000e+00 0.00000000e+00 0.00000000e+00)	1.53498310e+00
4.95            	-1.00000000e-02	(1.00000000e+00 0.00000000e+00 0.00000000e+00)	1.53476788e+00
5               	-1.00000000e-02	(1.00000000e+00 0.00000000e+00 0.00000000e+00)	1.53456472e+00
5.05            	-1.00000000e-02	(1.00000000e+00 0.00000000e+00 0.00000000e+00)	1.53437302e+00
5.1             	-1.00000000e-02	(1.00000000e+00 0.00000000e+00 0.00000000e+00)	1.53419220e+00
5.15            	-1.00000000e-02	(1.00000000e+00 0.00000000e+00 0.00000000e+00)	1.53402170e+00
5.2             	-1.00000000e-02	(1.00000000e+00 0.00000000e+00 0.00000000e+00)	1.53386100e+00
5.25            	-1.00000000e-02	(1.00000000e+00 0.00000000e+00 0.00000000e+00)	1.53370960e+00
5.3             	-1.00000000e-02	(1.00000000e+00 0.00000000e+00 0.00000000e+00)	1.53356702e+00
5.35            	-1.00000000e-02	(1.00000000e+00 0.00000000e+00 0.00000000e+00)	1.53343282e+00
5.4             	-1.00000000e-02	(1.00000000e+00 0.00000000e+00 0.00000000e+00)	1.53330656e+00
5.45            	-1.00000000e-02	(1.00000000e+00 0.00000000e+00 0.00000000e+00)	1.53318688e+00
5.5             	-1.00000000e-02	(1.00000000e+00 0.00000000e+00 0.00000000e+00)	1.53307572e+00
5.55            	-1.00000000e-02	(1.00000000e+00 0.00000000e+00 0.00000000e+00)	1.53297100e+00
5.6             	-1.00000000e-02	(1.00000000e+00 0.00000000e+00 0.00000000e+00)	1.53287265e+00
5.65            	-1.00000000e-02	(1.00000000e+00 0.00000000e+00 0.00000000e+00)	1.53278040e+00
5.7             	-1.00000000e-02	(1.00000000e+00 0.00000000e+00 0.00000000e+00)	1.53269394e+00
5.75            	-1.00000000e-02	(1.00000000e+00 0.00000000e+00 0.00000000e+00)	1.53261294e+00
5.8             	-1.00000000e-02	(1.00000000e+00 0.00000000e+00 0.00000000e+00)	1.53253713e+00
5.85            	-1.00000000e-02	(1.00000000e+00 0.00000000e+00 0.00000000e+00)	1.53246623e+00
5.9             	-1.00000000e-02	(1.00000000e+00 0.00000000e+00 0.00000000e+00)	1.53239999e+00
5.95            	-1.00000000e-02	(1.00000000e+00 0.00000000e+00 0.00000000e+00)	1.53233815e+00
6               	-1.00000000e-02	(1.00000000e+00 0.00000000e+00 0.00000000e+00)	1.53228048e+00
6.05            	-1.00000000e-02	(1.00000000e+00 0.00000000e+00 0.00000000e+00)	1.53222676e+00
6.1             	-1.00000000e-02	(1.00000000e+00 0.00000000e+00 0.00000000e+00)	1.53217677e+00
6.15            	-1.00000000e-02	(1.00000000e+00 0.00000000e+00 0.00000000e+00)	1.53213031e+00
6.2             	-1.00000000e-02	(1.00000000e+00 0.00000000e+00 0.00000000e+00)	1.53208719e+00
6.25            	-1.00000000e-02	(1.00000000e+00 0.00000000e+00 0.00000000e+00)	1.53204723e+00
6.3             	-1.00000000e-02	(1.00000000e+00 0.00000000e+00 0.00000000e+00)	1.53201026e+00
6.35            	-1.00000000e-02	(1.00000000e+00 0.00000000e+00 0.00000000e+00)	1.53197610e+00
6.4             	-1.00000000e-02	(1.00000000e+00 0.00000000e+00 0.00000000e+00)	1.53194461e+00
6.45            	-1.00000000e-02	(1.00000000e+00 0.00000000e+00 0.00000000e+00)	1.53191563e+00
6.5             	-1.00000000e-02	(1.00000000e+00 0.00000000e+00 0.00000000e+00)	1.53188648e+00
6.55            	-1.00000000e-02	(1.00000000e+00 0.00000000e+00 0.00000000e+00)	1.53186407e+00
6.6             	-1.00000000e-02	(1.00000000e+00 0.00000000e+00 0.00000000e+00)	1.53184228e+00
6.65            	-1.00000000e-02	(1.00000000e+00 0.00000000e+00 0.00000000e+00)	1.53182140e+00
6.7             	-1.00000000e-02	(1.00000000e+00 0.00000000e+00 0.00000000e+00)	1.53180342e+00
6.75            	-1.00000000e-02	(1.00000000e+00 0.00000000e+00 0.00000000e+00)	1.53178687e+00
6.8             	-1.00000000e-02	(1.00000000e+00 0.00000000e+00 0.00000000e+00)	1.53177165e+00
6.85            	-1.00000000e-02	(1.00000000e+00 0.00000000e+00 0.00000000e+00)	1.53175848e+00
6.9             	-1.00000000e-02	(1.00000000e+00 0.00000000e+00 0.00000000e+00)	1.53174657e+00
6.95            	-1.00000000e-02	(1.00000000e+00 0.00000000e+00 0.00000000e+00)	1.53173579e+00
7               	-1.00000000e-02	(1.00000000e+00 0.00000000e+00 0.00000000e+00)	1.53172676e+00
7.05            	-1.00000000e-02	(1.00000000e+00 0.00000000e+00 0.00000000e+00)	1.53171873e+00
7.1             	-1.00000000e-02	(1.00000000e+00 0.00000000e+00 0.00000000e+00)	1.53171134e+00
7.15            	-1.00000000e-02	(1.00000000e+00 0.00000000e+00 0.00000000e+00)	1.53170632e+00
7.2             	-1.00000000e-02	(1.00000000e+00 0.00000000e+00 0.00000000e+00)	1.53170063e+00
7.25            	-1.00000000e-02	(1.00000000e+00 0.00000000e+00 0.00000000e+00)	1.53169692e+00
7.3             	-1.00000000e-02	(1.00000000e+00 0.00000000e+00 0.00000000e+00)	1.53169419e+00
7.35            	-1.00000000e-02	(1.00000000e+00 0.00000000e+00 0.00000000e+00)	1.53169158e+00
7.4             	-1.00000000e-02	(1.00000000e+00 0.00000000e+00 0.00000000e+00)	1.53168987e+00
7.45            	-1.00000000e-02	(1.00000000e+00 0.00000000e+00 0.00000000e+00)	1.53168934e+00
7.5             	-1.00000000e-02	(1.00000000e+00 0.00000000e+00 0.00000000e+00)	1.53168881e+00
7.55            	-1.00000000e-02	(1.00000000e+00 0.00000000e+00 0.00000000e+00)	1.53168953e+00
7.6             	-1.00000000e-02	(1.00000000e+00 0.00000000e+00 0.00000000e+00)	1.53169015e+00
7.65            	-1.00000000e-02	(1.00000000e+00 0.00000000e+00 0.00000000e+00)	1.53169181e+00
7.7             	-1.00000000e-02	(1.00000000e+00 0.00000000e+00 0.00000000e+00)	1.53169345e+00
7.75            	-1.00000000e-02	(1.00000000e+00 0.00000000e+00 0.00000000e+00)	1.53169656e+00
7.8             	-1.00000000e-02	(1.00000000e+00 0.00000000e+00 0.00000000e+00)	1.53169787e+00
7.85            	-1.00000000e-02	(1.00000000e+00 0.00000000e+00 0.00000000e+00)	1.53170261e+00
7.9             	-1.00000000e-02	(1.00000000e+00 0.00000000e+00 0.00000000e+00)	1.53170494e+00
7.95            	-1.00000000e-02	(1.00000000e+00 0.00000000e+00 0.00000000e+00)	1.53170895e+00
8               	-1.00000000e-02	(1.00000000e+00 0.00000000e+00 0.00000000e+00)	1.53171267e+00
8.05            	-1.00000000e-02	(1.00000000e+00 0.00000000e+00 0.00000000e+00)	1.53171689e+00
8.1             	-1.00000000e-02	(1.00000000e+00 0.00000000e+00 0.00000000e+00)	1.53172144e+00
8.15            	-1.00000000e-02	(1.00000000e+00 0.00000000e+00 0.00000000e+00)	1.53172561e+00
8.2             	-1.00000000e-02	(1.00000000e+00 0.00000000e+00 0.00000000e+00)	1.53173059e+00
8.25            	-1.00000000e-02	(1.00000000e+00 0.00000000e+00 0.00000000e+00)	1.53173553e+00
8.3             	-1.00000000e-02	(1.00000000e+00 0.00000000e+00 0.00000000e+00)	1.53174005e+00
8.35            	-1.00000000e-02	(1.00000000e+00 0.00000000e+00 0.00000000e+00)	1.53174539e+00
8.4             	-1.00000000e-02	(1.00000000e+00 0.00000000e+00 0.00000000e+00)	1.53175051e+00
8.45            	-1.00000000e-02	(1.00000000e+00 0.00000000e+00 0.00000000e+00)	1.53175523e+00
8.5             	-1.00000000e-02	(1.00000000e+00 0.00000000e+00 0.00000000e+00)	1.53176067e+00
8.55            	-1.00000000e-02	(1.00000000e+00 0.00000000e+00 0.00000000e+00)	1.53176573e+00
8.6             	-1.00000000e-02	(1.00000000e+00 0.00000000e+00 0.00000000e+00)	1.53177071e+00
8.65            	-1.00000000e-02	(1.00000000e+00 0.00000000e+00 0.00000000e+00)	1.53177603e+00
8.7             	-1.00000000e-02	(1.00000000e+00 0.00000000e+00 0.00000000e+00)	1.53178095e+00
8.75            	-1.00000000e-02	(1.00000000e+00 0.00000000e+00 0.00000000e+00)	1.53178592e+00
8.8             	-1.00000000e-02	(1.00000000e+00 0.00000000e+00 0.00000000e+00)	1.53179104e+00
8.85            	-1.00000000e-02	(1.00000000e+00 0.00000000e+00 0.00000000e+00)	1.53179575e+00
8.9             	-1.00000000e-02	(1.00000000e+00 0.00000000e+00 0.00000000e+00)	1.53180058e+00
8.95            	-1.00000000e-02	(1.00000000e+00 0.00000000e+00 0.00000000e+00)	1.53180541e+00
9               	-1.00000000e-02	(1.00000000e+00 0.00000000e+00 0.00000000e+00)	1.53180984e+00
9.05            	-1.00000000e-02	(1.00000000e+00 0.00000000e+00 0.00000000e+00)	1.53181442e+00
9.1             	-1.00000000e-02	(1.00000000e+00 0.00000000e+00 0.00000000e+00)	1.53181891e+00
9.15            	-1.00000000e-02	(1.00000000e+00 0.00000000e+00 0.00000000e+00)	1.53182300e+00
9.2             	-1.00000000e-02	(1.00000000e+00 0.00000000e+00 0.00000000e+00)	1.53182727e+00
9.25            	-1.00000000e-02	(1.00000000e+00 0.00000000e+00 0.00000000e+00)	1.53183135e+00
9.3             	-1.00000000e-02	(1.00000000e+00 0.00000000e+00 0.00000000e+00)	1.53183508e+00
9.35            	-1.00000000e-02	(1.00000000e+00 0.00000000e+00 0.00000000e+00)	1.53183898e+00
9.4             	-1.00000000e-02	(1.00000000e+00 0.00000000e+00 0.00000000e+00)	1.53183898e+00
9.45            	-1.00000000e-02	(1.00000000e+00 0.00000000e+00 0.00000000e+00)	1.53185033e+00
9.5             	-1.00000000e-02	(1.00000000e+00 0.00000000e+00 0.00000000e+00)	1.53184954e+00
9.55            	-1.00000000e-02	(1.00000000e+00 0.00000000e+00 0.00000000e+00)	1.53185138e+00
9.6             	-1.00000000e-02	(1.00000000e+00 0.00000000e+00 0.00000000e+00)	1.53185633e+00
9.65            	-1.00000000e-02	(1.00000000e+00 0.00000000e+00 0.00000000e+00)	1.53185825e+00
9.7             	-1.00000000e-02	(1.00000000e+00 0.00000000e+00 0.00000000e+00)	1.53185825e+00
9.75            	-1.00000000e-02	(1.00000000e+00 0.00000000e+00 0.00000000e+00)	1.53186830e+00
9.8             	-1.00000000e-02	(1.00000000e+00 0.00000000e+00 0.00000000e+00)	1.53186717e+00
9.85            	-1.00000000e-02	(1.00000000e+00 0.00000000e+00 0.00000000e+00)	1.53186799e+00
9.9             	-1.00000000e-02	(1.00000000e+00 0.00000000e+00 0.00000000e+00)	1.53187175e+00
9.95            	-1.00000000e-02	(1.00000000e+00 0.00000000e+00 0.00000000e+00)	1.53187175e+00
10              	-1.00000000e-02	(1.00000000e+00 0.00000000e+00 0.00000000e+00)	1.53187752e+00
10.05           	-1.00000000e-02	(1.00000000e+00 0.00000000e+00 0.00000000e+00)	1.53187777e+00
10.1            	-1.00000000e-02	(1.00000000e+00 0.00000000e+00 0.00000000e+00)	1.53187904e+00
10.15           	-1.00000000e-02	(1.00000000e+00 0.00000000e+00 0.00000000e+00)	1.53188134e+00
10.2            	-1.00000000e-02	(1.00000000e+00 0.00000000e+00 0.00000000e+00)	1.53188134e+00
10.25           	-1.00000000e-02	(1.00000000e+00 0.00000000e+00 0.00000000e+00)	1.53188582e+00
10.3            	-1.00000000e-02	(1.00000000e+00 0.00000000e+00 0.00000000e+00)	1.53188581e+00
10.35           	-1.00000000e-02	(1.00000000e+00 0.00000000e+00 0.00000000e+00)	1.53188674e+00
10.4            	-1.00000000e-02	(1.00000000e+00 0.00000000e+00 0.00000000e+00)	1.53188674e+00
10.45           	-1.00000000e-02	(1.00000000e+00 0.00000000e+00 0.00000000e+00)	1.53189102e+00
10.5            	-1.00000000e-02	(1.00000000e+00 0.00000000e+00 0.00000000e+00)	1.53189101e+00
10.55           	-1.00000000e-02	(1.00000000e+00 0.00000000e+00 0.00000000e+00)	1.53189117e+00
10.6            	-1.00000000e-02	(1.00000000e+00 0.00000000e+00 0.00000000e+00)	1.53189117e+00
10.65           	-1.00000000e-02	(1.00000000e+00 0.00000000e+00 0.00000000e+00)	1.53189404e+00
10.7            	-1.00000000e-02	(1.00000000e+00 0.00000000e+00 0.00000000e+00)	1.53189433e+00
10.75           	-1.00000000e-02	(1.00000000e+00 0.00000000e+00 0.00000000e+00)	1.53189433e+00
10.8            	-1.00000000e-02	(1.00000000e+00 0.00000000e+00 0.00000000e+00)	1.53189537e+00
10.85           	-1.00000000e-02	(1.00000000e+00 0.00000000e+00 0.00000000e+00)	1.53189612e+00
10.9            	-1.00000000e-02	(1.00000000e+00 0.00000000e+00 0.00000000e+00)	1.53189671e+00
10.95           	-1.00000000e-02	(1.00000000e+00 0.00000000e+00 0.00000000e+00)	1.53189671e+00
11              	-1.00000000e-02	(1.00000000e+00 0.00000000e+00 0.00000000e+00)	1.53189784e+00
11.05           	-1.00000000e-02	(1.00000000e+00 0.00000000e+00 0.00000000e+00)	1.53189817e+00
11.1            	-1.00000000e-02	(1.00000000e+00 0.00000000e+00 0.00000000e+00)	1.53189817e+00
11.15           	-1.00000000e-02	(1.00000000e+00 0.00000000e+00 0.00000000e+00)	1.53189875e+00
11.2            	-1.00000000e-02	(1.00000000e+00 0.00000000e+00 0.00000000e+00)	1.53189875e+00
11.25           	-1.00000000e-02	(1.00000000e+00 0.00000000e+00 0.00000000e+00)	1.53189952e+00
11.3            	-1.00000000e-02	(1.00000000e+00 0.00000000e+00 0.00000000e+00)	1.53189987e+00
11.35           	-1.00000000e-02	(1.00000000e+00 0.00000000e+00 0.00000000e+00)	1.53190002e+00
11.4            	-1.00000000e-02	(1.00000000e+00 0.00000000e+00 0.00000000e+00)	1.53190002e+00
11.45           	-1.00000000e-02	(1.00000000e+00 0.00000000e+00 0.00000000e+00)	1.53190027e+00
11.5            	-1.00000000e-02	(1.00000000e+00 0.00000000e+00 0.00000000e+00)	1.53190027e+00
11.55           	-1.00000000e-02	(1.00000000e+00 0.00000000e+00 0.00000000e+00)	1.53190067e+00
11.6            	-1.00000000e-02	(1.00000000e+00 0.00000000e+00 0.00000000e+00)	1.53190092e+00
11.65           	-1.00000000e-02	(1.00000000e+00 0.00000000e+00 0.00000000e+00)	1.53190092e+00
11.7            	-1.00000000e-02	(1.00000000e+00 0.00000000e+00 0.00000000e+00)	1.53190107e+00
11.75           	-1.00000000e-02	(1.00000000e+00 0.00000000e+00 0.00000000e+00)	1.53190108e+00
11.8            	-1.00000000e-02	(1.00000000e+00 0.00000000e+00 0.00000000e+00)	1.53190124e+00
11.85           	-1.00000000e-02	(1.00000000e+00 0.00000000e+00 0.00000000e+00)	1.53190124e+00
11.9            	-1.00000000e-02	(1.00000000e+00 0.00000000e+00 0.00000000e+00)	1.53190142e+00
11.95           	-1.00000000e-02	(1.00000000e+00 0.00000000e+00 0.00000000e+00)	1.53190142e+00
12              	-1.00000000e-02	(1.00000000e+00 0.00000000e+00 0.00000000e+00)	1.53190141e+00
12.05           	-1.00000000e-02	(1.00000000e+00 0.00000000e+00 0.00000000e+00)	1.53190142e+00
12.1            	-1.00000000e-02	(1.00000000e+00 0.00000000e+00 0.00000000e+00)	1.53190163e+00
12.15           	-1.00000000e-02	(1.00000000e+00 0.00000000e+00 0.00000000e+00)	1.53190163e+00
12.2            	-1.00000000e-02	(1.00000000e+00 0.00000000e+00 0.00000000e+00)	1.53190165e+00
12.25           	-1.00000000e-02	(1.00000000e+00 0.00000000e+00 0.00000000e+00)	1.53190166e+00
12.3            	-1.00000000e-02	(1.00000000e+00 0.00000000e+00 0.00000000e+00)	1.53190166e+00
12.35           	-1.00000000e-02	(1.00000000e+00 0.00000000e+00 0.00000000e+00)	1.53190165e+00
12.4            	-1.00000000e-02	(1.00000000e+00 0.00000000e+00 0.00000000e+00)	1.53190184e+00
12.45           	-1.00000000e-02	(1.00000000e+00 0.00000000e+00 0.00000000e+00)	1.53190184e+00
12.5            	-1.00000000e-02	(1.00000000e+00 0.00000000e+00 0.00000000e+00)	1.53190185e+00
12.55           	-1.00000000e-02	(1.00000000e+00 0.00000000e+00 0.00000000e+00)	1.53190185e+00
12.6            	-1.00000000e-02	(1.00000000e+00 0.00000000e+00 0.00000000e+00)	1.53190185e+00
12.65           	-1.00000000e-02	(1.00000000e+00 0.00000000e+00 0.00000000e+00)	1.53190185e+00
12.7            	-1.00000000e-02	(1.00000000e+00 0.00000000e+00 0.00000000e+00)	1.53190184e+00
12.75           	-1.00000000e-02	(1.00000000e+00 0.00000000e+00 0.00000000e+00)	1.53190184e+00
12.8            	-1.00000000e-02	(1.00000000e+00 0.00000000e+00 0.00000000e+00)	1.53190184e+00
12.85           	-1.00000000e-02	(1.00000000e+00 0.00000000e+00 0.00000000e+00)	1.53190183e+00
12.9            	-1.00000000e-02	(1.00000000e+00 0.00000000e+00 0.00000000e+00)	1.53190183e+00
12.95           	-1.00000000e-02	(1.00000000e+00 0.00000000e+00 0.00000000e+00)	1.53190183e+00
13              	-1.00000000e-02	(1.00000000e+00 0.00000000e+00 0.00000000e+00)	1.53190183e+00
13.05           	-1.00000000e-02	(1.00000000e+00 0.00000000e+00 0.00000000e+00)	1.53190183e+00
13.1            	-1.00000000e-02	(1.00000000e+00 0.00000000e+00 0.00000000e+00)	1.53190183e+00
13.15           	-1.00000000e-02	(1.00000000e+00 0.00000000e+00 0.00000000e+00)	1.53190183e+00
13.2            	-1.00000000e-02	(1.00000000e+00 0.00000000e+00 0.00000000e+00)	1.53190183e+00
13.25           	-1.00000000e-02	(1.00000000e+00 0.00000000e+00 0.00000000e+00)	1.53190183e+00
13.3            	-1.00000000e-02	(1.00000000e+00 0.00000000e+00 0.00000000e+00)	1.53190183e+00
13.35           	-1.00000000e-02	(1.00000000e+00 0.00000000e+00 0.00000000e+00)	1.53190183e+00
13.4            	-1.00000000e-02	(1.00000000e+00 0.00000000e+00 0.00000000e+00)	1.53190183e+00
13.45           	-1.00000000e-02	(1.00000000e+00 0.00000000e+00 0.00000000e+00)	1.53190183e+00
13.5            	-1.00000000e-02	(1.00000000e+00 0.00000000e+00 0.00000000e+00)	1.53190183e+00
13.55           	-1.00000000e-02	(1.00000000e+00 0.00000000e+00 0.00000000e+00)	1.53190183e+00
13.6            	-1.00000000e-02	(1.00000000e+00 0.00000000e+00 0.00000000e+00)	1.53190183e+00
13.65           	-1.00000000e-02	(1.00000000e+00 0.00000000e+00 0.00000000e+00)	1.53190183e+00
13.7            	-1.00000000e-02	(1.00000000e+00 0.00000000e+00 0.00000000e+00)	1.53190183e+00
13.75           	-1.00000000e-02	(1.00000000e+00 0.00000000e+00 0.00000000e+00)	1.53190183e+00
13.8            	-1.00000000e-02	(1.00000000e+00 0.00000000e+00 0.00000000e+00)	1.53190183e+00
13.85           	-1.00000000e-02	(1.00000000e+00 0.00000000e+00 0.00000000e+00)	1.53190183e+00
13.9            	-1.00000000e-02	(1.00000000e+00 0.00000000e+00 0.00000000e+00)	1.53190199e+00
13.95           	-1.00000000e-02	(1.00000000e+00 0.00000000e+00 0.00000000e+00)	1.53190199e+00
14              	-1.00000000e-02	(1.00000000e+00 0.00000000e+00 0.00000000e+00)	1.53190199e+00
14.05           	-1.00000000e-02	(1.00000000e+00 0.00000000e+00 0.00000000e+00)	1.53190199e+00
14.1            	-1.00000000e-02	(1.00000000e+00 0.00000000e+00 0.00000000e+00)	1.53190187e+00
14.15           	-1.00000000e-02	(1.00000000e+00 0.00000000e+00 0.00000000e+00)	1.53190187e+00
14.2            	-1.00000000e-02	(1.00000000e+00 0.00000000e+00 0.00000000e+00)	1.53190186e+00
14.25           	-1.00000000e-02	(1.00000000e+00 0.00000000e+00 0.00000000e+00)	1.53190186e+00
14.3            	-1.00000000e-02	(1.00000000e+00 0.00000000e+00 0.00000000e+00)	1.53190186e+00
14.35           	-1.00000000e-02	(1.00000000e+00 0.00000000e+00 0.00000000e+00)	1.53190186e+00
14.4            	-1.00000000e-02	(1.00000000e+00 0.00000000e+00 0.00000000e+00)	1.53190186e+00
14.45           	-1.00000000e-02	(1.00000000e+00 0.00000000e+00 0.00000000e+00)	1.53190185e+00
14.5            	-1.00000000e-02	(1.00000000e+00 0.00000000e+00 0.00000000e+00)	1.53190185e+00
14.55           	-1.00000000e-02	(1.00000000e+00 0.00000000e+00 0.00000000e+00)	1.53190185e+00
14.6            	-1.00000000e-02	(1.00000000e+00 0.00000000e+00 0.00000000e+00)	1.53190185e+00
14.65           	-1.00000000e-02	(1.00000000e+00 0.00000000e+00 0.00000000e+00)	1.53190184e+00
14.7            	-1.00000000e-02	(1.00000000e+00 0.00000000e+00 0.00000000e+00)	1.53190184e+00
14.75           	-1.00000000e-02	(1.00000000e+00 0.00000000e+00 0.00000000e+00)	1.53190184e+00
14.8            	-1.00000000e-02	(1.00000000e+00 0.00000000e+00 0.00000000e+00)	1.53190184e+00
14.85           	-1.00000000e-02	(1.00000000e+00 0.00000000e+00 0.00000000e+00)	1.53190184e+00
14.9            	-1.00000000e-02	(1.00000000e+00 0.00000000e+00 0.00000000e+00)	1.53190184e+00
14.95           	-1.00000000e-02	(1.00000000e+00 0.00000000e+00 0.00000000e+00)	1.53190184e+00
15              	-1.00000000e-02	(1.00000000e+00 0.00000000e+00 0.00000000e+00)	1.53190184e+00
15.05           	-1.00000000e-02	(1.00000000e+00 0.00000000e+00 0.00000000e+00)	1.53190184e+00
15.1            	-1.00000000e-02	(1.00000000e+00 0.00000000e+00 0.00000000e+00)	1.53190184e+00
15.15           	-1.00000000e-02	(1.00000000e+00 0.00000000e+00 0.00000000e+00)	1.53190184e+00
15.2            	-1.00000000e-02	(1.00000000e+00 0.00000000e+00 0.00000000e+00)	1.53190184e+00
15.25           	-1.00000000e-02	(1.00000000e+00 0.00000000e+00 0.00000000e+00)	1.53190184e+00
15.3            	-1.00000000e-02	(1.00000000e+00 0.00000000e+00 0.00000000e+00)	1.53190185e+00
15.35           	-1.00000000e-02	(1.00000000e+00 0.00000000e+00 0.00000000e+00)	1.53190185e+00
15.4            	-1.00000000e-02	(1.00000000e+00 0.00000000e+00 0.00000000e+00)	1.53190185e+00
15.45           	-1.00000000e-02	(1.00000000e+00 0.00000000e+00 0.00000000e+00)	1.53190185e+00
15.5            	-1.00000000e-02	(1.00000000e+00 0.00000000e+00 0.00000000e+00)	1.53190185e+00
15.55           	-1.00000000e-02	(1.00000000e+00 0.00000000e+00 0.00000000e+00)	1.53190185e+00
15.6            	-1.00000000e-02	(1.00000000e+00 0.00000000e+00 0.00000000e+00)	1.53190185e+00
15.65           	-1.00000000e-02	(1.00000000e+00 0.00000000e+00 0.00000000e+00)	1.53190185e+00
15.7            	-1.00000000e-02	(1.00000000e+00 0.00000000e+00 0.00000000e+00)	1.53190186e+00
15.75           	-1.00000000e-02	(1.00000000e+00 0.00000000e+00 0.00000000e+00)	1.53190186e+00
15.8            	-1.00000000e-02	(1.00000000e+00 0.00000000e+00 0.00000000e+00)	1.53190186e+00
15.85           	-1.00000000e-02	(1.00000000e+00 0.00000000e+00 0.00000000e+00)	1.53190186e+00
15.9            	-1.00000000e-02	(1.00000000e+00 0.00000000e+00 0.00000000e+00)	1.53190186e+00
15.95           	-1.00000000e-02	(1.00000000e+00 0.00000000e+00 0.00000000e+00)	1.53190186e+00
16              	-1.00000000e-02	(1.00000000e+00 0.00000000e+00 0.00000000e+00)	1.53190187e+00
16.05           	-1.00000000e-02	(1.00000000e+00 0.00000000e+00 0.00000000e+00)	1.53190187e+00
16.1            	-1.00000000e-02	(1.00000000e+00 0.00000000e+00 0.00000000e+00)	1.53190187e+00
16.15           	-1.00000000e-02	(1.00000000e+00 0.00000000e+00 0.00000000e+00)	1.53190187e+00
16.2            	-1.00000000e-02	(1.00000000e+00 0.00000000e+00 0.00000000e+00)	1.53190187e+00
16.25           	-1.00000000e-02	(1.00000000e+00 0.00000000e+00 0.00000000e+00)	1.53190187e+00
16.3            	-1.00000000e-02	(1.00000000e+00 0.00000000e+00 0.00000000e+00)	1.53190187e+00
16.35           	-1.00000000e-02	(1.00000000e+00 0.00000000e+00 0.00000000e+00)	1.53190187e+00
16.4            	-1.00000000e-02	(1.00000000e+00 0.00000000e+00 0.00000000e+00)	1.53190187e+00
16.45           	-1.00000000e-02	(1.00000000e+00 0.00000000e+00 0.00000000e+00)	1.53190189e+00
16.5            	-1.00000000e-02	(1.00000000e+00 0.00000000e+00 0.00000000e+00)	1.53190189e+00
16.55           	-1.00000000e-02	(1.00000000e+00 0.00000000e+00 0.00000000e+00)	1.53190189e+00
16.6            	-1.00000000e-02	(1.00000000e+00 0.00000000e+00 0.00000000e+00)	1.53190189e+00
16.65           	-1.00000000e-02	(1.00000000e+00 0.00000000e+00 0.00000000e+00)	1.53190189e+00
16.7            	-1.00000000e-02	(1.00000000e+00 0.00000000e+00 0.00000000e+00)	1.53190189e+00
16.75           	-1.00000000e-02	(1.00000000e+00 0.00000000e+00 0.00000000e+00)	1.53190189e+00
16.8            	-1.00000000e-02	(1.00000000e+00 0.00000000e+00 0.00000000e+00)	1.53190189e+00
16.85           	-1.00000000e-02	(1.00000000e+00 0.00000000e+00 0.00000000e+00)	1.53190189e+00
16.9            	-1.00000000e-02	(1.00000000e+00 0.00000000e+00 0.00000000e+00)	1.53190189e+00
16.95           	-1.00000000e-02	(1.00000000e+00 0.00000000e+00 0.00000000e+00)	1.53190179e+00
17              	-1.00000000e-02	(1.00000000e+00 0.00000000e+00 0.00000000e+00)	1.53190179e+00
17.05           	-1.00000000e-02	(1.00000000e+00 0.00000000e+00 0.00000000e+00)	1.53190179e+00
17.1            	-1.00000000e-02	(1.00000000e+00 0.00000000e+00 0.00000000e+00)	1.53190179e+00
17.15           	-1.00000000e-02	(1.00000000e+00 0.00000000e+00 0.00000000e+00)	1.53190175e+00
17.2            	-1.00000000e-02	(1.00000000e+00 0.00000000e+00 0.00000000e+00)	1.53190174e+00
17.25           	-1.00000000e-02	(1.00000000e+00 0.00000000e+00 0.00000000e+00)	1.53190174e+00
17.3            	-1.00000000e-02	(1.00000000e+00 0.00000000e+00 0.00000000e+00)	1.53190174e+00
17.35           	-1.00000000e-02	(1.00000000e+00 0.00000000e+00 0.00000000e+00)	1.53190205e+00
17.4            	-1.00000000e-02	(1.00000000e+00 0.00000000e+00 0.00000000e+00)	1.53190205e+00
17.45           	-1.00000000e-02	(1.00000000e+00 0.00000000e+00 0.00000000e+00)	1.53190205e+00
17.5            	-1.00000000e-02	(1.00000000e+00 0.00000000e+00 0.00000000e+00)	1.53190205e+00
17.55           	-1.00000000e-02	(1.00000000e+00 0.00000000e+00 0.00000000e+00)	1.53190205e+00
17.6            	-1.00000000e-02	(1.00000000e+00 0.00000000e+00 0.00000000e+00)	1.53190205e+00
17.65           	-1.00000000e-02	(1.00000000e+00 0.00000000e+00 0.00000000e+00)	1.53190170e+00
17.7            	-1.00000000e-02	(1.00000000e+00 0.00000000e+00 0.00000000e+00)	1.53190170e+00
17.75           	-1.00000000e-02	(1.00000000e+00 0.00000000e+00 0.00000000e+00)	1.53190167e+00
17.8            	-1.00000000e-02	(1.00000000e+00 0.00000000e+00 0.00000000e+00)	1.53190167e+00
17.85           	-1.00000000e-02	(1.00000000e+00 0.00000000e+00 0.00000000e+00)	1.53190167e+00
17.9            	-1.00000000e-02	(1.00000000e+00 0.00000000e+00 0.00000000e+00)	1.53190191e+00
17.95           	-1.00000000e-02	(1.00000000e+00 0.00000000e+00 0.00000000e+00)	1.53190191e+00
18              	-1.00000000e-02	(1.00000000e+00 0.00000000e+00 0.00000000e+00)	1.53190191e+00
18.05           	-1.00000000e-02	(1.00000000e+00 0.00000000e+00 0.00000000e+00)	1.53190191e+00
18.1            	-1.00000000e-02	(1.00000000e+00 0.00000000e+00 0.00000000e+00)	1.53190191e+00
18.15           	-1.00000000e-02	(1.00000000e+00 0.00000000e+00 0.00000000e+00)	1.53190191e+00
18.2            	-1.00000000e-02	(1.00000000e+00 0.00000000e+00 0.00000000e+00)	1.53190194e+00
18.25           	-1.00000000e-02	(1.00000000e+00 0.00000000e+00 0.00000000e+00)	1.53190194e+00
18.3            	-1.00000000e-02	(1.00000000e+00 0.00000000e+00 0.00000000e+00)	1.53190194e+00
18.35           	-1.00000000e-02	(1.00000000e+00 0.00000000e+00 0.00000000e+00)	1.53190194e+00
18.4            	-1.00000000e-02	(1.00000000e+00 0.00000000e+00 0.00000000e+00)	1.53190194e+00
18.45           	-1.00000000e-02	(1.00000000e+00 0.00000000e+00 0.00000000e+00)	1.53190194e+00
18.5            	-1.00000000e-02	(1.00000000e+00 0.00000000e+00 0.00000000e+00)	1.53190194e+00
18.55           	-1.00000000e-02	(1.00000000e+00 0.00000000e+00 0.00000000e+00)	1.53190194e+00
18.6            	-1.00000000e-02	(1.00000000e+00 0.00000000e+00 0.00000000e+00)	1.53190166e+00
18.65           	-1.00000000e-02	(1.00000000e+00 0.00000000e+00 0.00000000e+00)	1.53190166e+00
18.7            	-1.00000000e-02	(1.00000000e+00 0.00000000e+00 0.00000000e+00)	1.53190166e+00
18.75           	-1.00000000e-02	(1.00000000e+00 0.00000000e+00 0.00000000e+00)	1.53190166e+00
18.8            	-1.00000000e-02	(1.00000000e+00 0.00000000e+00 0.00000000e+00)	1.53190181e+00
18.85           	-1.00000000e-02	(1.00000000e+00 0.00000000e+00 0.00000000e+00)	1.53190181e+00
18.9            	-1.00000000e-02	(1.00000000e+00 0.00000000e+00 0.00000000e+00)	1.53190199e+00
18.95           	-1.00000000e-02	(1.00000000e+00 0.00000000e+00 0.00000000e+00)	1.53190204e+00
19              	-1.00000000e-02	(1.00000000e+00 0.00000000e+00 0.00000000e+00)	1.53190204e+00
19.05           	-1.00000000e-02	(1.00000000e+00 0.00000000e+00 0.00000000e+00)	1.53190204e+00
19.1            	-1.00000000e-02	(1.00000000e+00 0.00000000e+00 0.00000000e+00)	1.53190183e+00
19.15           	-1.00000000e-02	(1.00000000e+00 0.00000000e+00 0.00000000e+00)	1.53190183e+00
19.2            	-1.00000000e-02	(1.00000000e+00 0.00000000e+00 0.00000000e+00)	1.53190183e+00
19.25           	-1.00000000e-02	(1.00000000e+00 0.00000000e+00 0.00000000e+00)	1.53190183e+00
19.3            	-1.00000000e-02	(1.00000000e+00 0.00000000e+00 0.00000000e+00)	1.53190183e+00
19.35           	-1.00000000e-02	(1.00000000e+00 0.00000000e+00 0.00000000e+00)	1.53190183e+00
19.4            	-1.00000000e-02	(1.00000000e+00 0.00000000e+00 0.00000000e+00)	1.53190183e+00
19.45           	-1.00000000e-02	(1.00000000e+00 0.00000000e+00 0.00000000e+00)	1.53190183e+00
19.5            	-1.00000000e-02	(1.00000000e+00 0.00000000e+00 0.00000000e+00)	1.53190183e+00
19.55           	-1.00000000e-02	(1.00000000e+00 0.00000000e+00 0.00000000e+00)	1.53190183e+00
19.6            	-1.00000000e-02	(1.00000000e+00 0.00000000e+00 0.00000000e+00)	1.53190183e+00
19.65           	-1.00000000e-02	(1.00000000e+00 0.00000000e+00 0.00000000e+00)	1.53190183e+00
19.7            	-1.00000000e-02	(1.00000000e+00 0.00000000e+00 0.00000000e+00)	1.53190183e+00
19.75           	-1.00000000e-02	(1.00000000e+00 0.00000000e+00 0.00000000e+00)	1.53190183e+00
19.8            	-1.00000000e-02	(1.00000000e+00 0.00000000e+00 0.00000000e+00)	1.53190183e+00
19.85           	-1.00000000e-02	(1.00000000e+00 0.00000000e+00 0.00000000e+00)	1.53190183e+00
19.9            	-1.00000000e-02	(1.00000000e+00 0.00000000e+00 0.00000000e+00)	1.53190183e+00
19.95           	-1.00000000e-02	(1.00000000e+00 0.00000000e+00 0.00000000e+00)	1.53190183e+00
20              	-1.00000000e-02	(1.00000000e+00 0.00000000e+00 0.00000000e+00)	1.53190183e+00
