# Selection     : all
# Cells         : 1000
# Volume        : 1.00000000e+00
# Time          	max(p)	max(U)
0               	0.00000000e+00	(0.00000000e+00 0.00000000e+00 0.00000000e+00)
0.05            	2.02440478e+02	(1.01871183e+00 2.96773746e-02 0.00000000e+00)
0.1             	3.68758614e+00	(1.04190975e+00 4.00069990e-02 0.00000000e+00)
0.15            	3.47311696e+00	(1.05760661e+00 5.34200019e-02 0.00000000e+00)
0.2             	3.27272391e+00	(1.07211841e+00 6.74546397e-02 0.00000000e+00)
0.25            	3.10231960e+00	(1.08575477e+00 7.83025054e-02 0.00000000e+00)
0.3             	2.95538905e+00	(1.09866896e+00 8.63099913e-02 0.00000000e+00)
0.35            	2.82778738e+00	(1.11097710e+00 9.19749339e-02 0.00000000e+00)
0.4             	2.71633484e+00	(1.12276785e+00 9.58214081e-02 0.00000000e+00)
0.45            	2.61851257e+00	(1.13410774e+00 9.83271919e-02 0.00000000e+00)
0.5             	2.53228338e+00	(1.14525419e+00 1.00824263e-01 0.00000000e+00)
0.55            	2.45597750e+00	(1.15597502e+00 1.04215761e-01 0.00000000e+00)
0.6             	2.38821286e+00	(1.16626464e+00 1.06700554e-01 0.00000000e+00)
0.65            	2.32783652e+00	(1.17616691e+00 1.08491835e-01 0.00000000e+00)
0.7             	2.27387749e+00	(1.18571930e+00 1.09767708e-01 0.00000000e+00)
0.75            	2.22551301e+00	(1.19501348e+00 1.10669657e-01 0.00000000e+00)
0.8             	2.18204295e+00	(1.20398412e+00 1.11305531e-01 0.00000000e+00)
0.85            	2.14286924e+00	(1.21265323e+00 1.11754744e-01 0.00000000e+00)
0.9             	2.10747895e+00	(1.22104418e+00 1.12074147e-01 0.00000000e+00)
0.95            	2.07543085e+00	(1.22921295e+00 1.12303585e-01 0.00000000e+00)
1               	2.04634341e+00	(1.23711173e+00 1.12470595e-01 0.00000000e+00)
1.05            	2.01988614e+00	(1.24476284e+00 1.12594097e-01 0.00000000e+00)
1.1             	1.99577133e+00	(1.25216958e+00 1.12687124e-01 0.00000000e+00)
1.15            	1.97374734e+00	(1.25934257e+00 1.12758724e-01 0.00000000e+00)
1.2             	1.95359414e+00	(1.26629868e+00 1.12815244e-01 0.00000000e+00)
1.25            	1.93510843e+00	(1.27303526e+00 1.12861162e-01 0.00000000e+00)
1.3             	1.91815005e+00	(1.27956544e+00 1.12899592e-01 0.00000000e+00)
1.35            	1.90253927e+00	(1.28589982e+00 1.12932692e-01 0.00000000e+00)
1.4             	1.88815336e+00	(1.29203868e+00 1.12961875e-01 0.00000000e+00)
1.45            	1.87487490e+00	(1.29798957e+00 1.12988011e-01 0.00000000e+00)
1.5             	1.86259978e+00	(1.30375835e+00 1.13011593e-01 0.00000000e+00)
1.55            	1.85123529e+00	(1.30935012e+00 1.13032863e-01 0.00000000e+00)
1.6             	1.84069905e+00	(1.31477071e+00 1.13051922e-01 0.00000000e+00)
1.65            	1.83091727e+00	(1.32002306e+00 1.13068809e-01 0.00000000e+00)
1.7             	1.82182426e+00	(1.32511184e+00 1.13083558e-01 0.00000000e+00)
1.75            	1.81336100e+00	(1.33004145e+00 1.13096235e-01 0.00000000e+00)
1.8             	1.80547461e+00	(1.33481612e+00 1.13106950e-01 0.00000000e+00)
1.85            	1.79811754e+00	(1.33943995e+00 1.13115859e-01 0.00000000e+00)
1.9             	1.79124693e+00	(1.34391697e+00 1.13123152e-01 0.00000000e+00)
1.95            	1.78482414e+00	(1.34825110e+00 1.13129045e-01 0.00000000e+00)
2               	1.77881422e+00	(1.35244622e+00 1.13133755e-01 0.00000000e+00)
2.05            	1.77317507e+00	(1.35650612e+00 1.13137487e-01 0.00000000e+00)
2.1             	1.76790815e+00	(1.36043456e+00 1.13140451e-01 0.00000000e+00)
2.15            	1.76295842e+00	(1.36423523e+00 1.13142809e-01 0.00000000e+00)
2.2             	1.75831145e+00	(1.36791176e+00 1.13144698e-01 0.00000000e+00)
2.25            	1.75394541e+00	(1.37146782e+00 1.13146232e-01 0.00000000e+00)
2.3             	1.74984057e+00	(1.37490663e+00 1.13147496e-01 0.00000000e+00)
2.35            	1.74597884e+00	(1.37823160e+00 1.13148552e-01 0.00000000e+00)
2.4             	1.74234363e+00	(1.38144610e+00 1.13149447e-01 0.00000000e+00)
2.45            	1.73891968e+00	(1.38455340e+00 1.13150212e-01 0.00000000e+00)
2.5             	1.73569300e+00	(1.38755672e+00 1.13150869e-01 0.00000000e+00)
2.55            	1.73265070e+00	(1.39045920e+00 1.13151435e-01 0.00000000e+00)
2.6             	1.72978091e+00	(1.39326392e+00 1.13151921e-01 0.00000000e+00)
2.65            	1.72707265e+00	(1.39597386e+00 1.13152337e-01 0.00000000e+00)
2.7             	1.72451579e+00	(1.39859198e+00 1.13152690e-01 0.00000000e+00)
2.75            	1.72210093e+00	(1.40112111e+00 1.13152989e-01 0.00000000e+00)
2.8             	1.71981938e+00	(1.40356406e+00 1.13153240e-01 0.00000000e+00)
2.85            	1.71766307e+00	(1.40592355e+00 1.13153450e-01 0.00000000e+00)
2.9             	1.71562449e+00	(1.40820222e+00 1.13153625e-01 0.00000000e+00)
2.95            	1.71369508e+00	(1.41040266e+00 1.13153770e-01 0.00000000e+00)
3               	1.71187151e+00	(1.41252739e+00 1.13153891e-01 0.00000000e+00)
3.05            	1.71014627e+00	(1.41457886e+00 1.13153990e-01 0.00000000e+00)
3.1             	1.70851358e+00	(1.41655945e+00 1.13154073e-01 0.00000000e+00)
3.15            	1.70696818e+00	(1.41847147e+00 1.13154142e-01 0.00000000e+00)
3.2             	1.70550513e+00	(1.42031718e+00 1.13154199e-01 0.00000000e+00)
3.25            	1.70411981e+00	(1.42209875e+00 1.13154246e-01 0.00000000e+00)
3.3             	1.70280790e+00	(1.42381833e+00 1.13154286e-01 0.00000000e+00)
3.35            	1.70156535e+00	(1.42547796e+00 1.13154319e-01 0.00000000e+00)
3.4             	1.70038837e+00	(1.42707966e+00 1.13154347e-01 0.00000000e+00)
3.45            	1.69927338e+00	(1.42862536e+00 1.13154371e-01 0.00000000e+00)
3.5             	1.69821702e+00	(1.43011694e+00 1.13154390e-01 0.00000000e+00)
3.55            	1.69721617e+00	(1.43155624e+00 1.13154407e-01 0.00000000e+00)
3.6             	1.69626784e+00	(1.43294502e+00 1.13154420e-01 0.00000000e+00)
3.65            	1.69536925e+00	(1.43428500e+00 1.13154432e-01 0.00000000e+00)
3.7             	1.69451775e+00	(1.43557785e+00 1.13154442e-01 0.00000000e+00)
3.75            	1.69371089e+00	(1.43682517e+00 1.13154450e-01 0.00000000e+00)
3.8             	1.69294632e+00	(1.43802852e+00 1.13154456e-01 0.00000000e+00)
3.85            	1.69222183e+00	(1.43918941e+00 1.13154462e-01 0.00000000e+00)
3.9             	1.69153197e+00	(1.44030923e+00 1.13154467e-01 0.00000000e+00)
3.95            	1.69088456e+00	(1.44138952e+00 1.13154471e-01 0.00000000e+00)
4               	1.69026856e+00	(1.44243161e+00 1.13154474e-01 0.00000000e+00)
4.05            	1.68968459e+00	(1.44343682e+00 1.13154477e-01 0.00000000e+00)
4.1             	1.68913149e+00	(1.44440641e+00 1.13154479e-01 0.00000000e+00)
4.15            	1.68860755e+00	(1.44534164e+00 1.13154481e-01 0.00000000e+00)
4.2             	1.68811131e+00	(1.44624369e+00 1.13154483e-01 0.00000000e+00)
4.25            	1.68764136e+00	(1.44711372e+00 1.13154484e-01 0.00000000e+00)
4.3             	1.68719635e+00	(1.44795285e+00 1.13154485e-01 0.00000000e+00)
4.35            	1.68677502e+00	(1.44876216e+00 1.13154486e-01 0.00000000e+00)
4.4             	1.68637617e+00	(1.44954269e+00 1.13154487e-01 0.00000000e+00)
4.45            	1.68599867e+00	(1.45029545e+00 1.13154487e-01 0.00000000e+00)
4.5             	1.68564143e+00	(1.45102143e+00 1.13154488e-01 0.00000000e+00)
4.55            	1.68530343e+00	(1.45172155e+00 1.13154488e-01 0.00000000e+00)
4.6             	1.68498370e+00	(1.45239674e+00 1.13154489e-01 0.00000000e+00)
4.65            	1.68468132e+00	(1.45304786e+00 1.13154489e-01 0.00000000e+00)
4.7             	1.68439540e+00	(1.45367577e+00 1.13154489e-01 0.00000000e+00)
4.75            	1.68412513e+00	(1.45428129e+00 1.13154489e-01 0.00000000e+00)
4.8             	1.68386970e+00	(1.45486521e+00 1.13154490e-01 0.00000000e+00)
4.85            	1.68362838e+00	(1.45542829e+00 1.13154490e-01 0.00000000e+00)
4.9             	1.68340044e+00	(1.45597127e+00 1.13154490e-01 0.00000000e+00)
4.95            	1.68318522e+00	(1.45649486e+00 1.13154490e-01 0.00000000e+00)
5               	1.68298206e+00	(1.45699975e+00 1.13154490e-01 0.00000000e+00)
5.05            	1.68279036e+00	(1.45748660e+00 1.13154490e-01 0.00000000e+00)
5.1             	1.68260954e+00	(1.45795605e+00 1.13154490e-01 0.00000000e+00)
5.15            	1.68243904e+00	(1.45840872e+00 1.13154490e-01 0.00000000e+00)
5.2             	1.68227834e+00	(1.45884521e+00 1.13154490e-01 0.00000000e+00)
5.25            	1.68212694e+00	(1.45926609e+00 1.13154490e-01 0.00000000e+00)
5.3             	1.68198437e+00	(1.45967192e+00 1.13154490e-01 0.00000000e+00)
5.35            	1.68185016e+00	(1.46006323e+00 1.13154490e-01 0.00000000e+00)
5.4             	1.68172391e+00	(1.46044054e+00 1.13154490e-01 0.00000000e+00)
5.45            	1.68160422e+00	(1.46080433e+00 1.13154490e-01 0.00000000e+00)
5.5             	1.68149306e+00	(1.46115512e+00 1.13154490e-01 0.00000000e+00)
5.55            	1.68138834e+00	(1.46149336e+00 1.13154490e-01 0.00000000e+00)
5.6             	1.68128999e+00	(1.46181948e+00 1.13154490e-01 0.00000000e+00)
5.65            	1.68119775e+00	(1.46213392e+00 1.13154490e-01 0.00000000e+00)
5.7             	1.68111128e+00	(1.46243711e+00 1.13154490e-01 0.00000000e+00)
5.75            	1.68103028e+00	(1.46272943e+00 1.13154490e-01 0.00000000e+00)
5.8             	1.68095448e+00	(1.46301128e+00 1.13154490e-01 0.00000000e+00)
5.85            	1.68088358e+00	(1.46328304e+00 1.13154490e-01 0.00000000e+00)
5.9             	1.68081734e+00	(1.46354505e+00 1.13154490e-01 0.00000000e+00)
5.95            	1.68075549e+00	(1.46379768e+00 1.13154490e-01 0.00000000e+00)
6               	1.68069782e+00	(1.46404126e+00 1.13154490e-01 0.00000000e+00)
6.05            	1.68064410e+00	(1.46427610e+00 1.13154490e-01 0.00000000e+00)
6.1             	1.68059411e+00	(1.46450253e+00 1.13154490e-01 0.00000000e+00)
6.15            	1.68054765e+00	(1.46472084e+00 1.13154490e-01 0.00000000e+00)
6.2             	1.68050453e+00	(1.46493133e+00 1.13154490e-01 0.00000000e+00)
6.25            	1.68046458e+00	(1.46513426e+00 1.13154490e-01 0.00000000e+00)
6.3             	1.68042760e+00	(1.46532992e+00 1.13154490e-01 0.00000000e+00)
6.35            	1.68039344e+00	(1.46551857e+00 1.13154490e-01 0.00000000e+00)
6.4             	1.68036195e+00	(1.46570044e+00 1.13154490e-01 0.00000000e+00)
6.45            	1.68033297e+00	(1.46587579e+00 1.13154490e-01 0.00000000e+00)
6.5             	1.68030383e+00	(1.46604476e+00 1.13154490e-01 0.00000000e+00)
6.55            	1.68028141e+00	(1.46620774e+00 1.13154490e-01 0.00000000e+00)
6.6             	1.68025962e+00	(1.46636489e+00 1.13154490e-01 0.00000000e+00)
6.65            	1.68023875e+00	(1.46651636e+00 1.13154490e-01 0.00000000e+00)
6.7             	1.68022076e+00	(1.46666255e+00 1.13154490e-01 0.00000000e+00)
6.75            	1.68020421e+00	(1.46680334e+00 1.13154490e-01 0.00000000e+00)
6.8             	1.68018899e+00	(1.46693912e+00 1.13154490e-01 0.00000000e+00)
6.85            	1.68017583e+00	(1.46707011e+00 1.13154490e-01 0.00000000e+00)
6.9             	1.68016391e+00	(1.46719621e+00 1.13154490e-01 0.00000000e+00)
6.95            	1.68015313e+00	(1.46731794e+00 1.13154490e-01 0.00000000e+00)
7               	1.68014411e+00	(1.46743526e+00 1.13154490e-01 0.00000000e+00)
7.05            	1.68013607e+00	(1.46754818e+00 1.13154490e-01 0.00000000e+00)
7.1             	1.68012869e+00	(1.46765736e+00 1.13154490e-01 0.00000000e+00)
7.15            	1.68012366e+00	(1.46776229e+00 1.13154490e-01 0.00000000e+00)
7.2             	1.68011797e+00	(1.46786351e+00 1.13154490e-01 0.00000000e+00)
7.25            	1.68011426e+00	(1.46796134e+00 1.13154490e-01 0.00000000e+00)
7.3             	1.68011154e+00	(1.46805532e+00 1.13154490e-01 0.00000000e+00)
7.35            	1.68010893e+00	(1.46814584e+00 1.13154490e-01 0.00000000e+00)
7.4             	1.68010722e+00	(1.46823325e+00 1.13154490e-01 0.00000000e+00)
7.45            	1.68010669e+00	(1.46831738e+00 1.13154490e-01 0.00000000e+00)
7.5             	1.68010616e+00	(1.46839857e+00 1.13154490e-01 0.00000000e+00)
7.55            	1.68010687e+00	(1.46847665e+00 1.13154490e-01 0.00000000e+00)
7.6             	1.68010749e+00	(1.46855195e+00 1.13154490e-01 0.00000000e+00)
7.65            	1.68010916e+00	(1.46862453e+00 1.13154490e-01 0.00000000e+00)
7.7             	1.68011079e+00	(1.46869435e+00 1.13154490e-01 0.00000000e+00)
7.75            	1.68011391e+00	(1.46876148e+00 1.13154490e-01 0.00000000e+00)
7.8             	1.68011521e+00	(1.46882624e+00 1.13154490e-01 0.00000000e+00)
7.85            	1.68011995e+00	(1.46888851e+00 1.13154490e-01 0.00000000e+00)
7.9             	1.68012229e+00	(1.46894853e+00 1.13154490e-01 0.00000000e+00)
7.95            	1.68012629e+00	(1.46900615e+00 1.13154490e-01 0.00000000e+00)
8               	1.68013001e+00	(1.46906167e+00 1.13154490e-01 0.00000000e+00)
8.05            	1.68013423e+00	(1.46911509e+00 1.13154490e-01 0.00000000e+00)
8.1             	1.68013878e+00	(1.46916625e+00 1.13154490e-01 0.00000000e+00)
8.15            	1.68014295e+00	(1.46921567e+00 1.13154490e-01 0.00000000e+00)
8.2             	1.68014793e+00	(1.46926299e+00 1.13154490e-01 0.00000000e+00)
8.25            	1.68015287e+00	(1.46930837e+00 1.13154490e-01 0.00000000e+00)
8.3             	1.68015739e+00	(1.46935217e+00 1.13154490e-01 0.00000000e+00)
8.35            	1.68016273e+00	(1.46939396e+00 1.13154490e-01 0.00000000e+00)
8.4             	1.68016785e+00	(1.46943409e+00 1.13154490e-01 0.00000000e+00)
8.45            	1.68017257e+00	(1.46947271e+00 1.13154490e-01 0.00000000e+00)
8.5             	1.68017801e+00	(1.46950951e+00 1.13154490e-01 0.00000000e+00)
8.55            	1.68018307e+00	(1.46954483e+00 1.13154490e-01 0.00000000e+00)
8.6             	1.68018805e+00	(1.46957873e+00 1.13154490e-01 0.00000000e+00)
8.65            	1.68019338e+00	(1.46961098e+00 1.13154490e-01 0.00000000e+00)
8.7             	1.68019829e+00	(1.46964191e+00 1.13154490e-01 0.00000000e+00)
8.75            	1.68020326e+00	(1.46967150e+00 1.13154490e-01 0.00000000e+00)
8.8             	1.68020839e+00	(1.46969961e+00 1.13154490e-01 0.00000000e+00)
8.85            	1.68021309e+00	(1.46972653e+00 1.13154490e-01 0.00000000e+00)
8.9             	1.68021792e+00	(1.46975221e+00 1.13154490e-01 0.00000000e+00)
8.95            	1.68022276e+00	(1.46977656e+00 1.13154490e-01 0.00000000e+00)
9               	1.68022718e+00	(1.46979983e+00 1.13154490e-01 0.00000000e+00)
9.05            	1.68023177e+00	(1.46982196e+00 1.13154490e-01 0.00000000e+00)
9.1             	1.68023625e+00	(1.46984290e+00 1.13154490e-01 0.00000000e+00)
9.15            	1.68024034e+00	(1.46986287e+00 1.13154490e-01 0.00000000e+00)
9.2             	1.68024461e+00	(1.46988179e+00 1.13154490e-01 0.00000000e+00)
9.25            	1.68024869e+00	(1.46989966e+00 1.13154490e-01 0.00000000e+00)
9.3             	1.68025242e+00	(1.46991665e+00 1.13154490e-01 0.00000000e+00)
9.35            	1.68025632e+00	(1.46993271e+00 1.13154490e-01 0.00000000e+00)
9.4             	1.68025632e+00	(1.46994788e+00 1.13154490e-01 0.00000000e+00)
9.45            	1.68026767e+00	(1.46996209e+00 1.13154490e-01 0.00000000e+00)
9.5             	1.68026688e+00	(1.46997565e+00 1.13154490e-01 0.00000000e+00)
9.55            	1.68026873e+00	(1.46998835e+00 1.13154490e-01 0.00000000e+00)
9.6             	1.68027367e+00	(1.47000027e+00 1.13154490e-01 0.00000000e+00)
9.65            	1.68027559e+00	(1.47001152e+00 1.13154490e-01 0.00000000e+00)
9.7             	1.68027559e+00	(1.47002199e+00 1.13154490e-01 0.00000000e+00)
9.75            	1.68028565e+00	(1.47003205e+00 1.13154490e-01 0.00000000e+00)
9.8             	1.68028452e+00	(1.47004127e+00 1.13154490e-01 0.00000000e+00)
9.85            	1.68028533e+00	(1.47004990e+00 1.13154490e-01 0.00000000e+00)
9.9             	1.68028909e+00	(1.47005803e+00 1.13154490e-01 0.00000000e+00)
9.95            	1.68028909e+00	(1.47006553e+00 1.13154491e-01 0.00000000e+00)
10              	1.68029487e+00	(1.47007263e+00 1.13154490e-01 0.00000000e+00)
10.05           	1.68029512e+00	(1.47007913e+00 1.13154490e-01 0.00000000e+00)
10.1            	1.68029638e+00	(1.47008524e+00 1.13154490e-01 0.00000000e+00)
10.15           	1.68029869e+00	(1.47009094e+00 1.13154490e-01 0.00000000e+00)
10.2            	1.68029869e+00	(1.47009617e+00 1.13154490e-01 0.00000000e+00)
10.25           	1.68030316e+00	(1.47010102e+00 1.13154490e-01 0.00000000e+00)
10.3            	1.68030315e+00	(1.47010552e+00 1.13154490e-01 0.00000000e+00)
10.35           	1.68030408e+00	(1.47010969e+00 1.13154491e-01 0.00000000e+00)
10.4            	1.68030408e+00	(1.47011347e+00 1.13154491e-01 0.00000000e+00)
10.45           	1.68030837e+00	(1.47011710e+00 1.13154490e-01 0.00000000e+00)
10.5            	1.68030835e+00	(1.47012032e+00 1.13154490e-01 0.00000000e+00)
10.55           	1.68030852e+00	(1.47012333e+00 1.13154491e-01 0.00000000e+00)
10.6            	1.68030852e+00	(1.47012599e+00 1.13154491e-01 0.00000000e+00)
10.65           	1.68031139e+00	(1.47012865e+00 1.13154491e-01 0.00000000e+00)
10.7            	1.68031167e+00	(1.47013091e+00 1.13154490e-01 0.00000000e+00)
10.75           	1.68031167e+00	(1.47013301e+00 1.13154490e-01 0.00000000e+00)
10.8            	1.68031272e+00	(1.47013489e+00 1.13154490e-01 0.00000000e+00)
10.85           	1.68031346e+00	(1.47013667e+00 1.13154490e-01 0.00000000e+00)
10.9            	1.68031406e+00	(1.47013825e+00 1.13154490e-01 0.00000000e+00)
10.95           	1.68031406e+00	(1.47013968e+00 1.13154490e-01 0.00000000e+00)
11              	1.68031518e+00	(1.47014096e+00 1.13154490e-01 0.00000000e+00)
11.05           	1.68031551e+00	(1.47014215e+00 1.13154490e-01 0.00000000e+00)
11.1            	1.68031551e+00	(1.47014321e+00 1.13154491e-01 0.00000000e+00)
11.15           	1.68031610e+00	(1.47014425e+00 1.13154491e-01 0.00000000e+00)
11.2            	1.68031610e+00	(1.47014511e+00 1.13154491e-01 0.00000000e+00)
11.25           	1.68031686e+00	(1.47014594e+00 1.13154490e-01 0.00000000e+00)
11.3            	1.68031721e+00	(1.47014663e+00 1.13154490e-01 0.00000000e+00)
11.35           	1.68031737e+00	(1.47014728e+00 1.13154490e-01 0.00000000e+00)
11.4            	1.68031737e+00	(1.47014783e+00 1.13154491e-01 0.00000000e+00)
11.45           	1.68031761e+00	(1.47014841e+00 1.13154491e-01 0.00000000e+00)
11.5            	1.68031761e+00	(1.47014885e+00 1.13154491e-01 0.00000000e+00)
11.55           	1.68031802e+00	(1.47014925e+00 1.13154490e-01 0.00000000e+00)
11.6            	1.68031827e+00	(1.47014959e+00 1.13154490e-01 0.00000000e+00)
11.65           	1.68031827e+00	(1.47014994e+00 1.13154490e-01 0.00000000e+00)
11.7            	1.68031842e+00	(1.47015021e+00 1.13154490e-01 0.00000000e+00)
11.75           	1.68031843e+00	(1.47015049e+00 1.13154491e-01 0.00000000e+00)
11.8            	1.68031858e+00	(1.47015070e+00 1.13154490e-01 0.00000000e+00)
11.85           	1.68031858e+00	(1.47015090e+00 1.13154490e-01 0.00000000e+00)
11.9            	1.68031876e+00	(1.47015101e+00 1.13154490e-01 0.00000000e+00)
11.95           	1.68031876e+00	(1.47015118e+00 1.13154490e-01 0.00000000e+00)
12              	1.68031876e+00	(1.47015129e+00 1.13154490e-01 0.00000000e+00)
12.05           	1.68031876e+00	(1.47015145e+00 1.13154490e-01 0.00000000e+00)
12.1            	1.68031898e+00	(1.47015156e+00 1.13154490e-01 0.00000000e+00)
12.15           	1.68031898e+00	(1.47015168e+00 1.13154490e-01 0.00000000e+00)
12.2            	1.68031900e+00	(1.47015170e+00 1.13154490e-01 0.00000000e+00)
12.25           	1.68031900e+00	(1.47015176e+00 1.13154490e-01 0.00000000e+00)
12.3            	1.68031900e+00	(1.47015182e+00 1.13154490e-01 0.00000000e+00)
12.35           	1.68031900e+00	(1.47015194e+00 1.13154491e-01 0.00000000e+00)
12.4            	1.68031919e+00	(1.47015202e+00 1.13154490e-01 0.00000000e+00)
12.45           	1.68031919e+00	(1.47015207e+00 1.13154490e-01 0.00000000e+00)
12.5            	1.68031919e+00	(1.47015205e+00 1.13154490e-01 0.00000000e+00)
12.55           	1.68031919e+00	(1.47015204e+00 1.13154490e-01 0.00000000e+00)
12.6            	1.68031919e+00	(1.47015210e+00 1.13154490e-01 0.00000000e+00)
12.65           	1.68031919e+00	(1.47015209e+00 1.13154491e-01 0.00000000e+00)
12.7            	1.68031919e+00	(1.47015218e+00 1.13154490e-01 0.00000000e+00)
12.75           	1.68031918e+00	(1.47015218e+00 1.13154490e-01 0.00000000e+00)
12.8            	1.68031918e+00	(1.47015224e+00 1.13154490e-01 0.00000000e+00)
12.85           	1.68031917e+00	(1.47015217e+00 1.13154490e-01 0.00000000e+00)
12.9            	1.68031917e+00	(1.47015219e+00 1.13154490e-01 0.00000000e+00)
12.95           	1.68031917e+00	(1.47015215e+00 1.13154490e-01 0.00000000e+00)
13              	1.68031917e+00	(1.47015222e+00 1.13154490e-01 0.00000000e+00)
13.05           	1.68031917e+00	(1.47015221e+00 1.13154490e-01 0.00000000e+00)
13.1            	1.68031917e+00	(1.47015223e+00 1.13154490e-01 0.00000000e+00)
13.15           	1.68031917e+00	(1.47015220e+00 1.13154490e-01 0.00000000e+00)
13.2            	1.68031917e+00	(1.47015217e+00 1.13154490e-01 0.00000000e+00)
13.25           	1.68031917e+00	(1.47015225e+00 1.13154490e-01 0.00000000e+00)
13.3            	1.68031917e+00	(1.47015223e+00 1.13154490e-01 0.00000000e+00)
13.35           	1.68031917e+00	(1.47015224e+00 1.13154490e-01 0.00000000e+00)
13.4            	1.68031918e+00	(1.47015220e+00 1.13154490e-01 0.00000000e+00)
13.45           	1.68031918e+00	(1.47015222e+00 1.13154490e-01 0.00000000e+00)
13.5            	1.68031918e+00	(1.47015222e+00 1.13154490e-01 0.00000000e+00)
13.55           	1.68031917e+00	(1.47015223e+00 1.13154490e-01 0.00000000e+00)
13.6            	1.68031917e+00	(1.47015221e+00 1.13154490e-01 0.00000000e+00)
13.65           	1.68031917e+00	(1.47015224e+00 1.13154490e-01 0.00000000e+00)
13.7            	1.68031918e+00	(1.47015221e+00 1.13154490e-01 0.00000000e+00)
13.75           	1.68031918e+00	(1.47015221e+00 1.13154490e-01 0.00000000e+00)
13.8            	1.68031918e+00	(1.47015221e+00 1.13154490e-01 0.00000000e+00)
13.85           	1.68031918e+00	(1.47015222e+00 1.13154490e-01 0.00000000e+00)
13.9            	1.68031933e+00	(1.47015226e+00 1.13154490e-01 0.00000000e+00)
13.95           	1.68031933e+00	(1.47015227e+00 1.13154490e-01 0.00000000e+00)
14              	1.68031933e+00	(1.47015229e+00 1.13154490e-01 0.00000000e+00)
14.05           	1.68031933e+00	(1.47015224e+00 1.13154490e-01 0.00000000e+00)
14.1            	1.68031921e+00	(1.47015223e+00 1.13154490e-01 0.00000000e+00)
14.15           	1.68031921e+00	(1.47015219e+00 1.13154490e-01 0.00000000e+00)
14.2            	1.68031921e+00	(1.47015222e+00 1.13154490e-01 0.00000000e+00)
14.25           	1.68031921e+00	(1.47015222e+00 1.13154490e-01 0.00000000e+00)
14.3            	1.68031921e+00	(1.47015223e+00 1.13154490e-01 0.00000000e+00)
14.35           	1.68031920e+00	(1.47015222e+00 1.13154490e-01 0.00000000e+00)
14.4            	1.68031920e+00	(1.47015223e+00 1.13154490e-01 0.00000000e+00)
14.45           	1.68031920e+00	(1.47015222e+00 1.13154490e-01 0.00000000e+00)
14.5            	1.68031919e+00	(1.47015223e+00 1.13154490e-01 0.00000000e+00)
14.55           	1.68031919e+00	(1.47015222e+00 1.13154490e-01 0.00000000e+00)
14.6            	1.68031919e+00	(1.47015224e+00 1.13154490e-01 0.00000000e+00)
14.65           	1.68031919e+00	(1.47015223e+00 1.13154490e-01 0.00000000e+00)
14.7            	1.68031919e+00	(1.47015225e+00 1.13154490e-01 0.00000000e+00)
14.75           	1.68031918e+00	(1.47015222e+00 1.13154490e-01 0.00000000e+00)
14.8            	1.68031918e+00	(1.47015222e+00 1.13154490e-01 0.00000000e+00)
14.85           	1.68031918e+00	(1.47015221e+00 1.13154490e-01 0.00000000e+00)
14.9            	1.68031918e+00	(1.47015223e+00 1.13154490e-01 0.00000000e+00)
14.95           	1.68031918e+00	(1.47015223e+00 1.13154490e-01 0.00000000e+00)
15              	1.68031918e+00	(1.47015223e+00 1.13154490e-01 0.00000000e+00)
15.05           	1.68031918e+00	(1.47015224e+00 1.13154490e-01 0.00000000e+00)
15.1            	1.68031918e+00	(1.47015221e+00 1.13154490e-01 0.00000000e+00)
15.15           	1.68031919e+00	(1.47015221e+00 1.13154490e-01 0.00000000e+00)
15.2            	1.68031919e+00	(1.47015222e+00 1.13154490e-01 0.00000000e+00)
15.25           	1.68031919e+00	(1.47015222e+00 1.13154490e-01 0.00000000e+00)
15.3            	1.68031919e+00	(1.47015222e+00 1.13154490e-01 0.00000000e+00)
15.35           	1.68031919e+00	(1.47015222e+00 1.13154490e-01 0.00000000e+00)
15.4            	1.68031919e+00	(1.47015223e+00 1.13154490e-01 0.00000000e+00)
15.45           	1.68031919e+00	(1.47015224e+00 1.13154490e-01 0.00000000e+00)
15.5            	1.68031919e+00	(1.47015225e+00 1.13154490e-01 0.00000000e+00)
15.55           	1.68031919e+00	(1.47015225e+00 1.13154490e-01 0.00000000e+00)
15.6            	1.68031919e+00	(1.47015221e+00 1.13154490e-01 0.00000000e+00)
15.65           	1.68031919e+00	(1.47015216e+00 1.13154490e-01 0.00000000e+00)
15.7            	1.68031920e+00	(1.47015223e+00 1.13154490e-01 0.00000000e+00)
15.75           	1.68031920e+00	(1.47015223e+00 1.13154490e-01 0.00000000e+00)
15.8            	1.68031920e+00	(1.47015223e+00 1.13154490e-01 0.00000000e+00)
15.85           	1.68031920e+00	(1.47015222e+00 1.13154490e-01 0.00000000e+00)
15.9            	1.68031920e+00	(1.47015224e+00 1.13154490e-01 0.00000000e+00)
15.95           	1.68031921e+00	(1.47015224e+00 1.13154490e-01 0.00000000e+00)
16              	1.68031921e+00	(1.47015223e+00 1.13154490e-01 0.00000000e+00)
16.05           	1.68031921e+00	(1.47015223e+00 1.13154490e-01 0.00000000e+00)
16.1            	1.68031921e+00	(1.47015223e+00 1.13154490e-01 0.00000000e+00)
16.15           	1.68031921e+00	(1.47015223e+00 1.13154490e-01 0.00000000e+00)
16.2            	1.68031921e+00	(1.47015222e+00 1.13154490e-01 0.00000000e+00)
16.25           	1.68031921e+00	(1.47015223e+00 1.13154490e-01 0.00000000e+00)
16.3            	1.68031921e+00	(1.47015222e+00 1.13154490e-01 0.00000000e+00)
16.35           	1.68031921e+00	(1.47015222e+00 1.13154490e-01 0.00000000e+00)
16.4            	1.68031921e+00	(1.47015222e+00 1.13154490e-01 0.00000000e+00)
16.45           	1.68031924e+00	(1.47015222e+00 1.13154490e-01 0.00000000e+00)
16.5            	1.68031924e+00	(1.47015223e+00 1.13154490e-01 0.00000000e+00)
16.55           	1.68031924e+00	(1.47015223e+00 1.13154490e-01 0.00000000e+00)
16.6            	1.68031924e+00	(1.47015223e+00 1.13154490e-01 0.00000000e+00)
16.65           	1.68031924e+00	(1.47015222e+00 1.13154490e-01 0.00000000e+00)
16.7            	1.68031924e+00	(1.47015223e+00 1.13154490e-01 0.00000000e+00)
16.75           	1.68031924e+00	(1.47015223e+00 1.13154490e-01 0.00000000e+00)
16.8            	1.68031924e+00	(1.47015224e+00 1.13154490e-01 0.00000000e+00)
16.85           	1.68031924e+00	(1.47015224e+00 1.13154490e-01 0.00000000e+00)
16.9            	1.68031924e+00	(1.47015222e+00 1.13154490e-01 0.00000000e+00)
16.95           	1.68031913e+00	(1.47015223e+00 1.13154490e-01 0.00000000e+00)
17              	1.68031913e+00	(1.47015222e+00 1.13154490e-01 0.00000000e+00)
17.05           	1.68031913e+00	(1.47015222e+00 1.13154490e-01 0.00000000e+00)
17.1            	1.68031913e+00	(1.47015222e+00 1.13154490e-01 0.00000000e+00)
17.15           	1.68031909e+00	(1.47015222e+00 1.13154490e-01 0.00000000e+00)
17.2            	1.68031908e+00	(1.47015223e+00 1.13154490e-01 0.00000000e+00)
17.25           	1.68031908e+00	(1.47015222e+00 1.13154490e-01 0.00000000e+00)
17.3            	1.68031908e+00	(1.47015223e+00 1.13154490e-01 0.00000000e+00)
17.35           	1.68031939e+00	(1.47015223e+00 1.13154490e-01 0.00000000e+00)
17.4            	1.68031939e+00	(1.47015223e+00 1.13154490e-01 0.00000000e+00)
17.45           	1.68031939e+00	(1.47015223e+00 1.13154490e-01 0.00000000e+00)
17.5            	1.68031939e+00	(1.47015222e+00 1.13154490e-01 0.00000000e+00)
17.55           	1.68031939e+00	(1.47015223e+00 1.13154490e-01 0.00000000e+00)
17.6            	1.68031939e+00	(1.47015223e+00 1.13154490e-01 0.00000000e+00)
17.65           	1.68031904e+00	(1.47015223e+00 1.13154490e-01 0.00000000e+00)
17.7            	1.68031904e+00	(1.47015222e+00 1.13154490e-01 0.00000000e+00)
17.75           	1.68031901e+00	(1.47015222e+00 1.13154490e-01 0.00000000e+00)
17.8            	1.68031901e+00	(1.47015222e+00 1.13154490e-01 0.00000000e+00)
17.85           	1.68031901e+00	(1.47015222e+00 1.13154490e-01 0.00000000e+00)
17.9            	1.68031925e+00	(1.47015222e+00 1.13154490e-01 0.00000000e+00)
17.95           	1.68031925e+00	(1.47015222e+00 1.13154490e-01 0.00000000e+00)
18              	1.68031925e+00	(1.47015222e+00 1.13154490e-01 0.00000000e+00)
18.05           	1.68031925e+00	(1.47015222e+00 1.13154490e-01 0.00000000e+00)
18.1            	1.68031925e+00	(1.47015223e+00 1.13154490e-01 0.00000000e+00)
18.15           	1.68031925e+00	(1.47015224e+00 1.13154490e-01 0.00000000e+00)
18.2            	1.68031928e+00	(1.47015223e+00 1.13154490e-01 0.00000000e+00)
18.25           	1.68031928e+00	(1.47015223e+00 1.13154490e-01 0.00000000e+00)
18.3            	1.68031928e+00	(1.47015222e+00 1.13154490e-01 0.00000000e+00)
18.35           	1.68031928e+00	(1.47015222e+00 1.13154490e-01 0.00000000e+00)
18.4            	1.68031928e+00	(1.47015223e+00 1.13154490e-01 0.00000000e+00)
18.45           	1.68031928e+00	(1.47015223e+00 1.13154490e-01 0.00000000e+00)
18.5            	1.68031928e+00	(1.47015222e+00 1.13154490e-01 0.00000000e+00)
18.55           	1.68031928e+00	(1.47015221e+00 1.13154490e-01 0.00000000e+00)
18.6            	1.68031901e+00	(1.47015223e+00 1.13154490e-01 0.00000000e+00)
18.65           	1.68031900e+00	(1.47015223e+00 1.13154490e-01 0.00000000e+00)
18.7            	1.68031900e+00	(1.47015223e+00 1.13154490e-01 0.00000000e+00)
18.75           	1.68031900e+00	(1.47015222e+00 1.13154490e-01 0.00000000e+00)
18.8            	1.68031915e+00	(1.47015223e+00 1.13154490e-01 0.00000000e+00)
18.85           	1.68031915e+00	(1.47015223e+00 1.13154490e-01 0.00000000e+00)
18.9            	1.68031934e+00	(1.47015222e+00 1.13154490e-01 0.00000000e+00)
18.95           	1.68031939e+00	(1.47015222e+00 1.13154490e-01 0.00000000e+00)
19              	1.68031939e+00	(1.47015222e+00 1.13154490e-01 0.00000000e+00)
19.05           	1.68031939e+00	(1.47015223e+00 1.13154490e-01 0.00000000e+00)
19.1            	1.68031917e+00	(1.47015223e+00 1.13154490e-01 0.00000000e+00)
19.15           	1.68031917e+00	(1.47015223e+00 1.13154490e-01 0.00000000e+00)
19.2            	1.68031917e+00	(1.47015223e+00 1.13154490e-01 0.00000000e+00)
19.25           	1.68031917e+00	(1.47015222e+00 1.13154490e-01 0.00000000e+00)
19.3            	1.68031917e+00	(1.47015222e+00 1.13154490e-01 0.00000000e+00)
19.35           	1.68031917e+00	(1.47015223e+00 1.13154490e-01 0.00000000e+00)
19.4            	1.68031917e+00	(1.47015223e+00 1.13154490e-01 0.00000000e+00)
19.45           	1.68031917e+00	(1.47015223e+00 1.13154490e-01 0.00000000e+00)
19.5            	1.68031917e+00	(1.47015222e+00 1.13154490e-01 0.00000000e+00)
19.55           	1.68031917e+00	(1.47015222e+00 1.13154490e-01 0.00000000e+00)
19.6            	1.68031917e+00	(1.47015222e+00 1.13154490e-01 0.00000000e+00)
19.65           	1.68031917e+00	(1.47015222e+00 1.13154490e-01 0.00000000e+00)
19.7            	1.68031917e+00	(1.47015222e+00 1.13154490e-01 0.00000000e+00)
19.75           	1.68031918e+00	(1.47015222e+00 1.13154490e-01 0.00000000e+00)
19.8            	1.68031918e+00	(1.47015222e+00 1.13154490e-01 0.00000000e+00)
19.85           	1.68031918e+00	(1.47015222e+00 1.13154490e-01 0.00000000e+00)
19.9            	1.68031918e+00	(1.47015222e+00 1.13154490e-01 0.00000000e+00)
19.95           	1.68031918e+00	(1.47015222e+00 1.13154490e-01 0.00000000e+00)
20              	1.68031918e+00	(1.47015222e+00 1.13154490e-01 0.00000000e+00)
