/*--------------------------------*- C++ -*----------------------------------*\
  =========                 |
  \\      /  F ield         | OpenFOAM: The Open Source CFD Toolbox
   \\    /   O peration     | Website:  https://openfoam.org
    \\  /    A nd           | Version:  13
     \\/     M anipulation  |
\*---------------------------------------------------------------------------*/
FoamFile
{
    format      ascii;
    class       volScalarField;
    location    "18";
    object      p;
}
// * * * * * * * * * * * * * * * * * * * * * * * * * * * * * * * * * * * * * //

dimensions      [0 2 -2 0 0 0 0];

internalField   nonuniform List<scalar> 
1000
(
1.6803192
1.5603209
1.4644464
1.4005788
1.3519821
1.3093853
1.2715544
1.2388438
1.2107357
1.1861472
1.1640602
1.1437128
1.1245747
1.1062891
1.0886246
1.0714366
1.0546369
1.038172
1.022008
1.0061219
0.9904963
0.97511617
0.95996775
0.94503779
0.93031339
0.91578202
0.90143157
0.88725044
0.87322763
0.85935273
0.84561597
0.83200822
0.81852092
0.80514611
0.79187636
0.77870476
0.76562486
0.75263065
0.73971652
0.72687725
0.71410796
0.7014041
0.68876141
0.67617592
0.66364391
0.65116192
0.63872669
0.6263352
0.6139846
0.60167225
0.58939565
0.57715249
0.56494059
0.55275793
0.54060259
0.52847281
0.51636692
0.50428336
0.49222068
0.48017752
0.4681526
0.45614474
0.44415282
0.4321758
0.42021271
0.40826263
0.39632472
0.38439818
0.37248226
0.36057628
0.34867957
0.33679153
0.3249116
0.31303925
0.30117397
0.2893153
0.2774628
0.26561607
0.25377475
0.24193848
0.2301069
0.21827971
0.20645663
0.1946374
0.18282178
0.1710095
0.15920034
0.1473941
0.13559059
0.12378965
0.1119911
0.10019478
0.088400525
0.076608217
0.064817731
0.05302894
0.041241775
0.029456016
0.017671909
0.0058888684
1.5585791
1.5038361
1.4426759
1.3908469
1.3478246
1.3095279
1.2745259
1.2430396
1.2151077
1.1902083
1.1676089
1.1466814
1.1269783
1.1081944
1.0901205
1.0726118
1.0555682
1.0389209
1.0226213
1.0066341
0.99093225
0.97549364
0.96029934
0.94533249
0.93057772
0.91602076
0.90164834
0.88744807
0.87340837
0.85951844
0.84576821
0.83214831
0.81865003
0.80526525
0.79198643
0.77880655
0.76571908
0.75271794
0.73979746
0.72695234
0.71417768
0.70146886
0.6888216
0.67623189
0.66369598
0.65121037
0.6387718
0.6263772
0.61402373
0.6017087
0.58942963
0.57718416
0.56497012
0.55278546
0.54062827
0.52849676
0.51638926
0.5043042
0.49224012
0.48019566
0.46816953
0.45616054
0.44416757
0.43218957
0.42022556
0.40827463
0.39633592
0.38440863
0.37249203
0.3605854
0.34868808
0.33679948
0.32491902
0.31304618
0.30118045
0.28932134
0.27746843
0.26562133
0.25377967
0.24194308
0.2301112
0.21828372
0.20646036
0.1946409
0.18282505
0.17101256
0.15920319
0.14739675
0.13559307
0.12379198
0.11199328
0.10019681
0.08840241
0.076609974
0.064819379
0.053030463
0.041243197
0.029457221
0.017672979
0.0058894548
1.4970636
1.4707069
1.4325514
1.391851
1.353309
1.3173113
1.2834947
1.2520436
1.2232434
1.1970454
1.1731022
1.1509793
1.1302905
1.1107302
1.0920641
1.0741143
1.0567472
1.0398643
1.0233927
1.0072786
0.99148136
0.97596942
0.96071725
0.9457035
0.93090975
0.91631972
0.90191875
0.8876935
0.87363175
0.85972221
0.84595446
0.83231885
0.81880644
0.80540891
0.79211856
0.77892824
0.76583128
0.75282151
0.73989316
0.72704087
0.71425963
0.70154479
0.688892
0.67629721
0.66375662
0.65126671
0.63882416
0.62642589
0.61406902
0.60175084
0.58946885
0.57722069
0.56500414
0.55281715
0.5406578
0.52852429
0.51641492
0.50432813
0.49226244
0.48021648
0.46818895
0.45617865
0.44418447
0.43220534
0.42024027
0.40828836
0.39634873
0.38442059
0.37250319
0.36059582
0.34869782
0.33680856
0.3249275
0.3130541
0.30118785
0.28932825
0.27747488
0.26562735
0.2537853
0.24194834
0.2301161
0.21828828
0.20646463
0.19464489
0.1828288
0.17101606
0.15920643
0.14739977
0.13559589
0.12379465
0.11199577
0.10019913
0.088404548
0.076611981
0.064821251
0.053032233
0.041244801
0.029458723
0.017674152
0.0058904084
1.4680476
1.4522018
1.4255488
1.3921887
1.3569488
1.3224386
1.2894498
1.2582743
1.2291835
1.2023137
1.1775651
1.1546678
1.1333006
1.1131696
1.0940349
1.0757086
1.0580449
1.040931
1.0242804
1.008027
0.99212055
0.97652182
0.96119973
0.9461288
0.93128756
0.9166575
0.90222234
0.88796755
0.87388003
0.85994785
0.84616006
0.83250663
0.81897828
0.80556647
0.79226327
0.77906134
0.76595388
0.75293457
0.73999754
0.72713734
0.71434888
0.70162743
0.68896858
0.67636822
0.66382252
0.65132789
0.638881
0.62647872
0.61411814
0.60179654
0.58951138
0.57726027
0.565041
0.55285149
0.54068979
0.52855409
0.5164427
0.50435403
0.49228659
0.48023899
0.46820995
0.45619824
0.44420274
0.43222238
0.42025618
0.40830321
0.39636259
0.38443353
0.37251526
0.36060708
0.34870833
0.33681839
0.32493668
0.31306265
0.30119581
0.2893357
0.27748186
0.26563388
0.25379137
0.24195398
0.23012137
0.21829324
0.20646928
0.19464923
0.1828328
0.17101978
0.15920993
0.14740308
0.13559898
0.12379751
0.11199841
0.10020161
0.08840687
0.076614187
0.06482326
0.053034166
0.041246507
0.029460491
0.017675542
0.0058919645
1.4555
1.4432579
1.4211847
1.3913809
1.3580178
1.3243871
1.2919306
1.2610704
1.2320217
1.2049593
1.1799013
1.1566742
1.1350001
1.1145969
1.095227
1.0767029
1.0588768
1.0416321
1.0248769
1.0085399
0.99256603
0.97691244
0.96154517
0.94643653
0.9315634
0.91690601
0.90244715
0.88817163
0.87406581
0.86011736
0.84631505
0.83264859
0.81910851
0.80568611
0.79237332
0.77916269
0.76604733
0.75302082
0.74007722
0.72721102
0.71441706
0.70169057
0.6890271
0.67642249
0.66387287
0.65137464
0.63892442
0.62651908
0.61415566
0.60183144
0.58954385
0.57729049
0.56506913
0.55287769
0.5407142
0.52857683
0.51646389
0.50437378
0.492305
0.48025616
0.46822596
0.45621318
0.44421667
0.43223537
0.4202683
0.40831452
0.39637315
0.38444338
0.37252443
0.36061565
0.34871635
0.3368259
0.32494366
0.31306913
0.30120185
0.28934138
0.27748722
0.26563888
0.25379596
0.24195821
0.23012537
0.21829707
0.20647288
0.19465251
0.18283578
0.17102258
0.15921263
0.14740566
0.13560135
0.12379965
0.11200038
0.10020351
0.088408671
0.076615893
0.064824775
0.053035629
0.041247799
0.029461893
0.017676706
0.0058933695
1.4555
1.4432579
1.4211847
1.3913809
1.3580178
1.3243871
1.2919306
1.2610704
1.2320217
1.2049593
1.1799013
1.1566742
1.1350001
1.1145969
1.095227
1.0767029
1.0588768
1.0416321
1.0248769
1.0085399
0.99256603
0.97691244
0.96154517
0.94643653
0.9315634
0.91690601
0.90244715
0.88817163
0.87406581
0.86011736
0.84631505
0.83264859
0.81910851
0.80568611
0.79237332
0.77916269
0.76604733
0.75302082
0.74007722
0.72721102
0.71441706
0.70169057
0.6890271
0.67642249
0.66387287
0.65137464
0.63892442
0.62651908
0.61415566
0.60183144
0.58954385
0.57729049
0.56506913
0.55287769
0.5407142
0.52857683
0.51646389
0.50437378
0.492305
0.48025616
0.46822596
0.45621318
0.44421667
0.43223537
0.4202683
0.40831452
0.39637316
0.38444337
0.37252443
0.36061565
0.34871636
0.33682591
0.32494365
0.31306911
0.30120185
0.28934141
0.27748725
0.26563887
0.25379592
0.24195819
0.23012539
0.21829712
0.2064729
0.19465248
0.18283574
0.17102257
0.15921267
0.1474057
0.13560134
0.12379961
0.11200035
0.10020352
0.088408698
0.076615905
0.064824767
0.053035616
0.041247794
0.029461894
0.017676708
0.0058933705
1.4680476
1.4522018
1.4255488
1.3921887
1.3569488
1.3224386
1.2894498
1.2582743
1.2291835
1.2023137
1.1775651
1.1546678
1.1333006
1.1131696
1.0940349
1.0757086
1.0580449
1.040931
1.0242804
1.008027
0.99212055
0.97652182
0.96119973
0.9461288
0.93128756
0.9166575
0.90222234
0.88796755
0.87388003
0.85994785
0.84616006
0.83250663
0.81897828
0.80556647
0.79226327
0.77906134
0.76595388
0.75293457
0.73999754
0.72713734
0.71434888
0.70162743
0.68896858
0.67636822
0.66382252
0.65132789
0.638881
0.62647872
0.61411814
0.60179654
0.58951138
0.57726027
0.565041
0.55285149
0.54068979
0.52855409
0.5164427
0.50435403
0.49228659
0.48023899
0.46820995
0.45619824
0.44420274
0.43222238
0.42025618
0.40830321
0.39636259
0.38443352
0.37251524
0.36060708
0.34870836
0.33681841
0.32493665
0.31306261
0.30119581
0.28933575
0.27748191
0.26563387
0.2537913
0.24195393
0.23012141
0.21829333
0.20646932
0.19464916
0.18283271
0.17101977
0.15921001
0.14740315
0.13559897
0.12379744
0.11199837
0.10020164
0.088406924
0.076614211
0.064823243
0.053034139
0.041246497
0.029460495
0.017675547
0.0058919665
1.4970636
1.4707069
1.4325514
1.391851
1.353309
1.3173113
1.2834947
1.2520436
1.2232434
1.1970454
1.1731022
1.1509793
1.1302905
1.1107302
1.0920641
1.0741143
1.0567472
1.0398643
1.0233927
1.0072786
0.99148136
0.97596942
0.96071725
0.9457035
0.93090975
0.91631972
0.90191875
0.8876935
0.87363175
0.85972221
0.84595446
0.83231885
0.81880644
0.80540891
0.79211856
0.77892824
0.76583128
0.75282151
0.73989316
0.72704087
0.71425963
0.70154479
0.688892
0.67629721
0.66375662
0.65126671
0.63882416
0.62642589
0.61406902
0.60175084
0.58946885
0.57722069
0.56500414
0.55281715
0.5406578
0.52852429
0.51641492
0.50432813
0.49226244
0.48021648
0.46818895
0.45617865
0.44418447
0.43220534
0.42024028
0.40828836
0.39634873
0.38442059
0.37250319
0.36059583
0.34869783
0.33680856
0.32492748
0.31305408
0.30118785
0.28932828
0.2774749
0.26562733
0.25378526
0.24194832
0.23011614
0.21828833
0.20646464
0.19464485
0.18282875
0.17101606
0.15920648
0.1473998
0.13559588
0.12379461
0.11199575
0.10019914
0.088404576
0.076611994
0.064821244
0.053032219
0.041244794
0.029458722
0.017674153
0.0058904095
1.5585791
1.5038361
1.4426759
1.3908469
1.3478246
1.3095279
1.2745259
1.2430396
1.2151077
1.1902083
1.1676089
1.1466814
1.1269783
1.1081944
1.0901205
1.0726118
1.0555682
1.0389209
1.0226213
1.0066341
0.99093225
0.97549364
0.96029934
0.94533249
0.93057772
0.91602076
0.90164834
0.88744807
0.87340837
0.85951844
0.84576821
0.83214831
0.81865003
0.80526525
0.79198643
0.77880655
0.76571908
0.75271794
0.73979746
0.72695234
0.71417768
0.70146886
0.6888216
0.67623189
0.66369598
0.65121037
0.6387718
0.6263772
0.61402373
0.6017087
0.58942963
0.57718416
0.56497012
0.55278546
0.54062827
0.52849676
0.51638926
0.5043042
0.49224012
0.48019566
0.46816953
0.45616054
0.44416757
0.43218957
0.42022556
0.40827463
0.39633591
0.38440863
0.37249203
0.3605854
0.34868808
0.33679947
0.32491901
0.31304618
0.30118046
0.28932135
0.27746843
0.26562132
0.25377967
0.24194309
0.23011121
0.21828372
0.20646035
0.19464089
0.18282506
0.17101257
0.15920319
0.14739674
0.13559306
0.12379198
0.11199328
0.10019681
0.088402408
0.076609973
0.064819381
0.053030465
0.041243196
0.029457216
0.017672975
0.0058894543
1.6803192
1.5603209
1.4644464
1.4005788
1.3519821
1.3093853
1.2715544
1.2388438
1.2107357
1.1861472
1.1640602
1.1437128
1.1245747
1.1062891
1.0886246
1.0714366
1.0546369
1.038172
1.022008
1.0061219
0.9904963
0.97511617
0.95996775
0.94503779
0.93031339
0.91578202
0.90143157
0.88725044
0.87322763
0.85935273
0.84561597
0.83200822
0.81852092
0.80514611
0.79187636
0.77870476
0.76562486
0.75263065
0.73971652
0.72687725
0.71410796
0.7014041
0.68876141
0.67617592
0.66364391
0.65116192
0.63872669
0.6263352
0.6139846
0.60167225
0.58939565
0.57715249
0.56494059
0.55275793
0.54060259
0.52847281
0.51636692
0.50428336
0.49222068
0.48017752
0.4681526
0.45614474
0.44415282
0.4321758
0.42021271
0.40826263
0.39632472
0.38439818
0.37248227
0.36057628
0.34867957
0.33679153
0.3249116
0.31303925
0.30117398
0.28931529
0.27746279
0.26561607
0.25377476
0.24193849
0.2301069
0.2182797
0.20645662
0.19463741
0.18282179
0.17100951
0.15920033
0.14739409
0.13559059
0.12378966
0.11199111
0.10019478
0.088400516
0.076608214
0.064817735
0.053028946
0.041241775
0.029456012
0.017671906
0.0058888671
)
;

boundaryField
{
    top
    {
        type            zeroGradient;
    }
    bottom
    {
        type            zeroGradient;
    }
    inlet
    {
        type            zeroGradient;
    }
    outlet
    {
        type            fixedValue;
        value           uniform 0;
    }
    front
    {
        type            empty;
    }
    back
    {
        type            empty;
    }
}


// ************************************************************************* //
