/*--------------------------------*- C++ -*----------------------------------*\
  =========                 |
  \\      /  F ield         | OpenFOAM: The Open Source CFD Toolbox
   \\    /   O peration     | Website:  https://openfoam.org
    \\  /    A nd           | Version:  13
     \\/     M anipulation  |
\*---------------------------------------------------------------------------*/
FoamFile
{
    format      ascii;
    class       surfaceScalarField;
    location    "18";
    object      phi;
}
// * * * * * * * * * * * * * * * * * * * * * * * * * * * * * * * * * * * * * //

dimensions      [0 3 -1 0 0 0 0];

internalField   nonuniform List<scalar> 
1890
(
0.0093140727
0.00068592734
0.0082963401
0.0010177326
0.0073480838
0.00094825625
0.0065167791
0.00083130473
0.0058112103
0.00070556886
0.0052369127
0.00057429754
0.0047862484
0.00045066426
0.004441012
0.00034523641
0.0041802971
0.0002607149
0.0039843511
0.00019594607
0.0038366531
0.00014769799
0.003724003
0.00011265009
0.0036363473
8.7655673e-05
0.0035663586
6.9988766e-05
0.0035088729
5.748561e-05
0.0034603388
4.8534122e-05
0.0034183544
4.1984434e-05
0.0033813121
3.7042264e-05
0.0033481383
3.3173824e-05
0.003318109
3.002929e-05
0.0032907248
2.7384168e-05
0.0032656285
2.5096349e-05
0.0032425523
2.3076191e-05
0.0032212857
2.1266629e-05
0.0032016553
1.9630402e-05
0.0031835132
1.8142096e-05
0.0031667299
1.6783304e-05
0.0031511901
1.5539787e-05
0.0031367902
1.4399859e-05
0.0031234367
1.3353503e-05
0.0031110448
1.2391898e-05
0.0030995377
1.1507168e-05
0.0030888454
1.069224e-05
0.0030789047
9.9407481e-06
0.0030696577
9.2469708e-06
0.0030610519
8.6057681e-06
0.0030530394
8.0125282e-06
0.0030455763
7.4631146e-06
0.0030386225
6.9538161e-06
0.0030321412
6.4812993e-06
0.0030260986
6.0425658e-06
0.0030204637
5.6349125e-06
0.0030152078
5.2558975e-06
0.0030103045
4.9033094e-06
0.0030057293
4.5751407e-06
0.0030014598
4.2695639e-06
0.0029974749
3.9849114e-06
0.0029937552
3.7196578e-06
0.0029902828
3.4724049e-06
0.0029870409
3.2418686e-06
0.0029840141
3.0268678e-06
0.0029811877
2.8263135e-06
0.0029785485
2.6392007e-06
0.0029760839
2.4645999e-06
0.0029737823
2.3016513e-06
0.0029716327
2.1495585e-06
0.0029696251
2.0075833e-06
0.0029677501
1.8750399e-06
0.0029659988
1.7512911e-06
0.0029643631
1.6357445e-06
0.0029628352
1.5278505e-06
0.0029614081
1.4270963e-06
0.0029600751
1.3330036e-06
0.00295883
1.2451269e-06
0.0029576669
1.1630564e-06
0.0029565805
1.0864093e-06
0.0029555657
1.0148238e-06
0.0029546177
9.4795393e-07
0.0029537323
8.8548612e-07
0.0029529051
8.2713817e-07
0.0029521325
7.7265661e-07
0.0029514107
7.2177407e-07
0.0029507365
6.7422847e-07
0.0029501066
6.2978062e-07
0.0029495184
5.8827424e-07
0.0029489689
5.4954112e-07
0.0029484556
5.1340215e-07
0.0029479759
4.7959126e-07
0.0029475279
4.4795183e-07
0.0029471095
4.1835589e-07
0.0029467187
3.9083006e-07
0.0029463537
3.6515957e-07
0.0029460125
3.4121051e-07
0.0029456937
3.1863594e-07
0.0029453961
2.9757863e-07
0.0029451182
2.7784816e-07
0.0029448586
2.597358e-07
0.002944616
2.4262326e-07
0.0029443892
2.2681733e-07
0.0029441776
2.1155522e-07
0.0029439797
1.977838e-07
0.0029437953
1.8445699e-07
0.0029436226
1.7279674e-07
0.0029434615
1.6105576e-07
0.0029433106
1.509199e-07
0.0029431699
1.4065335e-07
0.0029430379
1.3194035e-07
0.0029429133
1.2461971e-07
0.0029427969
1.1645842e-07
1.1719122e-07
0.010341662
0.00034426525
0.010578184
0.00078121018
0.010615671
0.00091076959
0.010553945
0.0008930309
0.010425822
0.00083369229
0.010248587
0.00075153209
0.010044962
0.0006542893
0.0098354604
0.00055473799
0.0096327827
0.00046339255
0.0094437308
0.000384998
0.0092713466
0.00032008221
0.009116574
0.00026742267
0.0089789731
0.0002252566
0.0088572402
0.0001917216
0.0087496634
0.00016506247
0.0086544455
0.00014375196
0.00856989
0.00012654001
0.0084944844
0.00011244777
0.0084269262
0.00010073204
0.0083661156
9.0839873e-05
0.0083111354
8.2364457e-05
0.0082612243
7.5007437e-05
0.0082157512
6.8549275e-05
0.0081741908
6.2827025e-05
0.0081361031
5.7718126e-05
0.0081011164
5.312876e-05
0.0080689141
4.898562e-05
0.0080392237
4.5230168e-05
0.0080118089
4.1814686e-05
0.0079864628
3.869956e-05
0.0079630033
3.58514e-05
0.0079412688
3.3241713e-05
0.0079211151
3.0845945e-05
0.007902413
2.8642774e-05
0.0078850465
2.6613565e-05
0.0078689103
2.4741945e-05
0.0078539093
2.3013468e-05
0.0078399571
2.1415339e-05
0.0078269747
1.9936178e-05
0.0078148902
1.8565832e-05
0.0078036376
1.7295212e-05
0.0077931563
1.6116156e-05
0.0077833909
1.502131e-05
0.0077742902
1.4004029e-05
0.007765807
1.3058296e-05
0.007757898
1.2178642e-05
0.0077505228
1.1360086e-05
0.0077436444
1.0598083e-05
0.0077372283
9.8884722e-06
0.0077312427
9.2274427e-06
0.0077256581
8.6114939e-06
0.007720447
8.0374058e-06
0.007715584
7.5022118e-06
0.0077110454
7.0031752e-06
0.0077068093
6.5377684e-06
0.0077028552
6.1036553e-06
0.0076991641
5.6986743e-06
0.0076957183
5.3208212e-06
0.0076925014
4.9682364e-06
0.0076894979
4.6391937e-06
0.0076866937
4.332093e-06
0.0076840753
4.0454486e-06
0.0076816304
3.7778787e-06
0.0076793475
3.5280939e-06
0.0076772157
3.2948989e-06
0.0076752249
3.0771817e-06
0.0076733658
2.8739084e-06
0.0076716296
2.684103e-06
0.0076700082
2.5068667e-06
0.007668494
2.3413635e-06
0.0076670799
2.1868307e-06
0.0076657592
2.042517e-06
0.0076645256
1.9077299e-06
0.0076633735
1.7818224e-06
0.0076622975
1.6642782e-06
0.0076612927
1.5545384e-06
0.0076603541
1.4520754e-06
0.0076594772
1.3562604e-06
0.0076586583
1.2667367e-06
0.0076578935
1.1831091e-06
0.0076571793
1.1052342e-06
0.0076565122
1.0324577e-06
0.0076558889
9.6450605e-07
0.0076553066
9.0064615e-07
0.0076547628
8.4124073e-07
0.0076542552
7.8559927e-07
0.0076537809
7.3429172e-07
0.0076533379
6.8568664e-07
0.0076529236
6.4088619e-07
0.0076525372
5.9778994e-07
0.0076521759
5.5914114e-07
0.0076518392
5.2128809e-07
0.0076515235
4.8861212e-07
0.00765123
4.5447742e-07
0.0076509537
4.2711166e-07
0.0076506989
3.9542435e-07
0.0076504565
3.7438306e-07
0.0076502372
3.4393235e-07
0.007650022
3.3169541e-07
3.0215722e-07
0.010181464
0.00016280099
0.010521798
0.00044087647
0.010842482
0.00059008571
0.011112769
0.00062274377
0.01133602
0.00061044159
0.011508579
0.00057897246
0.011630744
0.0005321246
0.011709907
0.00047557512
0.011755697
0.00041760214
0.011776644
0.00036405133
0.011779503
0.0003172236
0.011769652
0.0002772735
0.01175133
0.00024357852
0.011727726
0.00021532526
0.011701127
0.00019166163
0.011673116
0.00017176286
0.011644765
0.00015489117
0.011616781
0.00014043211
0.011589614
0.00012789905
0.011563536
0.00011691718
0.0115387
0.00010720077
0.011515175
9.8531963e-05
0.011492981
9.0743682e-05
0.011472101
8.3706557e-05
0.011452501
7.7319031e-05
0.011434129
7.149998e-05
0.011416932
6.6183318e-05
0.011400848
6.131413e-05
0.011385816
5.6845965e-05
0.011371777
5.2738935e-05
0.01135867
4.8958371e-05
0.011346438
4.5473859e-05
0.011335025
4.2258518e-05
0.01132438
3.928846e-05
0.011314451
3.6542355e-05
0.011305192
3.4001095e-05
0.011296558
3.1647508e-05
0.011288507
2.9466125e-05
0.011281
2.7442974e-05
0.011274001
2.5565409e-05
0.011267474
2.3821958e-05
0.011261388
2.2202197e-05
0.011255712
2.0696634e-05
0.01125042
1.9296608e-05
0.011245484
1.7994208e-05
0.01124088
1.6782186e-05
0.011236587
1.5653902e-05
0.011232581
1.4603254e-05
0.011228845
1.3624637e-05
0.01122536
1.2712886e-05
0.011222108
1.1863242e-05
0.011219074
1.107131e-05
0.011216243
1.0333033e-05
0.011213602
9.6446583e-06
0.011211137
9.002715e-06
0.011208837
8.4039879e-06
0.01120669
7.8454966e-06
0.011204686
7.3244765e-06
0.011202816
6.8383626e-06
0.01120107
6.3847691e-06
0.011199441
5.9614782e-06
0.01119792
5.5664327e-06
0.0111965
5.1977334e-06
0.011195175
4.8536098e-06
0.011193937
4.5323941e-06
0.011192782
4.2325116e-06
0.011191703
3.9525301e-06
0.011190696
3.6911591e-06
0.011189756
3.4472023e-06
0.011188878
3.2194454e-06
0.011188058
3.0067137e-06
0.011187293
2.8079645e-06
0.011186578
2.6224194e-06
0.01118591
2.4493175e-06
0.011185287
2.2878076e-06
0.011184705
2.1368237e-06
0.011184161
1.9956037e-06
0.011183653
1.8636081e-06
0.011183179
1.7406739e-06
0.011182736
1.6260712e-06
0.011182323
1.5191144e-06
0.011181937
1.4186738e-06
0.011181576
1.3248443e-06
0.011181239
1.237084e-06
0.011180924
1.1559612e-06
0.011180631
1.07975e-06
0.011180357
1.0090768e-06
0.011180101
9.4163157e-07
0.011179861
8.8011905e-07
0.011179637
8.2094243e-07
0.011179428
7.6865099e-07
0.011179234
7.159608e-07
0.011179051
6.7168081e-07
0.011178882
6.2322432e-07
0.011178721
5.8759695e-07
0.011178575
5.4150194e-07
0.011178434
5.1580479e-07
0.011178309
4.6855981e-07
0.011178186
4.5460573e-07
4.0597007e-07
0.010094914
6.7887459e-05
0.010340233
0.00019555688
0.01065185
0.00027846872
0.010969203
0.00030539076
0.011273712
0.00030593223
0.01155641
0.00029627538
0.011809194
0.00027934034
0.012028326
0.00025644286
0.012214936
0.00023099242
0.012372692
0.00020629519
0.012505836
0.00018407978
0.012618428
0.00016468134
0.012714101
0.00014790567
0.012795956
0.00013346964
0.012866554
0.00012106424
0.01292795
0.00011036698
0.012981772
0.00010106928
0.0130293
9.2903863e-05
0.013071543
8.5655966e-05
0.0131093
7.915984e-05
0.013143212
7.3289231e-05
0.013173796
6.7947852e-05
0.013201478
6.3061779e-05
0.013226611
5.8573655e-05
0.013249491
5.4438274e-05
0.013270372
5.0619238e-05
0.013289469
4.7086496e-05
0.013306969
4.3814607e-05
0.013323033
4.0781545e-05
0.013337804
3.7967897e-05
0.013351406
3.5356319e-05
0.013363949
3.2931162e-05
0.013375529
3.0678204e-05
0.013386233
2.8584459e-05
0.013396137
2.6638031e-05
0.01340531
2.4828002e-05
0.013413814
2.3144329e-05
0.013421702
2.157777e-05
0.013429025
2.0119808e-05
0.013435828
1.876259e-05
0.013442151
1.749887e-05
0.013448031
1.6321959e-05
0.013453502
1.5225678e-05
0.013458595
1.4204314e-05
0.013463336
1.3252582e-05
0.013467753
1.236559e-05
0.013471868
1.1538811e-05
0.013475703
1.0768048e-05
0.013479278
1.0049412e-05
0.013482612
9.3792968e-06
0.013485721
8.754353e-06
0.013488621
8.1714719e-06
0.013491326
7.6277675e-06
0.01349385
7.1205611e-06
0.013496205
6.647363e-06
0.013498403
6.2058568e-06
0.013500455
5.7938881e-06
0.01350237
5.409455e-06
0.013504158
5.0506948e-06
0.013505827
4.7158668e-06
0.013507385
4.4033479e-06
0.01350884
4.1116409e-06
0.013510198
3.8393699e-06
0.013511466
3.585236e-06
0.013512651
3.3479861e-06
0.013513757
3.1264435e-06
0.01351479
2.9195895e-06
0.013515754
2.7265343e-06
0.013516655
2.5463879e-06
0.013517496
2.3781502e-06
0.013518282
2.2208909e-06
0.013519016
2.0739481e-06
0.013519702
1.9369231e-06
0.013520342
1.8092402e-06
0.01352094
1.6900211e-06
0.013521498
1.5782959e-06
0.01352202
1.4736881e-06
0.013522507
1.3761719e-06
0.013522962
1.2857015e-06
0.013523387
1.2013235e-06
0.013523785
1.122169e-06
0.013524156
1.0475083e-06
0.013524502
9.780168e-07
0.013524825
9.134846e-07
0.013525128
8.5406367e-07
0.01352541
7.9775447e-07
0.013525674
7.4520942e-07
0.01352592
6.9493153e-07
0.01352615
6.4977255e-07
0.013526365
6.0624948e-07
0.013526566
5.68102e-07
0.013526754
5.2860322e-07
0.013526929
4.9615922e-07
0.013527092
4.5963416e-07
0.013527245
4.3434481e-07
0.013527388
3.9931988e-07
0.013527522
3.8149045e-07
0.013527646
3.4478909e-07
0.013527765
3.3501714e-07
2.9845065e-07
0.010067887
-4.0792165e-14
0.010263444
-8.2563493e-14
0.010541913
-1.0702849e-13
0.010847304
-1.2358269e-13
0.011153236
-1.248249e-13
0.011449511
-1.0405767e-13
0.011728852
-7.0524176e-14
0.011985295
-5.1115099e-14
0.012216287
-7.0002769e-14
0.012422582
-1.4044872e-13
0.012606662
-2.242995e-13
0.012771343
-2.4417737e-13
0.012919249
-1.4445807e-13
0.013052719
3.0619007e-14
0.013173783
2.1068275e-13
0.01328415
2.2821392e-13
0.013385219
8.4341094e-14
0.013478123
-1.2280639e-13
0.013563779
-2.2666825e-13
0.013642939
-1.590291e-13
0.013716228
2.586785e-15
0.013784176
1.4550914e-13
0.013847238
1.722393e-13
0.013905811
1.3324416e-13
0.01396025
1.5321824e-13
0.014010869
2.2323073e-13
0.014057955
2.4757537e-13
0.01410177
9.1334366e-14
0.014142552
-1.4554861e-13
0.014180519
-2.6342602e-13
0.014215876
1.2833215e-15
0.014248807
4.7676415e-13
0.014279485
9.4369169e-13
0.01430807
8.6682675e-13
0.014334708
3.5753332e-13
0.014359536
-2.2184727e-13
0.01438268
-3.2386391e-13
0.014404258
1.0649688e-13
0.014424377
6.9518556e-13
0.01444314
8.5367025e-13
0.014460639
5.8620732e-13
0.014476961
2.7042571e-13
0.014492187
3.0000953e-13
0.014506391
4.2789526e-13
0.014519643
2.8298308e-13
0.014532009
-2.7459053e-13
0.014543548
-9.4314278e-13
0.014554316
-1.0217459e-12
0.014564365
-2.3966278e-13
0.014573745
9.1714522e-13
0.014582499
1.4139485e-12
0.01459067
5.2439032e-13
0.014598298
-8.6735731e-13
0.014605419
-1.918038e-12
0.014612066
-1.752949e-12
0.014618272
-7.9158664e-13
0.014624066
7.6525126e-13
0.014629475
2.7003375e-12
0.014634526
3.3345669e-12
0.014639242
2.1676158e-13
0.014643645
-5.2766469e-12
0.014647757
-5.1255286e-12
0.014651596
4.9004624e-12
0.014655182
1.3771433e-11
0.014658529
3.215395e-12
0.014661656
-2.1203288e-11
0.014664575
-2.5208398e-11
0.014667302
1.2437674e-11
0.014669849
5.3095015e-11
0.014672227
2.7317798e-11
0.014674447
-5.8002983e-11
0.014676521
-9.8243096e-11
0.014678459
-1.0520915e-11
0.014680268
1.2960204e-10
0.014681958
1.317993e-10
0.014683535
-4.6920325e-11
0.014685009
-2.1236943e-10
0.014686386
-1.2823311e-10
0.014687672
1.4452692e-10
0.014688873
2.9004903e-10
0.014689994
9.0987033e-11
0.014691042
-2.2854569e-10
0.01469202
-3.0414811e-10
0.014692935
-3.1146253e-11
0.014693789
2.8548877e-10
0.014694586
2.5946901e-10
0.01469533
-5.0066169e-11
0.014696025
-2.8900813e-10
0.014696676
-1.8048742e-10
0.014697283
9.818441e-11
0.01469785
2.3836293e-10
0.014698378
1.0360538e-10
0.014698875
-9.2487199e-11
0.014699334
-1.5330895e-10
0.014699769
-5.4545709e-11
0.014700168
4.6466554e-11
0.01470055
7.0362706e-11
0.014700894
3.7203887e-11
0.014701229
9.220294e-12
-3.7981054e-12
0.010067887
-6.7887459e-05
0.010263444
-0.00019555688
0.010541913
-0.00027846872
0.010847304
-0.00030539076
0.011153236
-0.00030593223
0.011449511
-0.00029627538
0.011728852
-0.00027934034
0.011985295
-0.00025644286
0.012216287
-0.00023099242
0.012422582
-0.00020629519
0.012606662
-0.00018407978
0.012771343
-0.00016468134
0.012919249
-0.00014790567
0.013052719
-0.00013346964
0.013173783
-0.00012106423
0.01328415
-0.00011036698
0.013385219
-0.00010106928
0.013478123
-9.2903863e-05
0.013563779
-8.5655966e-05
0.013642939
-7.915984e-05
0.013716228
-7.3289231e-05
0.013784176
-6.7947852e-05
0.013847238
-6.3061779e-05
0.013905811
-5.8573655e-05
0.01396025
-5.4438274e-05
0.014010869
-5.0619238e-05
0.014057955
-4.7086496e-05
0.01410177
-4.3814607e-05
0.014142552
-4.0781545e-05
0.014180519
-3.7967897e-05
0.014215876
-3.5356319e-05
0.014248807
-3.2931161e-05
0.014279485
-3.0678202e-05
0.01430807
-2.8584457e-05
0.014334708
-2.6638031e-05
0.014359536
-2.4828002e-05
0.01438268
-2.3144329e-05
0.014404258
-2.1577769e-05
0.014424377
-2.0119807e-05
0.01444314
-1.8762589e-05
0.014460639
-1.7498869e-05
0.014476961
-1.6321959e-05
0.014492187
-1.5225677e-05
0.014506391
-1.4204313e-05
0.014519643
-1.3252582e-05
0.014532009
-1.2365591e-05
0.014543548
-1.1538812e-05
0.014554316
-1.0768049e-05
0.014564365
-1.0049412e-05
0.014573745
-9.3792955e-06
0.014582499
-8.7543515e-06
0.01459067
-8.1714715e-06
0.014598298
-7.6277691e-06
0.014605419
-7.1205638e-06
0.014612066
-6.6473653e-06
0.014618272
-6.2058575e-06
0.014624066
-5.7938867e-06
0.014629475
-5.4094519e-06
0.014634526
-5.0506917e-06
0.014639242
-4.7158667e-06
0.014643645
-4.403352e-06
0.014647757
-4.1116443e-06
0.014651596
-3.8393652e-06
0.014655182
-3.5852253e-06
0.014658529
-3.3479852e-06
0.014661656
-3.1264626e-06
0.014664575
-2.9196088e-06
0.014667302
-2.7265189e-06
0.014669849
-2.5463403e-06
0.014672226
-2.3781319e-06
0.014674447
-2.2209516e-06
0.014676521
-2.074037e-06
0.014678459
-1.9369205e-06
0.014680268
-1.8091102e-06
0.014681958
-1.6899026e-06
0.014683535
-1.5783575e-06
0.014685009
-1.4738987e-06
0.014686386
-1.3762797e-06
0.014687673
-1.2855381e-06
0.014688873
-1.2010406e-06
0.014689994
-1.1220945e-06
0.014691041
-1.0477566e-06
0.01469202
-9.783108e-07
0.014692935
-9.1348004e-07
0.014693789
-8.5376086e-07
0.014694586
-7.9751105e-07
0.01469533
-7.4530179e-07
0.014696025
-6.9524167e-07
0.014696676
-6.4993894e-07
0.014697283
-6.0611974e-07
0.01469785
-5.6786516e-07
0.014698378
-5.2852041e-07
0.014698874
-4.9627758e-07
0.014699334
-4.5978666e-07
0.014699769
-4.3438468e-07
0.014700168
-3.9925748e-07
0.01470055
-3.814234e-07
0.014700894
-3.4475802e-07
0.014701229
-3.3501131e-07
-2.9845155e-07
0.010094914
-0.00016280099
0.010340233
-0.00044087647
0.01065185
-0.00059008571
0.010969203
-0.00062274377
0.011273712
-0.00061044159
0.01155641
-0.00057897246
0.011809194
-0.0005321246
0.012028326
-0.00047557512
0.012214936
-0.00041760214
0.012372692
-0.00036405133
0.012505836
-0.0003172236
0.012618428
-0.0002772735
0.012714101
-0.00024357852
0.012795956
-0.00021532526
0.012866554
-0.00019166163
0.01292795
-0.00017176286
0.012981772
-0.00015489117
0.0130293
-0.00014043211
0.013071543
-0.00012789905
0.0131093
-0.00011691718
0.013143212
-0.00010720077
0.013173796
-9.8531963e-05
0.013201478
-9.0743682e-05
0.013226611
-8.3706557e-05
0.013249491
-7.731903e-05
0.013270372
-7.149998e-05
0.013289469
-6.6183318e-05
0.013306969
-6.131413e-05
0.013323033
-5.6845965e-05
0.013337804
-5.2738935e-05
0.013351406
-4.8958371e-05
0.013363949
-4.5473858e-05
0.013375529
-4.2258518e-05
0.013386233
-3.9288459e-05
0.013396137
-3.6542354e-05
0.01340531
-3.4001094e-05
0.013413814
-3.1647508e-05
0.013421702
-2.9466125e-05
0.013429025
-2.7442974e-05
0.013435828
-2.5565409e-05
0.013442151
-2.3821957e-05
0.013448031
-2.2202196e-05
0.013453502
-2.0696633e-05
0.013458595
-1.9296608e-05
0.013463336
-1.7994209e-05
0.013467753
-1.6782187e-05
0.013471868
-1.5653902e-05
0.013475703
-1.4603254e-05
0.013479278
-1.3624637e-05
0.013482612
-1.2712887e-05
0.013485721
-1.1863243e-05
0.013488621
-1.1071311e-05
0.013491326
-1.0333033e-05
0.01349385
-9.6446584e-06
0.013496205
-9.0027157e-06
0.013498403
-8.4039885e-06
0.013500455
-7.8454969e-06
0.01350237
-7.3244771e-06
0.013504158
-6.8383637e-06
0.013505827
-6.3847679e-06
0.013507385
-5.9614723e-06
0.01350884
-5.5664267e-06
0.013510198
-5.197738e-06
0.013511466
-4.8536252e-06
0.013512651
-4.5324009e-06
0.013513757
-4.232492e-06
0.01351479
-3.9525018e-06
0.013515754
-3.6911663e-06
0.013516655
-3.4472544e-06
0.013517496
-3.21948e-06
0.013518282
-3.0066667e-06
0.013519016
-2.807874e-06
0.013519702
-2.6224083e-06
0.013520342
-2.4494348e-06
0.01352094
-2.2879253e-06
0.013521498
-2.1367694e-06
0.01352202
-1.9954005e-06
0.013522508
-1.8634936e-06
0.013522963
-1.7408157e-06
0.013523387
-1.6263257e-06
0.013523784
-1.5191682e-06
0.013524155
-1.418432e-06
0.013524502
-1.3245786e-06
0.013524826
-1.2371161e-06
0.013525128
-1.1562615e-06
0.01352541
-1.0799659e-06
0.013525673
-1.0089647e-06
0.01352592
-9.41344e-07
0.013526151
-8.7999403e-07
0.013526366
-8.2109695e-07
0.013526566
-7.6887839e-07
0.013526753
-7.1601377e-07
0.013526929
-6.7154963e-07
0.013527092
-6.2308979e-07
0.013527246
-5.8758732e-07
0.013527388
-5.4157925e-07
0.013527522
-5.1586493e-07
0.013527646
-4.6856239e-07
0.013527765
-4.5458272e-07
-4.0595268e-07
0.010181464
-0.00034426525
0.010521798
-0.00078121018
0.010842482
-0.00091076959
0.011112769
-0.0008930309
0.01133602
-0.00083369229
0.011508579
-0.00075153209
0.011630744
-0.0006542893
0.011709907
-0.00055473799
0.011755697
-0.00046339255
0.011776644
-0.000384998
0.011779503
-0.00032008221
0.011769652
-0.00026742267
0.01175133
-0.0002252566
0.011727726
-0.0001917216
0.011701127
-0.00016506247
0.011673116
-0.00014375196
0.011644765
-0.00012654001
0.011616781
-0.00011244777
0.011589614
-0.00010073204
0.011563536
-9.0839873e-05
0.0115387
-8.2364457e-05
0.011515175
-7.5007437e-05
0.011492981
-6.8549275e-05
0.011472101
-6.2827025e-05
0.011452501
-5.7718125e-05
0.011434129
-5.312876e-05
0.011416932
-4.898562e-05
0.011400848
-4.5230168e-05
0.011385816
-4.1814686e-05
0.011371777
-3.869956e-05
0.01135867
-3.58514e-05
0.011346438
-3.3241712e-05
0.011335025
-3.0845945e-05
0.01132438
-2.8642774e-05
0.011314451
-2.6613564e-05
0.011305192
-2.4741944e-05
0.011296558
-2.3013468e-05
0.011288507
-2.1415339e-05
0.011281
-1.9936178e-05
0.011274001
-1.8565832e-05
0.011267474
-1.7295212e-05
0.011261388
-1.6116155e-05
0.011255712
-1.5021309e-05
0.01125042
-1.400403e-05
0.011245484
-1.3058297e-05
0.01124088
-1.2178643e-05
0.011236587
-1.1360087e-05
0.011232581
-1.0598083e-05
0.011228845
-9.8884724e-06
0.01122536
-9.2274438e-06
0.011222108
-8.6114952e-06
0.011219074
-8.0374063e-06
0.011216243
-7.5022113e-06
0.011213602
-7.0031743e-06
0.011211137
-6.5377682e-06
0.011208837
-6.1036562e-06
0.01120669
-5.6986759e-06
0.011204686
-5.3208231e-06
0.011202816
-4.9682372e-06
0.01120107
-4.6391907e-06
0.011199441
-4.3320862e-06
0.01119792
-4.0454449e-06
0.0111965
-3.7778866e-06
0.011195175
-3.5281089e-06
0.011193937
-3.2949001e-06
0.011192782
-3.0771573e-06
0.011191703
-2.8738843e-06
0.011190696
-2.6841223e-06
0.011189756
-2.5069243e-06
0.011188878
-2.3413861e-06
0.011188058
-2.1867613e-06
0.011187293
-2.0424172e-06
0.011186578
-1.9077403e-06
0.01118591
-1.7819756e-06
0.011185286
-1.6644057e-06
0.011184704
-1.5544466e-06
0.011184161
-1.45182e-06
0.011183654
-1.356138e-06
0.011183179
-1.2669397e-06
0.011182736
-1.1834394e-06
0.011182323
-1.1052936e-06
0.011181937
-1.0321355e-06
0.011181577
-9.6415383e-07
0.01118124
-9.0068144e-07
0.011180924
-8.4163714e-07
0.01118063
-7.8590339e-07
0.011180356
-7.341602e-07
0.011180101
-6.8529035e-07
0.011179861
-6.4068122e-07
0.011179637
-5.9797446e-07
0.011179428
-5.5946729e-07
0.011179234
-5.2139962e-07
0.011179051
-4.8844475e-07
0.011178882
-4.5426353e-07
0.011178721
-4.270624e-07
0.011178575
-3.9552692e-07
0.011178434
-3.744924e-07
0.011178309
-3.4396162e-07
0.011178186
-3.3167056e-07
-3.0213317e-07
0.010341662
-0.00068592734
0.010578184
-0.0010177326
0.010615671
-0.00094825625
0.010553945
-0.00083130473
0.010425822
-0.00070556886
0.010248587
-0.00057429754
0.010044962
-0.00045066426
0.0098354604
-0.00034523641
0.0096327827
-0.0002607149
0.0094437308
-0.00019594607
0.0092713466
-0.00014769799
0.009116574
-0.00011265009
0.0089789731
-8.7655673e-05
0.0088572402
-6.9988766e-05
0.0087496634
-5.7485611e-05
0.0086544455
-4.8534123e-05
0.00856989
-4.1984434e-05
0.0084944844
-3.7042264e-05
0.0084269262
-3.3173824e-05
0.0083661156
-3.002929e-05
0.0083111354
-2.7384169e-05
0.0082612243
-2.5096349e-05
0.0082157512
-2.3076191e-05
0.0081741908
-2.1266629e-05
0.0081361031
-1.9630402e-05
0.0081011164
-1.8142096e-05
0.0080689141
-1.6783304e-05
0.0080392237
-1.5539787e-05
0.0080118089
-1.4399859e-05
0.0079864628
-1.3353503e-05
0.0079630033
-1.2391898e-05
0.0079412688
-1.1507168e-05
0.0079211151
-1.069224e-05
0.007902413
-9.940748e-06
0.0078850465
-9.2469704e-06
0.0078689103
-8.6057677e-06
0.0078539093
-8.012528e-06
0.0078399571
-7.4631148e-06
0.0078269747
-6.9538164e-06
0.0078148902
-6.4812995e-06
0.0078036376
-6.0425656e-06
0.0077931563
-5.6349123e-06
0.0077833909
-5.2558975e-06
0.0077742902
-4.9033099e-06
0.007765807
-4.5751413e-06
0.007757898
-4.2695644e-06
0.0077505228
-3.9849116e-06
0.0077436444
-3.7196581e-06
0.0077372283
-3.4724055e-06
0.0077312427
-3.2418695e-06
0.0077256581
-3.0268685e-06
0.007720447
-2.8263138e-06
0.007715584
-2.6392004e-06
0.0077110454
-2.4645996e-06
0.0077068093
-2.3016513e-06
0.0077028552
-2.1495591e-06
0.0076991641
-2.0075844e-06
0.0076957183
-1.875041e-06
0.0076925014
-1.7512907e-06
0.0076894979
-1.6357418e-06
0.0076866937
-1.5278474e-06
0.0076840753
-1.4270972e-06
0.0076816304
-1.3330097e-06
0.0076793475
-1.2451316e-06
0.0076772157
-1.1630507e-06
0.0076752249
-1.0863965e-06
0.0076733658
-1.0148223e-06
0.0076716296
-9.4797379e-07
0.0076700082
-8.8550645e-07
0.007668494
-8.2712613e-07
0.00766708
-7.7261318e-07
0.0076657592
-7.2174896e-07
0.0076645255
-6.7426654e-07
0.0076633733
-6.2985267e-07
0.0076622975
-5.8829001e-07
0.0076612928
-5.4946081e-07
0.0076603542
-5.1330414e-07
0.0076594773
-4.7959607e-07
0.0076586581
-4.4807385e-07
0.0076578933
-4.1846666e-07
0.0076571793
-3.9079377e-07
0.0076565124
-3.6500389e-07
0.007655889
-3.4110796e-07
0.0076553065
-3.1870465e-07
0.0076547626
-2.9774319e-07
0.0076542551
-2.7792648e-07
0.007653781
-2.5964666e-07
0.007653338
-2.4247228e-07
0.0076529237
-2.2676705e-07
0.0076525371
-2.1164319e-07
0.0076521758
-1.9790307e-07
0.0076518392
-1.8448887e-07
0.0076515235
-1.7272958e-07
0.00765123
-1.6097285e-07
0.0076509537
-1.5089737e-07
0.0076506989
-1.406919e-07
0.0076504565
-1.319905e-07
0.0076502372
-1.2464136e-07
0.007650022
-1.1645013e-07
-1.1717944e-07
0.0093140727
0.0082963401
0.0073480838
0.0065167791
0.0058112103
0.0052369127
0.0047862484
0.004441012
0.0041802971
0.0039843511
0.0038366531
0.003724003
0.0036363473
0.0035663586
0.0035088729
0.0034603388
0.0034183544
0.0033813121
0.0033481383
0.003318109
0.0032907248
0.0032656285
0.0032425523
0.0032212857
0.0032016553
0.0031835132
0.0031667299
0.0031511901
0.0031367902
0.0031234367
0.0031110448
0.0030995377
0.0030888454
0.0030789047
0.0030696577
0.0030610519
0.0030530394
0.0030455763
0.0030386225
0.0030321412
0.0030260986
0.0030204637
0.0030152078
0.0030103045
0.0030057293
0.0030014598
0.0029974749
0.0029937552
0.0029902828
0.0029870409
0.0029840141
0.0029811877
0.0029785485
0.0029760839
0.0029737823
0.0029716327
0.0029696251
0.0029677501
0.0029659988
0.0029643631
0.0029628352
0.0029614081
0.0029600751
0.00295883
0.002957667
0.0029565805
0.0029555657
0.0029546177
0.0029537323
0.0029529052
0.0029521325
0.0029514107
0.0029507364
0.0029501066
0.0029495185
0.002948969
0.0029484555
0.0029479758
0.0029475278
0.0029471096
0.0029467188
0.0029463537
0.0029460124
0.0029456937
0.0029453961
0.0029451183
0.0029448586
0.002944616
0.0029443891
0.0029441776
0.0029439798
0.0029437953
0.0029436225
0.0029434615
0.0029433106
0.0029431699
0.002943038
0.0029429133
0.0029427969
)
;

boundaryField
{
    top
    {
        type            calculated;
        value           uniform 0;
    }
    bottom
    {
        type            calculated;
        value           uniform 0;
    }
    inlet
    {
        type            calculated;
        value           nonuniform List<scalar> 10(-0.01 -0.01 -0.01 -0.01 -0.01 -0.01 -0.01 -0.01 -0.01 -0.01);
    }
    outlet
    {
        type            calculated;
        value           nonuniform List<scalar> 10(0.0029426797 0.007649837 0.011178082 0.013527873 0.014701528 0.014701528 0.013527873 0.011178082 0.007649837 0.0029426797);
    }
    front
    {
        type            empty;
    }
    back
    {
        type            empty;
    }
}


// ************************************************************************* //
