/*--------------------------------*- C++ -*----------------------------------*\
  =========                 |
  \\      /  F ield         | OpenFOAM: The Open Source CFD Toolbox
   \\    /   O peration     | Website:  https://openfoam.org
    \\  /    A nd           | Version:  13
     \\/     M anipulation  |
\*---------------------------------------------------------------------------*/
FoamFile
{
    format      ascii;
    class       volVectorField;
    location    "18";
    object      U;
}
// * * * * * * * * * * * * * * * * * * * * * * * * * * * * * * * * * * * * * //

dimensions      [0 1 -1 0 0 0 0];

internalField   nonuniform List<vector> 
1000
(
(0.92074242 0.03382768 0)
(0.8635379 0.056684191 0)
(0.78799127 0.052753994 0)
(0.69766161 0.041237061 0)
(0.61471542 0.03020314 0)
(0.54875554 0.020988077 0)
(0.49827309 0.013660659 0)
(0.45949312 0.0082997554 0)
(0.42978721 0.004735884 0)
(0.4072852 0.002532184 0)
(0.39034402 0.0012497964 0)
(0.37751559 0.0005618032 0)
(0.36764107 0.0002426144 0)
(0.35985945 0.00013663719 0)
(0.35355677 0.00013976101 0)
(0.34830594 0.00018761025 0)
(0.34381545 0.00024452975 0)
(0.33988918 0.0002935124 0)
(0.33639623 0.00032844056 0)
(0.33324896 0.00034888365 0)
(0.33038779 0.00035693705 0)
(0.32777097 0.00035546655 0)
(0.32536797 0.0003472408 0)
(0.32315538 0.00033457889 0)
(0.32111429 0.00031926786 0)
(0.31922887 0.00030260428 0)
(0.31748536 0.00028548191 0)
(0.31587163 0.00026848675 0)
(0.31437679 0.00025198205 0)
(0.31299103 0.0002361769 0)
(0.31170546 0.00022117788 0)
(0.31051204 0.00020702584 0)
(0.30940345 0.00019372126 0)
(0.30837305 0.00018124097 0)
(0.3074148 0.00016954902 0)
(0.30652319 0.00015860342 0)
(0.30569321 0.00014836022 0)
(0.30492028 0.00013877581 0)
(0.30420021 0.00012980821 0)
(0.30352916 0.00012141764 0)
(0.30290362 0.00011356671 0)
(0.30232035 0.00010622045 0)
(0.30177636 9.9346231e-05 0)
(0.30126891 9.2913625e-05 0)
(0.30079546 8.6894263e-05 0)
(0.30035366 8.1261664e-05 0)
(0.29994133 7.5991091e-05 0)
(0.29955648 7.1059411e-05 0)
(0.29919722 6.6445e-05 0)
(0.29886182 6.2127628e-05 0)
(0.29854868 5.8088376e-05 0)
(0.2982563 5.4309515e-05 0)
(0.29798328 5.0774435e-05 0)
(0.29772833 4.746756e-05 0)
(0.29749024 4.4374324e-05 0)
(0.29726788 4.1481098e-05 0)
(0.29706022 3.8775124e-05 0)
(0.29686627 3.6244408e-05 0)
(0.29668512 3.3877706e-05 0)
(0.29651592 3.1664491e-05 0)
(0.29635789 2.9594969e-05 0)
(0.29621027 2.765989e-05 0)
(0.29607239 2.5850507e-05 0)
(0.2959436 2.415865e-05 0)
(0.2958233 2.2577004e-05 0)
(0.29571093 2.1098677e-05 0)
(0.29560597 1.971685e-05 0)
(0.29550792 1.8424659e-05 0)
(0.29541633 1.7216255e-05 0)
(0.29533077 1.6086875e-05 0)
(0.29525086 1.5032445e-05 0)
(0.29517621 1.4047279e-05 0)
(0.29510647 1.3125323e-05 0)
(0.29504132 1.2261721e-05 0)
(0.29498047 1.1455611e-05 0)
(0.29492364 1.0704766e-05 0)
(0.29487054 1.0005043e-05 0)
(0.29482094 9.3477804e-06 0)
(0.2947746 8.7302886e-06 0)
(0.29473132 8.1520942e-06 0)
(0.29469089 7.618734e-06 0)
(0.29465314 7.1225542e-06 0)
(0.29461785 6.6587604e-06 0)
(0.29458489 6.2148634e-06 0)
(0.29455409 5.8019704e-06 0)
(0.29452535 5.415827e-06 0)
(0.29449849 5.0698066e-06 0)
(0.29447342 4.737014e-06 0)
(0.29444995 4.4307199e-06 0)
(0.29442807 4.1246393e-06 0)
(0.2944076 3.8587624e-06 0)
(0.29438852 3.5976304e-06 0)
(0.29437066 3.3768455e-06 0)
(0.29435398 3.1498831e-06 0)
(0.29433846 2.9415623e-06 0)
(0.29432374 2.7729305e-06 0)
(0.29431046 2.5479443e-06 0)
(0.29429688 2.5905395e-06 0)
(0.29428637 2.0676469e-06 0)
(0.29426901 2.9329795e-06 0)
(1.0019381 0.052732953 0)
(1.0365395 0.10225274 0)
(1.0602516 0.11315449 0)
(1.0635369 0.1090466 0)
(1.0522935 0.099516705 0)
(1.0346516 0.087114674 0)
(1.0147897 0.073373125 0)
(0.99415463 0.059906706 0)
(0.97358849 0.047880415 0)
(0.95388174 0.037787615 0)
(0.93564763 0.029665823 0)
(0.91918057 0.02332968 0)
(0.90451503 0.018503101 0)
(0.89154102 0.014887717 0)
(0.88008798 0.012203272 0)
(0.86996961 0.010210173 0)
(0.86100573 0.0087174146 0)
(0.85303279 0.007580526 0)
(0.84590822 0.0066945205 0)
(0.83951094 0.0059853885 0)
(0.83373979 0.0054021118 0)
(0.82851093 0.0049100421 0)
(0.82375499 0.0044858263 0)
(0.81941448 0.0041137186 0)
(0.81544148 0.0037830016 0)
(0.81179572 0.003486233 0)
(0.80844305 0.0032180836 0)
(0.80535423 0.0029745881 0)
(0.80250401 0.0027526714 0)
(0.79987035 0.0025498557 0)
(0.79743393 0.0023640801 0)
(0.79517763 0.0021935892 0)
(0.79308626 0.0020368633 0)
(0.79114619 0.0018925722 0)
(0.7893452 0.0017595431 0)
(0.78767226 0.001636738 0)
(0.7861174 0.0015232347 0)
(0.78467155 0.001418212 0)
(0.78332647 0.0013209374 0)
(0.78207464 0.0012307555 0)
(0.78090916 0.0011470786 0)
(0.77982372 0.0010693783 0)
(0.77881255 0.00099717869 0)
(0.77787031 0.00093004926 0)
(0.7769921 0.00086760006 0)
(0.77617339 0.00080947674 0)
(0.77541002 0.00075535645 0)
(0.77469811 0.00070494433 0)
(0.7740341 0.00065797051 0)
(0.77341468 0.00061418749 0)
(0.77283678 0.00057336783 0)
(0.77229757 0.00053530216 0)
(0.77179439 0.00049979742 0)
(0.7713248 0.00046667529 0)
(0.77088652 0.00043577094 0)
(0.77047743 0.00040693185 0)
(0.77009556 0.00038001675 0)
(0.76973908 0.00035489456 0)
(0.76940629 0.00033144351 0)
(0.76909559 0.00030955042 0)
(0.7688055 0.00028911034 0)
(0.76853464 0.00027002574 0)
(0.76828173 0.00025220572 0)
(0.76804558 0.00023556524 0)
(0.76782506 0.00022002559 0)
(0.76761914 0.00020551377 0)
(0.76742684 0.00019196186 0)
(0.76724726 0.00017930511 0)
(0.76707954 0.00016748332 0)
(0.76692292 0.00015644108 0)
(0.76677665 0.0001461292 0)
(0.76664005 0.00013649921 0)
(0.76651245 0.00012750419 0)
(0.76639329 0.00011909851 0)
(0.76628199 0.00011124739 0)
(0.76617806 0.00010391694 0)
(0.76608098 9.7075674e-05 0)
(0.76599031 9.0680241e-05 0)
(0.76590559 8.4700907e-05 0)
(0.76582649 7.9108955e-05 0)
(0.7657526 7.3900099e-05 0)
(0.76568362 6.903861e-05 0)
(0.76561915 6.4504338e-05 0)
(0.76555895 6.0241108e-05 0)
(0.76550266 5.6264682e-05 0)
(0.76545018 5.2538251e-05 0)
(0.76540109 4.9104464e-05 0)
(0.76535533 4.5866065e-05 0)
(0.76531244 4.287281e-05 0)
(0.76527252 3.9997715e-05 0)
(0.76523509 3.7392455e-05 0)
(0.76520029 3.4876185e-05 0)
(0.76516769 3.2665898e-05 0)
(0.76513717 3.0435664e-05 0)
(0.76510903 2.8539576e-05 0)
(0.76508175 2.6522433e-05 0)
(0.76505849 2.4969716e-05 0)
(0.76503225 2.318043e-05 0)
(0.76501646 2.2118567e-05 0)
(0.76498456 2.0699014e-05 0)
(1.0002467 0.026719375 0)
(1.0283936 0.06255548 0)
(1.0646999 0.077616155 0)
(1.0979952 0.080476474 0)
(1.1240764 0.078058279 0)
(1.1435812 0.07291683 0)
(1.1579044 0.065986855 0)
(1.1678877 0.0582047 0)
(1.1741544 0.050495786 0)
(1.1774192 0.043467201 0)
(1.1784517 0.037361306 0)
(1.1779313 0.032190659 0)
(1.1763807 0.027868333 0)
(1.1741779 0.024277407 0)
(1.1715897 0.021298543 0)
(1.1688025 0.018820816 0)
(1.1659442 0.01674707 0)
(1.1630997 0.014996288 0)
(1.1603237 0.013503444 0)
(1.1576498 0.012217608 0)
(1.155097 0.011099376 0)
(1.1526749 0.010118339 0)
(1.1503869 0.0092509609 0)
(1.1482324 0.0084788998 0)
(1.1462083 0.0077877246 0)
(1.1443101 0.0071659428 0)
(1.1425324 0.0066042738 0)
(1.1408692 0.0060951138 0)
(1.1393144 0.0056321455 0)
(1.1378619 0.0052100553 0)
(1.1365056 0.004824326 0)
(1.1352396 0.0044710833 0)
(1.1340583 0.0041469784 0)
(1.1329564 0.003849099 0)
(1.1319285 0.0035748981 0)
(1.13097 0.0033221375 0)
(1.1300761 0.0030888423 0)
(1.1292426 0.0028732629 0)
(1.1284655 0.0026738437 0)
(1.1277408 0.0024891969 0)
(1.1270651 0.0023180801 0)
(1.1264351 0.0021593778 0)
(1.1258476 0.0020120856 0)
(1.1252997 0.0018752961 0)
(1.1247887 0.0017481876 0)
(1.1243122 0.0016300142 0)
(1.1238677 0.0015200967 0)
(1.1234532 0.0014178157 0)
(1.1230665 0.001322605 0)
(1.1227057 0.001233946 0)
(1.1223692 0.0011513629 0)
(1.1220552 0.0010744181 0)
(1.1217622 0.0010027091 0)
(1.1214889 0.00093586497 0)
(1.1212338 0.00087354324 0)
(1.1209957 0.00081542763 0)
(1.1207736 0.00076122563 0)
(1.1205662 0.00071066639 0)
(1.1203727 0.00066349889 0)
(1.1201921 0.00061949011 0)
(1.1200235 0.00057842391 0)
(1.1198661 0.0005401 0)
(1.1197192 0.00050433291 0)
(1.1195821 0.00047094965 0)
(1.119454 0.00043978848 0)
(1.1193345 0.00041069812 0)
(1.1192229 0.00038353992 0)
(1.1191187 0.00035818608 0)
(1.1190214 0.00033451766 0)
(1.1189306 0.00031241873 0)
(1.1188457 0.00029178114 0)
(1.1187666 0.00027250567 0)
(1.1186926 0.00025450919 0)
(1.1186235 0.00023770997 0)
(1.118559 0.00022202899 0)
(1.1184988 0.00020737741 0)
(1.1184426 0.00019368671 0)
(1.1183901 0.00018089255 0)
(1.118341 0.00016895957 0)
(1.1182952 0.00015782051 0)
(1.1182524 0.00014742933 0)
(1.1182125 0.00013769604 0)
(1.1181752 0.00012861149 0)
(1.1181404 0.00012010248 0)
(1.1181077 0.00011220615 0)
(1.1180774 0.00010479392 0)
(1.118049 9.7930809e-05 0)
(1.1180226 9.1418382e-05 0)
(1.1179977 8.5447218e-05 0)
(1.1179747 7.9714716e-05 0)
(1.1179528 7.4590321e-05 0)
(1.117933 6.9511219e-05 0)
(1.1179139 6.5168219e-05 0)
(1.1178965 6.0552969e-05 0)
(1.11788 5.6994503e-05 0)
(1.1178644 5.264895e-05 0)
(1.1178509 4.9991471e-05 0)
(1.1178357 4.5647353e-05 0)
(1.117827 4.4089427e-05 0)
(1.1178088 3.9601086e-05 0)
(1.0000321 0.01172771 0)
(1.0173964 0.030563016 0)
(1.0455868 0.040990665 0)
(1.0788323 0.044657243 0)
(1.1117703 0.044906518 0)
(1.1419849 0.043513626 0)
(1.1689322 0.040998751 0)
(1.1925678 0.037704081 0)
(1.2129268 0.03408959 0)
(1.2301852 0.030558837 0)
(1.2446903 0.027331285 0)
(1.256878 0.024473251 0)
(1.2671747 0.021977088 0)
(1.2759451 0.019810764 0)
(1.283481 0.017935176 0)
(1.290012 0.016308896 0)
(1.2957188 0.01489143 0)
(1.3007436 0.013646371 0)
(1.3051988 0.01254321 0)
(1.3091728 0.011557532 0)
(1.3127361 0.010670221 0)
(1.3159451 0.0098663841 0)
(1.3188459 0.0091343733 0)
(1.3214765 0.008464993 0)
(1.3238688 0.0078508904 0)
(1.3260498 0.0072860862 0)
(1.3280427 0.0067656221 0)
(1.3298674 0.0062853023 0)
(1.3315412 0.0058415096 0)
(1.3330791 0.0054310761 0)
(1.3344943 0.005051193 0)
(1.3357985 0.0046993461 0)
(1.3370019 0.0043732696 0)
(1.3381138 0.004070911 0)
(1.339142 0.0037904041 0)
(1.340094 0.0035300482 0)
(1.340976 0.0032882899 0)
(1.341794 0.0030637087 0)
(1.3425532 0.0028550034 0)
(1.3432582 0.0026609814 0)
(1.3439133 0.0024805482 0)
(1.3445224 0.0023126984 0)
(1.345089 0.002156508 0)
(1.3456163 0.0020111267 0)
(1.3461071 0.0018757715 0)
(1.3465643 0.0017497205 0)
(1.3469902 0.0016323077 0)
(1.347387 0.0015229186 0)
(1.347757 0.0014209852 0)
(1.3481019 0.0013259825 0)
(1.3484235 0.0012374246 0)
(1.3487234 0.0011548614 0)
(1.3490033 0.0010778762 0)
(1.3492643 0.0010060828 0)
(1.3495079 0.00093912308 0)
(1.3497353 0.00087666463 0)
(1.3499474 0.00081839881 0)
(1.3501454 0.000764039 0)
(1.3503303 0.00071331898 0)
(1.3505029 0.00066599077 0)
(1.350664 0.00062182355 0)
(1.3508144 0.00058060329 0)
(1.3509548 0.00054213256 0)
(1.351086 0.00050622691 0)
(1.3512084 0.00047271179 0)
(1.3513228 0.00044142236 0)
(1.3514296 0.00041220989 0)
(1.3515293 0.00038494127 0)
(1.3516224 0.00035949178 0)
(1.3517094 0.00033573208 0)
(1.3517907 0.00031353751 0)
(1.3518665 0.00029280159 0)
(1.3519374 0.00027344774 0)
(1.3520036 0.00025539678 0)
(1.3520654 0.00023855356 0)
(1.3521231 0.00022280117 0)
(1.352177 0.00020806417 0)
(1.3522274 0.00019429653 0)
(1.3522745 0.00018148507 0)
(1.3523184 0.0001695422 0)
(1.3523594 0.00015838584 0)
(1.3523979 0.00014789735 0)
(1.3524336 0.00013810615 0)
(1.3524672 0.00012896089 0)
(1.3524982 0.00012052009 0)
(1.3525276 0.00011257368 0)
(1.3525546 0.00010519866 0)
(1.3525805 9.8144646e-05 0)
(1.3526038 9.1743084e-05 0)
(1.3526266 8.5569759e-05 0)
(1.3526465 8.0149195e-05 0)
(1.352667 7.4622794e-05 0)
(1.3526837 7.0034176e-05 0)
(1.3527025 6.4928426e-05 0)
(1.3527159 6.1274981e-05 0)
(1.3527337 5.6412992e-05 0)
(1.3527436 5.3799952e-05 0)
(1.3527616 4.8826885e-05 0)
(1.3527673 4.7368303e-05 0)
(1.3527872 4.200441e-05 0)
(1.0001568 0.0034383906 0)
(1.0134518 0.0092557598 0)
(1.036628 0.012853241 0)
(1.0666034 0.014335343 0)
(1.0987809 0.014626052 0)
(1.1300715 0.014363697 0)
(1.1593037 0.013741451 0)
(1.1861976 0.012840159 0)
(1.2106431 0.011790373 0)
(1.2325915 0.010728734 0)
(1.2521417 0.0097376724 0)
(1.2695378 0.0088459648 0)
(1.2850832 0.0080555411 0)
(1.2990634 0.0073596116 0)
(1.3117148 0.006748688 0)
(1.3232262 0.0062117873 0)
(1.3337497 0.0057373916 0)
(1.3434089 0.0053147116 0)
(1.3523048 0.0049345706 0)
(1.3605198 0.0045896477 0)
(1.3681215 0.0042742901 0)
(1.3751666 0.0039841792 0)
(1.3817032 0.003716012 0)
(1.3877732 0.0034672425 0)
(1.3934137 0.0032358808 0)
(1.3986577 0.0030203392 0)
(1.4035351 0.0028193156 0)
(1.408073 0.0026317095 0)
(1.4122964 0.0024565638 0)
(1.416228 0.0022930256 0)
(1.4198888 0.002140321 0)
(1.4232982 0.0019977378 0)
(1.4264741 0.0018646154 0)
(1.429433 0.0017403374 0)
(1.4321902 0.0016243268 0)
(1.4347599 0.0015160429 0)
(1.4371552 0.0014149787 0)
(1.4393882 0.0013206586 0)
(1.4414702 0.001232637 0)
(1.4434117 0.0011504962 0)
(1.4452223 0.0010738453 0)
(1.4469111 0.0010023186 0)
(1.4484863 0.00093557428 0)
(1.4499558 0.00087329259 0)
(1.4513269 0.00081517489 0)
(1.4526061 0.00076094221 0)
(1.4537997 0.0007103341 0)
(1.4549136 0.00066310755 0)
(1.4559531 0.00061903576 0)
(1.4569232 0.00057790706 0)
(1.4578287 0.00053952385 0)
(1.4586739 0.00050370176 0)
(1.4594628 0.00047026893 0)
(1.4601993 0.00043906519 0)
(1.4608868 0.00040994121 0)
(1.4615286 0.00038275756 0)
(1.4621278 0.00035738416 0)
(1.4626872 0.00033369977 0)
(1.4632096 0.00031159135 0)
(1.4636973 0.00029095305 0)
(1.4641526 0.00027168616 0)
(1.4645778 0.00025369936 0)
(1.4649749 0.00023690858 0)
(1.4653456 0.00022123422 0)
(1.4656918 0.00020659952 0)
(1.4660151 0.00019293244 0)
(1.466317 0.00018017063 0)
(1.466599 0.00016825948 0)
(1.4668623 0.00015714415 0)
(1.4671082 0.00014676286 0)
(1.4673379 0.00013705817 0)
(1.4675523 0.0001279896 0)
(1.4677526 0.00011953372 0)
(1.4679397 0.00011165537 0)
(1.4681145 0.00010429933 0)
(1.4682776 9.7403334e-05 0)
(1.46843 9.0944555e-05 0)
(1.4685723 8.4923941e-05 0)
(1.4687053 7.9343015e-05 0)
(1.4688296 7.414072e-05 0)
(1.4689455 6.9257918e-05 0)
(1.4690538 6.4644792e-05 0)
(1.4691548 6.034911e-05 0)
(1.4692496 5.6364371e-05 0)
(1.4693376 5.27059e-05 0)
(1.4694205 4.9237375e-05 0)
(1.4694969 4.5995738e-05 0)
(1.4695694 4.2880396e-05 0)
(1.4696358 4.0090009e-05 0)
(1.4696997 3.7402569e-05 0)
(1.4697569 3.5064746e-05 0)
(1.4698136 3.2624624e-05 0)
(1.469862 3.0624676e-05 0)
(1.4699134 2.8354444e-05 0)
(1.4699531 2.6797071e-05 0)
(1.4700015 2.464129e-05 0)
(1.4700313 2.3544406e-05 0)
(1.4700801 2.1319652e-05 0)
(1.4700974 2.0712609e-05 0)
(1.4701522 1.8288562e-05 0)
(1.0001568 -0.0034383906 0)
(1.0134518 -0.0092557598 0)
(1.036628 -0.012853241 0)
(1.0666034 -0.014335343 0)
(1.0987809 -0.014626052 0)
(1.1300715 -0.014363697 0)
(1.1593037 -0.013741451 0)
(1.1861976 -0.01284016 0)
(1.2106431 -0.011790373 0)
(1.2325915 -0.010728734 0)
(1.2521417 -0.0097376724 0)
(1.2695378 -0.0088459649 0)
(1.2850832 -0.0080555412 0)
(1.2990634 -0.0073596116 0)
(1.3117148 -0.006748688 0)
(1.3232262 -0.0062117872 0)
(1.3337497 -0.0057373916 0)
(1.3434089 -0.0053147116 0)
(1.3523048 -0.0049345706 0)
(1.3605198 -0.0045896477 0)
(1.3681215 -0.0042742901 0)
(1.3751666 -0.0039841792 0)
(1.3817032 -0.003716012 0)
(1.3877732 -0.0034672424 0)
(1.3934137 -0.0032358808 0)
(1.3986577 -0.0030203392 0)
(1.4035351 -0.0028193156 0)
(1.408073 -0.0026317095 0)
(1.4122964 -0.0024565638 0)
(1.416228 -0.0022930257 0)
(1.4198888 -0.002140321 0)
(1.4232982 -0.0019977377 0)
(1.4264741 -0.0018646152 0)
(1.429433 -0.0017403372 0)
(1.4321902 -0.0016243267 0)
(1.4347599 -0.0015160429 0)
(1.4371552 -0.0014149787 0)
(1.4393882 -0.0013206586 0)
(1.4414702 -0.0012326369 0)
(1.4434117 -0.001150496 0)
(1.4452223 -0.0010738452 0)
(1.4469111 -0.0010023186 0)
(1.4484863 -0.00093557422 0)
(1.4499558 -0.00087329252 0)
(1.4513269 -0.00081517484 0)
(1.4526061 -0.00076094225 0)
(1.4537997 -0.00071033425 0)
(1.4549136 -0.00066310772 0)
(1.4559531 -0.00061903582 0)
(1.4569232 -0.00057790693 0)
(1.4578287 -0.00053952363 0)
(1.4586739 -0.00050370165 0)
(1.4594628 -0.00047026906 0)
(1.4601993 -0.00043906551 0)
(1.4608868 -0.00040994153 0)
(1.4615286 -0.00038275771 0)
(1.4621278 -0.00035738405 0)
(1.4626872 -0.00033369937 0)
(1.4632096 -0.00031159082 0)
(1.4636973 -0.00029095293 0)
(1.4641526 -0.00027168683 0)
(1.4645778 -0.0002537002 0)
(1.4649749 -0.00023690811 0)
(1.4653456 -0.00022123228 0)
(1.4656918 -0.00020659862 0)
(1.4660151 -0.00019293508 0)
(1.466317 -0.0001801746 0)
(1.466599 -0.0001682586 0)
(1.4668623 -0.00015713676 0)
(1.4671082 -0.00014675753 0)
(1.4673379 -0.00013706508 0)
(1.4675523 -0.00012800456 0)
(1.4677526 -0.00011953788 0)
(1.4679398 -0.00011163812 0)
(1.4681145 -0.00010427742 0)
(1.4682776 -9.7405978e-05 0)
(1.4684299 -9.0974995e-05 0)
(1.4685723 -8.4948196e-05 0)
(1.4687053 -7.9327117e-05 0)
(1.4688296 -7.4096496e-05 0)
(1.4689455 -6.9235555e-05 0)
(1.4690538 -6.4673402e-05 0)
(1.4691548 -6.0398298e-05 0)
(1.4692496 -5.6376983e-05 0)
(1.4693377 -5.2667026e-05 0)
(1.4694205 -4.9192348e-05 0)
(1.4694969 -4.5996224e-05 0)
(1.4695694 -4.292275e-05 0)
(1.4696358 -4.0124674e-05 0)
(1.4696998 -3.7393932e-05 0)
(1.4697569 -3.5028365e-05 0)
(1.4698136 -3.2602375e-05 0)
(1.4698619 -3.0634703e-05 0)
(1.4699134 -2.8378948e-05 0)
(1.4699531 -2.6809709e-05 0)
(1.4700015 -2.4636181e-05 0)
(1.4700314 -2.3532969e-05 0)
(1.4700801 -2.1312088e-05 0)
(1.4700974 -2.0710465e-05 0)
(1.4701522 -1.8289072e-05 0)
(1.0000321 -0.01172771 0)
(1.0173964 -0.030563016 0)
(1.0455868 -0.040990665 0)
(1.0788323 -0.044657243 0)
(1.1117703 -0.044906518 0)
(1.1419849 -0.043513626 0)
(1.1689322 -0.040998751 0)
(1.1925678 -0.037704081 0)
(1.2129268 -0.034089591 0)
(1.2301852 -0.030558837 0)
(1.2446903 -0.027331285 0)
(1.256878 -0.024473251 0)
(1.2671747 -0.021977088 0)
(1.2759451 -0.019810764 0)
(1.283481 -0.017935176 0)
(1.290012 -0.016308896 0)
(1.2957188 -0.01489143 0)
(1.3007436 -0.013646371 0)
(1.3051988 -0.01254321 0)
(1.3091728 -0.011557532 0)
(1.3127361 -0.010670221 0)
(1.3159451 -0.0098663841 0)
(1.3188459 -0.0091343732 0)
(1.3214765 -0.008464993 0)
(1.3238688 -0.0078508904 0)
(1.3260498 -0.0072860862 0)
(1.3280427 -0.0067656221 0)
(1.3298674 -0.0062853023 0)
(1.3315412 -0.0058415096 0)
(1.3330791 -0.0054310761 0)
(1.3344943 -0.0050511929 0)
(1.3357985 -0.004699346 0)
(1.3370019 -0.0043732695 0)
(1.3381138 -0.0040709109 0)
(1.339142 -0.003790404 0)
(1.340094 -0.0035300482 0)
(1.340976 -0.0032882899 0)
(1.341794 -0.0030637087 0)
(1.3425532 -0.0028550034 0)
(1.3432582 -0.0026609814 0)
(1.3439133 -0.0024805481 0)
(1.3445224 -0.0023126983 0)
(1.345089 -0.0021565079 0)
(1.3456163 -0.0020111267 0)
(1.3461071 -0.0018757715 0)
(1.3465643 -0.0017497206 0)
(1.3469902 -0.0016323078 0)
(1.347387 -0.0015229186 0)
(1.347757 -0.0014209852 0)
(1.3481019 -0.0013259824 0)
(1.3484235 -0.0012374245 0)
(1.3487234 -0.0011548614 0)
(1.3490033 -0.0010778763 0)
(1.3492643 -0.001006083 0)
(1.3495079 -0.00093912323 0)
(1.3497353 -0.0008766647 0)
(1.3499474 -0.00081839875 0)
(1.3501454 -0.00076403885 0)
(1.3503303 -0.00071331887 0)
(1.3505029 -0.00066599076 0)
(1.350664 -0.00062182353 0)
(1.3508144 -0.00058060312 0)
(1.3509548 -0.00054213237 0)
(1.351086 -0.00050622705 0)
(1.3512084 -0.00047271233 0)
(1.3513228 -0.0004414227 0)
(1.3514296 -0.00041220934 0)
(1.3515293 -0.00038494017 0)
(1.3516225 -0.00035949155 0)
(1.3517094 -0.00033573354 0)
(1.3517906 -0.00031353944 0)
(1.3518665 -0.00029280165 0)
(1.3519374 -0.00027344544 0)
(1.3520036 -0.00025539458 0)
(1.3520654 -0.00023855437 0)
(1.3521231 -0.00022280427 0)
(1.352177 -0.0002080658 0)
(1.3522274 -0.00019429394 0)
(1.3522745 -0.00018148051 0)
(1.3523185 -0.00016954047 0)
(1.3523594 -0.00015838849 0)
(1.3523978 -0.00014790101 0)
(1.3524335 -0.00013810632 0)
(1.3524672 -0.00012895773 0)
(1.3524983 -0.00012051765 0)
(1.3525277 -0.00011257508 0)
(1.3525545 -0.00010520206 0)
(1.3525804 -9.8146537e-05 0)
(1.3526037 -9.1741843e-05 0)
(1.3526267 -8.5567637e-05 0)
(1.3526466 -8.0148998e-05 0)
(1.352667 -7.4624245e-05 0)
(1.3526836 -7.0035399e-05 0)
(1.3527024 -6.4928559e-05 0)
(1.3527159 -6.1274737e-05 0)
(1.3527337 -5.6413074e-05 0)
(1.3527436 -5.3800172e-05 0)
(1.3527615 -4.8826134e-05 0)
(1.3527672 -4.7366851e-05 0)
(1.3527872 -4.2003668e-05 0)
(1.0002467 -0.026719375 0)
(1.0283936 -0.06255548 0)
(1.0646999 -0.077616155 0)
(1.0979952 -0.080476474 0)
(1.1240764 -0.078058279 0)
(1.1435812 -0.07291683 0)
(1.1579044 -0.065986855 0)
(1.1678877 -0.0582047 0)
(1.1741544 -0.050495786 0)
(1.1774192 -0.043467201 0)
(1.1784517 -0.037361306 0)
(1.1779313 -0.032190659 0)
(1.1763807 -0.027868333 0)
(1.1741779 -0.024277407 0)
(1.1715897 -0.021298543 0)
(1.1688025 -0.018820816 0)
(1.1659442 -0.01674707 0)
(1.1630997 -0.014996288 0)
(1.1603237 -0.013503444 0)
(1.1576498 -0.012217608 0)
(1.155097 -0.011099376 0)
(1.1526749 -0.010118339 0)
(1.1503869 -0.009250961 0)
(1.1482324 -0.0084788998 0)
(1.1462083 -0.0077877246 0)
(1.1443101 -0.0071659428 0)
(1.1425324 -0.0066042738 0)
(1.1408692 -0.0060951138 0)
(1.1393144 -0.0056321455 0)
(1.1378619 -0.0052100553 0)
(1.1365056 -0.004824326 0)
(1.1352396 -0.0044710832 0)
(1.1340583 -0.0041469784 0)
(1.1329564 -0.003849099 0)
(1.1319285 -0.003574898 0)
(1.13097 -0.0033221374 0)
(1.1300761 -0.0030888423 0)
(1.1292426 -0.0028732629 0)
(1.1284655 -0.0026738438 0)
(1.1277408 -0.0024891969 0)
(1.1270651 -0.00231808 0)
(1.1264351 -0.0021593777 0)
(1.1258476 -0.0020120855 0)
(1.1252997 -0.0018752961 0)
(1.1247887 -0.0017481877 0)
(1.1243122 -0.0016300143 0)
(1.1238677 -0.0015200968 0)
(1.1234532 -0.0014178157 0)
(1.1230665 -0.001322605 0)
(1.1227057 -0.0012339461 0)
(1.1223692 -0.001151363 0)
(1.1220552 -0.0010744182 0)
(1.1217622 -0.0010027091 0)
(1.1214889 -0.00093586492 0)
(1.1212338 -0.00087354325 0)
(1.1209957 -0.00081542769 0)
(1.1207736 -0.00076122573 0)
(1.1205662 -0.00071066652 0)
(1.1203727 -0.00066349902 0)
(1.1201921 -0.00061948996 0)
(1.1200235 -0.0005784233 0)
(1.1198661 -0.00054009938 0)
(1.1197192 -0.00050433333 0)
(1.1195821 -0.00047095124 0)
(1.119454 -0.00043978935 0)
(1.1193345 -0.00041069624 0)
(1.1192229 -0.00038353676 0)
(1.1191187 -0.00035818636 0)
(1.1190214 -0.00033452308 0)
(1.1189306 -0.00031242323 0)
(1.1188457 -0.00029177689 0)
(1.1187666 -0.00027249507 0)
(1.1186926 -0.00025450587 0)
(1.1186236 -0.00023772219 0)
(1.118559 -0.00022204472 0)
(1.1184988 -0.00020737491 0)
(1.1184426 -0.00019366331 0)
(1.1183901 -0.000180874 0)
(1.1183411 -0.00016897159 0)
(1.1182952 -0.00015785352 0)
(1.1182524 -0.00014744452 0)
(1.1182125 -0.00013767162 0)
(1.1181752 -0.00012857297 0)
(1.1181405 -0.00012009526 0)
(1.1181078 -0.00011224034 0)
(1.1180774 -0.00010483045 0)
(1.1180489 -9.792785e-05 0)
(1.1180226 -9.1381263e-05 0)
(1.1179977 -8.5419544e-05 0)
(1.1179748 -7.9725589e-05 0)
(1.1179529 -7.4623239e-05 0)
(1.117933 -6.9528614e-05 0)
(1.1179138 -6.5155876e-05 0)
(1.1178965 -6.0530281e-05 0)
(1.11788 -5.6985851e-05 0)
(1.1178644 -5.2657586e-05 0)
(1.1178509 -5.0003378e-05 0)
(1.1178356 -4.5651273e-05 0)
(1.117827 -4.4086603e-05 0)
(1.1178088 -3.9598454e-05 0)
(1.0019381 -0.052732953 0)
(1.0365395 -0.10225274 0)
(1.0602516 -0.11315449 0)
(1.0635369 -0.1090466 0)
(1.0522935 -0.099516705 0)
(1.0346516 -0.087114674 0)
(1.0147897 -0.073373125 0)
(0.99415463 -0.059906706 0)
(0.97358849 -0.047880415 0)
(0.95388174 -0.037787615 0)
(0.93564763 -0.029665823 0)
(0.91918057 -0.02332968 0)
(0.90451503 -0.018503101 0)
(0.89154102 -0.014887717 0)
(0.88008798 -0.012203272 0)
(0.86996961 -0.010210173 0)
(0.86100573 -0.0087174146 0)
(0.85303279 -0.007580526 0)
(0.84590822 -0.0066945205 0)
(0.83951094 -0.0059853885 0)
(0.83373979 -0.0054021118 0)
(0.82851093 -0.0049100422 0)
(0.82375499 -0.0044858263 0)
(0.81941448 -0.0041137186 0)
(0.81544148 -0.0037830016 0)
(0.81179572 -0.003486233 0)
(0.80844305 -0.0032180836 0)
(0.80535423 -0.0029745881 0)
(0.80250401 -0.0027526714 0)
(0.79987035 -0.0025498557 0)
(0.79743393 -0.00236408 0)
(0.79517763 -0.0021935892 0)
(0.79308626 -0.0020368633 0)
(0.79114619 -0.0018925722 0)
(0.7893452 -0.0017595431 0)
(0.78767226 -0.001636738 0)
(0.7861174 -0.0015232346 0)
(0.78467155 -0.0014182121 0)
(0.78332647 -0.0013209375 0)
(0.78207464 -0.0012307555 0)
(0.78090915 -0.0011470785 0)
(0.77982372 -0.0010693783 0)
(0.77881255 -0.00099717868 0)
(0.77787031 -0.00093004932 0)
(0.7769921 -0.00086760016 0)
(0.77617339 -0.0008094768 0)
(0.77541002 -0.00075535645 0)
(0.77469811 -0.00070494431 0)
(0.7740341 -0.00065797055 0)
(0.77341468 -0.0006141876 0)
(0.77283678 -0.00057336795 0)
(0.77229757 -0.00053530221 0)
(0.77179439 -0.00049979738 0)
(0.7713248 -0.00046667523 0)
(0.77088652 -0.00043577094 0)
(0.77047743 -0.00040693192 0)
(0.77009556 -0.00038001688 0)
(0.76973908 -0.00035489472 0)
(0.76940629 -0.00033144354 0)
(0.76909559 -0.00030955012 0)
(0.7688055 -0.0002891098 0)
(0.76853464 -0.00027002559 0)
(0.76828173 -0.00025220652 0)
(0.76804558 -0.00023556637 0)
(0.76782506 -0.00022002532 0)
(0.76761914 -0.00020551159 0)
(0.76742684 -0.00019196034 0)
(0.76724726 -0.00017930737 0)
(0.76707954 -0.0001674879 0)
(0.76692292 -0.00015644175 0)
(0.76677665 -0.00014612267 0)
(0.76664005 -0.00013649197 0)
(0.76651246 -0.00012750703 0)
(0.76639328 -0.00011911154 0)
(0.76628198 -0.00011125546 0)
(0.76617806 -0.00010390666 0)
(0.766081 -9.7055336e-05 0)
(0.76599032 -9.0674313e-05 0)
(0.76590559 -8.4720575e-05 0)
(0.76582647 -7.9134053e-05 0)
(0.76575259 -7.38997e-05 0)
(0.76568363 -6.9009723e-05 0)
(0.76561917 -6.4479123e-05 0)
(0.76555896 -6.0249845e-05 0)
(0.76550265 -5.6298453e-05 0)
(0.76545016 -5.2558438e-05 0)
(0.76540109 -4.9088442e-05 0)
(0.76535535 -4.5833492e-05 0)
(0.76531246 -4.2860594e-05 0)
(0.76527252 -4.001663e-05 0)
(0.76523508 -3.7418386e-05 0)
(0.76520028 -3.4881621e-05 0)
(0.76516769 -3.2649847e-05 0)
(0.76513717 -3.0418944e-05 0)
(0.76510903 -2.8537821e-05 0)
(0.76508174 -2.6532076e-05 0)
(0.76505849 -2.4978252e-05 0)
(0.76503225 -2.3181864e-05 0)
(0.76501646 -2.211608e-05 0)
(0.76498456 -2.0697178e-05 0)
(0.92074242 -0.03382768 0)
(0.8635379 -0.056684191 0)
(0.78799127 -0.052753994 0)
(0.69766161 -0.041237061 0)
(0.61471542 -0.03020314 0)
(0.54875554 -0.020988077 0)
(0.49827309 -0.013660659 0)
(0.45949312 -0.0082997554 0)
(0.42978721 -0.004735884 0)
(0.4072852 -0.002532184 0)
(0.39034402 -0.0012497964 0)
(0.37751559 -0.0005618032 0)
(0.36764107 -0.00024261441 0)
(0.35985945 -0.0001366372 0)
(0.35355677 -0.00013976103 0)
(0.34830594 -0.00018761026 0)
(0.34381545 -0.00024452975 0)
(0.33988918 -0.0002935124 0)
(0.33639623 -0.00032844056 0)
(0.33324896 -0.00034888366 0)
(0.33038779 -0.00035693705 0)
(0.32777097 -0.00035546655 0)
(0.32536797 -0.0003472408 0)
(0.32315538 -0.0003345789 0)
(0.32111429 -0.00031926786 0)
(0.31922887 -0.00030260428 0)
(0.31748536 -0.00028548191 0)
(0.31587163 -0.00026848674 0)
(0.31437679 -0.00025198204 0)
(0.31299103 -0.0002361769 0)
(0.31170546 -0.00022117788 0)
(0.31051204 -0.00020702585 0)
(0.30940345 -0.00019372127 0)
(0.30837305 -0.00018124096 0)
(0.3074148 -0.000169549 0)
(0.30652319 -0.0001586034 0)
(0.30569321 -0.0001483602 0)
(0.30492028 -0.00013877581 0)
(0.30420021 -0.00012980823 0)
(0.30352916 -0.00012141765 0)
(0.30290362 -0.00011356671 0)
(0.30232035 -0.00010622045 0)
(0.30177636 -9.934624e-05 0)
(0.30126891 -9.2913648e-05 0)
(0.30079546 -8.6894283e-05 0)
(0.30035366 -8.1261678e-05 0)
(0.29994133 -7.5991099e-05 0)
(0.29955648 -7.1059435e-05 0)
(0.29919722 -6.6445045e-05 0)
(0.29886182 -6.2127689e-05 0)
(0.29854868 -5.8088418e-05 0)
(0.2982563 -5.4309523e-05 0)
(0.29798328 -5.0774411e-05 0)
(0.29772833 -4.7467538e-05 0)
(0.29749024 -4.4374319e-05 0)
(0.29726788 -4.1481125e-05 0)
(0.29706022 -3.8775184e-05 0)
(0.29686627 -3.624448e-05 0)
(0.29668512 -3.3877695e-05 0)
(0.29651592 -3.1664344e-05 0)
(0.29635789 -2.9594802e-05 0)
(0.29621027 -2.7659963e-05 0)
(0.29607239 -2.5850857e-05 0)
(0.2959436 -2.4158859e-05 0)
(0.29582331 -2.2576581e-05 0)
(0.29571094 -2.1097957e-05 0)
(0.29560597 -1.9716958e-05 0)
(0.29550792 -1.8425977e-05 0)
(0.29541633 -1.721728e-05 0)
(0.29533078 -1.6085767e-05 0)
(0.29525086 -1.5029806e-05 0)
(0.29517621 -1.4046359e-05 0)
(0.29510646 -1.3128182e-05 0)
(0.29504132 -1.226565e-05 0)
(0.29498048 -1.1455363e-05 0)
(0.29492365 -1.0699466e-05 0)
(0.29487055 -1.0000457e-05 0)
(0.29482094 -9.3499391e-06 0)
(0.29477459 -8.7375635e-06 0)
(0.29473132 -8.1562002e-06 0)
(0.2946909 -7.6143219e-06 0)
(0.29465315 -7.1143593e-06 0)
(0.29461785 -6.6563335e-06 0)
(0.29458488 -6.2210062e-06 0)
(0.29455409 -5.8094355e-06 0)
(0.29452536 -5.4161867e-06 0)
(0.2944985 -5.0632398e-06 0)
(0.29447342 -4.7313712e-06 0)
(0.29444995 -4.4318094e-06 0)
(0.29442806 -4.1300815e-06 0)
(0.2944076 -3.8622417e-06 0)
(0.29438852 -3.5963937e-06 0)
(0.29437067 -3.3734244e-06 0)
(0.29435398 -3.1479446e-06 0)
(0.29433845 -2.9420751e-06 0)
(0.29432374 -2.774445e-06 0)
(0.29431047 -2.5491001e-06 0)
(0.29429688 -2.5910032e-06 0)
(0.29428637 -2.0675854e-06 0)
(0.29426901 -2.9327715e-06 0)
)
;

boundaryField
{
    top
    {
        type            fixedValue;
        value           uniform (0 0 0);
    }
    bottom
    {
        type            fixedValue;
        value           uniform (0 0 0);
    }
    inlet
    {
        type            fixedValue;
        value           uniform (1 0 0);
    }
    outlet
    {
        type            zeroGradient;
    }
    front
    {
        type            empty;
    }
    back
    {
        type            empty;
    }
}


// ************************************************************************* //
