/*--------------------------------*- C++ -*----------------------------------*\
  =========                 |
  \\      /  F ield         | OpenFOAM: The Open Source CFD Toolbox
   \\    /   O peration     | Website:  https://openfoam.org
    \\  /    A nd           | Version:  13
     \\/     M anipulation  |
\*---------------------------------------------------------------------------*/
FoamFile
{
    format      ascii;
    class       volScalarField;
    location    "13";
    object      p;
}
// * * * * * * * * * * * * * * * * * * * * * * * * * * * * * * * * * * * * * //

dimensions      [0 2 -2 0 0 0 0];

internalField   nonuniform List<scalar> 
1000
(
1.6803192
1.5603209
1.4644463
1.4005787
1.351982
1.3093852
1.2715543
1.2388437
1.2107357
1.1861471
1.1640601
1.1437128
1.1245746
1.106289
1.0886245
1.0714365
1.0546369
1.0381719
1.0220079
1.0061218
0.99049621
0.97511609
0.95996767
0.94503771
0.93031331
0.91578194
0.90143149
0.88725036
0.87322755
0.85935265
0.84561589
0.83200814
0.81852084
0.80514603
0.79187628
0.77870468
0.76562478
0.75263057
0.73971645
0.72687718
0.71410789
0.70140402
0.68876133
0.67617583
0.66364383
0.65116183
0.63872661
0.62633512
0.61398453
0.60167217
0.58939558
0.57715242
0.56494052
0.55275785
0.54060251
0.52847273
0.51636684
0.50428328
0.4922206
0.48017744
0.46815253
0.45614467
0.44415274
0.43217572
0.42021263
0.40826255
0.39632464
0.3843981
0.37248218
0.36057621
0.34867951
0.33679148
0.32491155
0.31303919
0.3011739
0.28931522
0.27746273
0.26561601
0.2537747
0.24193842
0.23010686
0.21827969
0.20645662
0.19463738
0.18282173
0.17100943
0.15920027
0.14739405
0.13559056
0.12378963
0.11199108
0.10019477
0.088400521
0.076608227
0.064817744
0.053028939
0.041241742
0.029455957
0.017671855
0.0058888435
1.558579
1.503836
1.4426759
1.3908468
1.3478245
1.3095278
1.2745258
1.2430396
1.2151076
1.1902083
1.1676088
1.1466814
1.1269782
1.1081943
1.0901204
1.0726117
1.0555681
1.0389208
1.0226212
1.006634
0.99093216
0.97549355
0.96029925
0.94533241
0.93057763
0.91602068
0.90164827
0.887448
0.8734083
0.85951836
0.84576813
0.83214823
0.81864994
0.80526516
0.79198634
0.77880647
0.765719
0.75271786
0.73979738
0.72695227
0.7141776
0.70146878
0.68882152
0.6762318
0.66369589
0.65121029
0.63877172
0.62637713
0.61402366
0.60170863
0.58942955
0.57718408
0.56497004
0.55278538
0.54062818
0.52849667
0.51638917
0.50430412
0.49224005
0.48019559
0.46816946
0.45616047
0.4441675
0.43218949
0.42022547
0.40827454
0.39633583
0.38440855
0.37249195
0.36058533
0.34868803
0.33679943
0.32491897
0.31304612
0.30118036
0.28932126
0.27746836
0.26562128
0.25377962
0.24194303
0.23011116
0.21828371
0.20646037
0.19464088
0.18282499
0.17101247
0.15920311
0.1473967
0.13559304
0.12379196
0.11199327
0.10019681
0.088402421
0.076609991
0.064819388
0.053030446
0.041243143
0.02945714
0.017672909
0.0058894247
1.4970635
1.4707068
1.4325513
1.391851
1.3533089
1.3173112
1.2834947
1.2520435
1.2232433
1.1970454
1.1731021
1.1509792
1.1302904
1.1107301
1.092064
1.0741142
1.0567472
1.0398642
1.0233926
1.0072785
0.99148127
0.97596933
0.96071716
0.94570341
0.93090967
0.91631964
0.90191868
0.88769343
0.87363168
0.85972213
0.84595438
0.83231877
0.81880635
0.80540882
0.79211847
0.77892815
0.76583121
0.75282144
0.73989309
0.7270408
0.71425956
0.70154471
0.68889192
0.67629712
0.66375653
0.65126662
0.63882407
0.62642581
0.61406894
0.60175078
0.58946879
0.57722062
0.56500407
0.55281707
0.54065771
0.52852419
0.51641482
0.50432804
0.49226237
0.48021642
0.4681889
0.4561786
0.4441844
0.43220525
0.42024017
0.40828825
0.39634863
0.38442051
0.37250313
0.36059578
0.34869779
0.33680854
0.32492746
0.31305402
0.30118773
0.28932813
0.27747479
0.2656273
0.25378526
0.24194831
0.2301161
0.21828831
0.20646465
0.19464486
0.18282869
0.17101592
0.15920632
0.14739972
0.13559588
0.12379465
0.11199579
0.10019918
0.088404606
0.076611999
0.064821206
0.053032141
0.041244695
0.029458627
0.017674092
0.0058903883
1.4680475
1.4522018
1.4255487
1.3921886
1.3569487
1.3224386
1.2894497
1.2582743
1.2291834
1.2023136
1.177565
1.1546677
1.1333005
1.1131695
1.0940348
1.0757086
1.0580449
1.040931
1.0242803
1.008027
0.99212046
0.97652172
0.96119964
0.94612871
0.93128748
0.91665743
0.90222227
0.88796749
0.87387996
0.85994776
0.84615997
0.83250653
0.81897819
0.80556638
0.79226318
0.77906126
0.76595381
0.7529345
0.73999748
0.72713727
0.71434881
0.70162735
0.6889685
0.67636814
0.66382243
0.6513278
0.63888091
0.62647864
0.61411807
0.60179648
0.58951133
0.57726022
0.56504093
0.55285139
0.54068967
0.52855397
0.51644258
0.50435393
0.49228653
0.48023896
0.46820993
0.45619821
0.44420268
0.43222227
0.42025603
0.40830305
0.39636246
0.38443344
0.37251523
0.36060709
0.34870835
0.33681838
0.32493661
0.31306253
0.30119566
0.28933554
0.27748173
0.26563381
0.25379137
0.24195404
0.23012145
0.21829329
0.20646927
0.19464914
0.18283265
0.17101961
0.15920979
0.14740299
0.13559898
0.12379758
0.11199854
0.10020176
0.088406968
0.076614163
0.064823088
0.053033912
0.04124631
0.029460445
0.017675585
0.0058919981
1.4554999
1.4432578
1.4211846
1.3913808
1.3580177
1.3243871
1.2919305
1.2610703
1.2320216
1.2049592
1.1799012
1.1566741
1.135
1.1145968
1.095227
1.0767028
1.0588767
1.0416321
1.0248769
1.0085398
0.99256593
0.97691234
0.96154507
0.94643645
0.93156332
0.91690594
0.90244709
0.88817157
0.87406573
0.86011727
0.84631495
0.83264848
0.81910841
0.80568602
0.79237324
0.77916263
0.76604727
0.75302075
0.74007715
0.72721094
0.71441698
0.70169049
0.68902702
0.6764224
0.66387278
0.65137455
0.63892433
0.62651899
0.6141556
0.60183139
0.58954381
0.57729045
0.56506906
0.55287758
0.54071406
0.52857668
0.51646376
0.50437369
0.49230496
0.48025617
0.46822597
0.45621316
0.44421659
0.43223523
0.42026811
0.40831432
0.396373
0.38444332
0.37252447
0.36061573
0.34871639
0.33682586
0.32494356
0.31306899
0.30120169
0.28934119
0.27748704
0.2656388
0.25379606
0.24195841
0.23012551
0.21829705
0.20647275
0.19465236
0.18283566
0.17102243
0.15921244
0.14740551
0.13560136
0.12379984
0.11200064
0.10020371
0.088408738
0.076615777
0.064824467
0.053035232
0.041247548
0.029461955
0.017676899
0.0058934703
1.4554999
1.4432578
1.4211846
1.3913808
1.3580177
1.3243871
1.2919305
1.2610703
1.2320216
1.2049592
1.1799012
1.1566741
1.135
1.1145968
1.095227
1.0767028
1.0588767
1.041632
1.0248769
1.0085398
0.99256593
0.97691234
0.96154508
0.94643645
0.93156333
0.91690594
0.90244709
0.88817156
0.87406573
0.86011726
0.84631494
0.83264848
0.81910842
0.80568603
0.79237325
0.77916263
0.76604727
0.75302075
0.74007715
0.72721093
0.71441698
0.70169049
0.68902702
0.67642241
0.66387279
0.65137455
0.63892434
0.626519
0.6141556
0.60183139
0.58954381
0.57729044
0.56506905
0.55287757
0.54071405
0.52857669
0.51646378
0.50437371
0.49230498
0.48025617
0.46822596
0.45621313
0.44421656
0.43223521
0.4202681
0.40831434
0.39637303
0.38444335
0.3725245
0.36061573
0.34871637
0.33682582
0.32494352
0.31306896
0.30120168
0.28934121
0.27748708
0.26563885
0.25379609
0.24195841
0.23012549
0.21829701
0.2064727
0.19465233
0.18283564
0.17102245
0.15921249
0.14740557
0.13560141
0.12379986
0.11200063
0.10020368
0.088408672
0.076615694
0.064824405
0.053035241
0.041247634
0.029462051
0.017676941
0.005893472
1.4680475
1.4522018
1.4255487
1.3921886
1.3569487
1.3224386
1.2894497
1.2582742
1.2291834
1.2023136
1.177565
1.1546677
1.1333006
1.1131695
1.0940348
1.0757086
1.0580449
1.040931
1.0242803
1.008027
0.99212046
0.97652173
0.96119965
0.94612872
0.93128749
0.91665743
0.90222227
0.88796747
0.87387995
0.85994775
0.84615996
0.83250653
0.8189782
0.80556639
0.7922632
0.77906127
0.76595381
0.75293449
0.73999746
0.72713726
0.7143488
0.70162735
0.6889685
0.67636814
0.66382243
0.65132781
0.63888092
0.62647865
0.61411808
0.60179649
0.58951132
0.5772602
0.5650409
0.55285137
0.54068966
0.52855398
0.51644262
0.50435398
0.49228656
0.48023898
0.46820991
0.45619816
0.44420261
0.43222223
0.42025602
0.40830308
0.39636253
0.38443352
0.37251528
0.3606071
0.3487083
0.33681829
0.32493652
0.31306248
0.30119567
0.2893356
0.27748183
0.26563391
0.25379143
0.24195404
0.23012138
0.21829318
0.20646916
0.19464906
0.18283264
0.17101967
0.15920989
0.14740312
0.13559908
0.12379763
0.11199852
0.10020166
0.088406807
0.076613984
0.064822979
0.053033957
0.041246495
0.029460642
0.017675666
0.0058919981
1.4970635
1.4707068
1.4325513
1.391851
1.3533089
1.3173112
1.2834947
1.2520435
1.2232433
1.1970454
1.1731021
1.1509792
1.1302904
1.1107301
1.092064
1.0741142
1.0567472
1.0398642
1.0233926
1.0072785
0.99148127
0.97596934
0.96071717
0.94570342
0.93090968
0.91631965
0.90191867
0.88769342
0.87363166
0.85972212
0.84595437
0.83231877
0.81880636
0.80540883
0.79211848
0.77892816
0.76583121
0.75282143
0.73989308
0.72704079
0.71425955
0.70154471
0.68889192
0.67629713
0.66375654
0.65126663
0.63882408
0.62642582
0.61406895
0.60175078
0.58946878
0.5772206
0.56500404
0.55281705
0.54065771
0.5285242
0.51641486
0.50432808
0.49226239
0.48021642
0.46818887
0.45617855
0.44418435
0.43220522
0.42024017
0.40828829
0.3963487
0.38442057
0.37250317
0.36059577
0.34869773
0.33680846
0.32492739
0.31305398
0.30118775
0.2893282
0.27747488
0.26562738
0.2537853
0.2419483
0.23011603
0.21828821
0.20646456
0.1946448
0.18282868
0.17101598
0.15920643
0.14739984
0.13559598
0.12379468
0.11199575
0.10019907
0.088404448
0.07661185
0.064821138
0.053032197
0.04124484
0.029458765
0.017674154
0.0058903967
1.558579
1.503836
1.4426759
1.3908468
1.3478245
1.3095278
1.2745258
1.2430396
1.2151076
1.1902083
1.1676088
1.1466814
1.1269782
1.1081943
1.0901204
1.0726117
1.0555681
1.0389208
1.0226212
1.006634
0.99093216
0.97549356
0.96029926
0.94533242
0.93057764
0.91602068
0.90164826
0.88744799
0.87340829
0.85951835
0.84576812
0.83214823
0.81864995
0.80526517
0.79198635
0.77880647
0.765719
0.75271786
0.73979738
0.72695226
0.7141776
0.70146878
0.68882152
0.6762318
0.6636959
0.65121029
0.63877173
0.62637713
0.61402366
0.60170863
0.58942954
0.57718407
0.56497002
0.55278537
0.54062818
0.52849668
0.51638919
0.50430414
0.49224006
0.48019558
0.46816944
0.45616044
0.44416747
0.43218948
0.42022548
0.40827457
0.39633587
0.38440858
0.37249196
0.36058532
0.34868799
0.33679939
0.32491893
0.3130461
0.30118038
0.2893213
0.27746842
0.26562133
0.25377964
0.24194302
0.23011112
0.21828364
0.20646031
0.19464085
0.18282499
0.17101252
0.15920318
0.14739678
0.1355931
0.12379198
0.11199323
0.10019673
0.088402325
0.076609911
0.064819353
0.053030466
0.041243197
0.029457197
0.017672951
0.0058894421
1.6803192
1.5603209
1.4644463
1.4005787
1.351982
1.3093852
1.2715543
1.2388437
1.2107357
1.1861471
1.1640601
1.1437128
1.1245746
1.106289
1.0886245
1.0714365
1.0546368
1.0381719
1.0220079
1.0061218
0.99049621
0.97511609
0.95996768
0.94503771
0.93031331
0.91578194
0.90143148
0.88725036
0.87322754
0.85935264
0.84561589
0.83200814
0.81852084
0.80514603
0.79187629
0.77870469
0.76562478
0.75263057
0.73971644
0.72687717
0.71410788
0.70140402
0.68876133
0.67617584
0.66364383
0.65116184
0.63872662
0.62633513
0.61398453
0.60167217
0.58939557
0.57715241
0.56494051
0.55275785
0.54060252
0.52847274
0.51636685
0.50428329
0.4922206
0.48017744
0.46815251
0.45614465
0.44415273
0.43217572
0.42021263
0.40826256
0.39632466
0.38439811
0.37248219
0.3605762
0.34867949
0.33679145
0.32491153
0.31303918
0.30117391
0.28931525
0.27746276
0.26561604
0.25377471
0.24193842
0.23010683
0.21827965
0.20645658
0.19463736
0.18282173
0.17100946
0.15920032
0.1473941
0.13559059
0.12378964
0.11199106
0.10019472
0.088400465
0.076608178
0.064817712
0.053028926
0.04124175
0.029455986
0.017671889
0.0058888608
)
;

boundaryField
{
    top
    {
        type            zeroGradient;
    }
    bottom
    {
        type            zeroGradient;
    }
    inlet
    {
        type            zeroGradient;
    }
    outlet
    {
        type            fixedValue;
        value           uniform 0;
    }
    front
    {
        type            empty;
    }
    back
    {
        type            empty;
    }
}


// ************************************************************************* //
