/*--------------------------------*- C++ -*----------------------------------*\
  =========                 |
  \\      /  F ield         | OpenFOAM: The Open Source CFD Toolbox
   \\    /   O peration     | Website:  https://openfoam.org
    \\  /    A nd           | Version:  13
     \\/     M anipulation  |
\*---------------------------------------------------------------------------*/
FoamFile
{
    format      ascii;
    class       surfaceScalarField;
    location    "13";
    object      phi;
}
// * * * * * * * * * * * * * * * * * * * * * * * * * * * * * * * * * * * * * //

dimensions      [0 3 -1 0 0 0 0];

internalField   nonuniform List<scalar> 
1890
(
0.0093140727
0.00068592734
0.0082963401
0.0010177326
0.0073480838
0.00094825625
0.0065167791
0.00083130473
0.0058112103
0.00070556886
0.0052369127
0.00057429754
0.0047862484
0.00045066426
0.004441012
0.00034523641
0.0041802971
0.00026071489
0.0039843511
0.00019594607
0.0038366531
0.00014769799
0.003724003
0.00011265009
0.0036363473
8.7655678e-05
0.0035663586
6.998877e-05
0.0035088729
5.7485613e-05
0.0034603388
4.8534123e-05
0.0034183544
4.1984432e-05
0.0033813121
3.7042259e-05
0.0033481383
3.3173818e-05
0.003318109
3.0029285e-05
0.0032907249
2.7384165e-05
0.0032656285
2.5096347e-05
0.0032425523
2.3076194e-05
0.0032212857
2.1266635e-05
0.0032016553
1.963041e-05
0.0031835132
1.8142104e-05
0.0031667299
1.678331e-05
0.0031511901
1.5539789e-05
0.0031367902
1.4399856e-05
0.0031234367
1.3353495e-05
0.0031110448
1.2391887e-05
0.0030995377
1.1507159e-05
0.0030888454
1.0692234e-05
0.0030789047
9.940749e-06
0.0030696577
9.2469778e-06
0.0030610519
8.6057788e-06
0.0030530394
8.0125393e-06
0.0030455763
7.4631226e-06
0.0030386225
6.9538187e-06
0.0030321412
6.4812959e-06
0.0030260986
6.0425577e-06
0.0030204637
5.6349023e-06
0.0030152078
5.2558882e-06
0.0030103045
4.9033036e-06
0.0030057294
4.5751396e-06
0.0030014598
4.2695677e-06
0.0029974749
3.984919e-06
0.0029937552
3.7196676e-06
0.0029902828
3.4724148e-06
0.0029870409
3.2418761e-06
0.0029840141
3.0268702e-06
0.0029811877
2.8263091e-06
0.0029785486
2.6391895e-06
0.002976084
2.464585e-06
0.0029737823
2.3016376e-06
0.0029716328
2.1495517e-06
0.0029696252
2.0075871e-06
0.0029677501
1.8750544e-06
0.0029659988
1.7513126e-06
0.0029643631
1.6357655e-06
0.0029628352
1.5278621e-06
0.0029614081
1.4270922e-06
0.0029600751
1.3329845e-06
0.00295883
1.2451013e-06
0.002957667
1.1630335e-06
0.0029565806
1.0863953e-06
0.0029555658
1.0148241e-06
0.0029546178
9.4797488e-07
0.0029537323
8.855287e-07
0.0029529051
8.2718509e-07
0.0029521324
7.7267558e-07
0.0029514107
7.2174746e-07
0.0029507365
6.7417923e-07
0.0029501067
6.2975175e-07
0.0029495184
5.8827418e-07
0.0029489689
5.4953792e-07
0.0029484555
5.1337428e-07
0.002947976
4.7957642e-07
0.002947528
4.4801182e-07
0.0029471095
4.1848127e-07
0.0029467186
3.90912e-07
0.0029463534
3.651032e-07
0.0029460124
3.4105587e-07
0.0029456938
3.185272e-07
0.0029453962
2.9760618e-07
0.0029451183
2.7794677e-07
0.0029448585
2.5977331e-07
0.002944616
2.4256843e-07
0.0029443892
2.2678242e-07
0.0029441776
2.1163487e-07
0.0029439796
1.9793685e-07
0.0029437951
1.8453906e-07
0.0029436223
1.7273924e-07
0.0029434614
1.6090892e-07
0.0029433105
1.5079667e-07
0.0029431699
1.405896e-07
0.002943038
1.3195103e-07
0.0029429134
1.2465578e-07
0.0029427969
1.1654809e-07
1.1721859e-07
0.010341662
0.00034426525
0.010578184
0.00078121018
0.010615671
0.00091076959
0.010553945
0.0008930309
0.010425822
0.00083369229
0.010248587
0.00075153209
0.010044962
0.0006542893
0.0098354604
0.00055473798
0.0096327827
0.00046339255
0.0094437308
0.000384998
0.0092713466
0.00032008221
0.009116574
0.00026742268
0.0089789731
0.00022525661
0.0088572402
0.0001917216
0.0087496634
0.00016506247
0.0086544455
0.00014375196
0.00856989
0.00012654001
0.0084944844
0.00011244776
0.0084269262
0.00010073203
0.0083661157
9.0839861e-05
0.0083111354
8.2364449e-05
0.0082612243
7.5007437e-05
0.0082157512
6.8549283e-05
0.0081741908
6.282704e-05
0.0081361031
5.7718144e-05
0.0081011164
5.3128776e-05
0.0080689141
4.8985628e-05
0.0080392237
4.5230166e-05
0.0080118089
4.1814674e-05
0.0079864628
3.8699541e-05
0.0079630033
3.5851381e-05
0.0079412688
3.3241699e-05
0.0079211151
3.0845941e-05
0.0079024131
2.8642781e-05
0.0078850465
2.6613579e-05
0.0078689103
2.4741963e-05
0.0078539093
2.3013486e-05
0.0078399571
2.1415351e-05
0.0078269747
1.9936182e-05
0.0078148902
1.8565827e-05
0.0078036376
1.7295199e-05
0.0077931563
1.6116138e-05
0.0077833909
1.5021291e-05
0.0077742902
1.4004015e-05
0.0077658071
1.3058291e-05
0.007757898
1.2178648e-05
0.0077505228
1.1360104e-05
0.0077436444
1.0598109e-05
0.0077372283
9.8884988e-06
0.0077312427
9.2274605e-06
0.0077256581
8.6114947e-06
0.007720447
8.0373863e-06
0.007715584
7.5021769e-06
0.0077110454
7.003137e-06
0.0077068093
6.5377425e-06
0.0077028552
6.1036544e-06
0.0076991641
5.6987012e-06
0.0076957183
5.3208679e-06
0.0076925014
4.9682864e-06
0.0076894979
4.6392282e-06
0.0076866937
4.3320975e-06
0.0076840753
4.0454174e-06
0.0076816305
3.7778212e-06
0.0076793475
3.5280337e-06
0.0076772157
3.2948625e-06
0.0076752249
3.0771855e-06
0.0076733658
2.8739518e-06
0.0076716297
2.6841745e-06
0.0076700082
2.5069451e-06
0.007668494
2.3414168e-06
0.0076670798
2.1868262e-06
0.0076657591
2.0424512e-06
0.0076645256
1.9076467e-06
0.0076633736
1.7817727e-06
0.0076622976
1.6642642e-06
0.0076612926
1.5545245e-06
0.007660354
1.4520641e-06
0.0076594773
1.3563195e-06
0.0076586584
1.2669099e-06
0.0076578935
1.1833036e-06
0.0076571791
1.1052696e-06
0.0076565119
1.0322645e-06
0.0076558887
9.6423878e-07
0.0076553067
9.0053782e-07
0.007654763
8.4134686e-07
0.0076542552
7.8574471e-07
0.0076537807
7.3430044e-07
0.0076533377
6.8560967e-07
0.0076529236
6.4093645e-07
0.0076525372
5.9803764e-07
0.0076521757
5.5940062e-07
0.0076518388
5.2128899e-07
0.0076515232
4.8833814e-07
0.0076512299
4.5414354e-07
0.0076509537
4.2696686e-07
0.007650699
3.9545433e-07
0.0076504566
3.7446413e-07
0.0076502374
3.4394188e-07
0.0076500221
3.317867e-07
3.0216439e-07
0.010181464
0.00016280099
0.010521798
0.00044087647
0.010842482
0.00059008571
0.011112769
0.00062274377
0.01133602
0.00061044158
0.011508579
0.00057897245
0.011630744
0.0005321246
0.011709907
0.00047557511
0.011755697
0.00041760214
0.011776644
0.00036405134
0.011779503
0.00031722361
0.011769652
0.00027727351
0.01175133
0.00024357853
0.011727726
0.00021532527
0.011701127
0.00019166164
0.011673116
0.00017176285
0.011644765
0.00015489117
0.011616781
0.0001404321
0.011589614
0.00012789903
0.011563536
0.00011691717
0.0115387
0.00010720077
0.011515175
9.8531967e-05
0.011492981
9.0743696e-05
0.011472102
8.3706578e-05
0.011452501
7.7319052e-05
0.011434129
7.1499994e-05
0.011416932
6.6183318e-05
0.011400848
6.1314117e-05
0.011385816
5.6845944e-05
0.011371777
5.2738913e-05
0.01135867
4.8958357e-05
0.011346438
4.5473857e-05
0.011335025
4.2258526e-05
0.01132438
3.9288473e-05
0.011314451
3.6542368e-05
0.011305192
3.4001105e-05
0.011296558
3.1647515e-05
0.011288507
2.9466129e-05
0.011281
2.7442976e-05
0.011274001
2.5565407e-05
0.011267474
2.3821951e-05
0.011261388
2.2202184e-05
0.011255712
2.0696616e-05
0.01125042
1.9296591e-05
0.011245484
1.7994198e-05
0.01124088
1.6782192e-05
0.011236587
1.5653926e-05
0.011232581
1.4603291e-05
0.011228845
1.3624673e-05
0.01122536
1.2712905e-05
0.011222108
1.1863231e-05
0.011219074
1.107127e-05
0.011216243
1.0332978e-05
0.011213602
9.6446123e-06
0.011211137
9.0027011e-06
0.011208837
8.4040165e-06
0.01120669
7.845561e-06
0.011204686
7.3245521e-06
0.011202816
6.838416e-06
0.01120107
6.3847754e-06
0.011199441
5.9614347e-06
0.01119792
5.5663596e-06
0.0111965
5.1976568e-06
0.011195175
4.8535512e-06
0.011193937
4.5323782e-06
0.011192782
4.232569e-06
0.011191703
3.9526652e-06
0.011190696
3.6913073e-06
0.011189756
3.4472552e-06
0.011188878
3.2193594e-06
0.011188058
3.0065775e-06
0.011187292
2.8079142e-06
0.011186578
2.6224645e-06
0.01118591
2.4493202e-06
0.011185287
2.2876816e-06
0.011184705
2.1367081e-06
0.011184161
1.9957321e-06
0.011183653
1.8639872e-06
0.011183179
1.7409798e-06
0.011182736
1.6259828e-06
0.011182323
1.5187036e-06
0.011181937
1.4183567e-06
0.011181576
1.3249049e-06
0.011181239
1.2373529e-06
0.011180925
1.156054e-06
0.011180631
1.0795622e-06
0.011180356
1.0089177e-06
0.0111801
9.4181171e-07
0.011179861
8.8055922e-07
0.011179637
8.2126182e-07
0.011179428
7.6860413e-07
0.011179234
7.1560454e-07
0.011179051
6.7126774e-07
0.011178882
6.2294979e-07
0.011178721
5.8761692e-07
0.011178575
5.417725e-07
0.011178434
5.1611812e-07
0.011178309
4.6852604e-07
0.011178186
4.544983e-07
4.0591393e-07
0.010094914
6.7887459e-05
0.010340233
0.00019555688
0.01065185
0.00027846872
0.010969203
0.00030539076
0.011273712
0.00030593222
0.01155641
0.00029627538
0.011809194
0.00027934034
0.012028326
0.00025644287
0.012214936
0.00023099243
0.012372692
0.0002062952
0.012505836
0.00018407978
0.012618428
0.00016468135
0.012714101
0.00014790567
0.012795956
0.00013346964
0.012866554
0.00012106423
0.01292795
0.00011036698
0.012981772
0.00010106927
0.0130293
9.2903853e-05
0.013071543
8.5655956e-05
0.0131093
7.9159834e-05
0.013143212
7.3289231e-05
0.013173796
6.794786e-05
0.013201478
6.3061794e-05
0.013226611
5.8573672e-05
0.013249491
5.4438287e-05
0.013270372
5.0619241e-05
0.013289469
4.7086487e-05
0.013306969
4.381459e-05
0.013323033
4.0781527e-05
0.013337804
3.7967886e-05
0.013351406
3.535632e-05
0.013363949
3.2931173e-05
0.013375529
3.0678217e-05
0.013386233
2.8584468e-05
0.013396137
2.6638033e-05
0.01340531
2.4827997e-05
0.013413814
2.3144323e-05
0.013421702
2.1577767e-05
0.013429025
2.011981e-05
0.013435828
1.8762595e-05
0.013442151
1.7498873e-05
0.013448031
1.6321956e-05
0.013453502
1.5225667e-05
0.013458595
1.4204299e-05
0.013463336
1.3252572e-05
0.013467753
1.2365595e-05
0.013471868
1.1538832e-05
0.013475703
1.0768078e-05
0.013479278
1.0049437e-05
0.013482612
9.3793008e-06
0.013485721
8.7543294e-06
0.013488621
8.1714287e-06
0.013491326
7.6277248e-06
0.01349385
7.1205413e-06
0.013496205
6.64738e-06
0.013498403
6.2059093e-06
0.013500455
5.7939576e-06
0.01350237
5.4095102e-06
0.013504158
5.0507059e-06
0.013505827
4.7158246e-06
0.013507385
4.4032748e-06
0.01350884
4.111573e-06
0.013510198
3.8393271e-06
0.013511466
3.5852223e-06
0.013512651
3.3480198e-06
0.013513757
3.1265567e-06
0.01351479
2.9197603e-06
0.013515754
2.7266419e-06
0.013516655
2.5463093e-06
0.013517496
2.3779322e-06
0.013518282
2.2207522e-06
0.013519016
2.0740294e-06
0.013519702
1.9370793e-06
0.013520342
1.8092069e-06
0.01352094
1.6898061e-06
0.013521498
1.5782461e-06
0.01352202
1.4740497e-06
0.013522507
1.3766642e-06
0.013522962
1.2857603e-06
0.013523387
1.2007965e-06
0.013523785
1.1215829e-06
0.013524155
1.047493e-06
0.013524502
9.7853424e-07
0.013524826
9.1387801e-07
0.013525128
8.5387918e-07
0.01352541
7.9731338e-07
0.013525674
7.4517249e-07
0.01352592
6.9544267e-07
0.01352615
6.5029617e-07
0.013526365
6.0625604e-07
0.013526566
5.6766143e-07
0.013526753
5.2814419e-07
0.013526929
4.9594775e-07
0.013527092
4.5963339e-07
0.013527246
4.3454742e-07
0.013527388
3.9971201e-07
0.013527522
3.8185274e-07
0.013527646
3.4466962e-07
0.013527765
3.3475422e-07
2.9836992e-07
0.010067887
-7.5436451e-13
0.010263444
-1.8791739e-12
0.010541913
-3.3964255e-12
0.010847304
-4.0900862e-12
0.011153236
-2.8927001e-12
0.011449511
1.4213591e-13
0.011728852
3.80923e-12
0.011985295
6.2486007e-12
0.012216287
6.3614365e-12
0.012422582
4.3975441e-12
0.012606662
1.1847793e-12
0.012771343
-1.7858204e-12
0.012919249
-3.570797e-12
0.013052719
-3.9048693e-12
0.013173783
-4.0372517e-12
0.01328415
-3.9005987e-12
0.013385219
-3.2699807e-12
0.013478123
-1.8873637e-12
0.013563779
3.7956537e-13
0.013642939
2.8864987e-12
0.013716228
6.0326232e-12
0.013784176
7.174673e-12
0.013847238
5.3336557e-12
0.013905811
8.7055118e-13
0.01396025
-4.5732968e-12
0.014010869
-7.5045919e-12
0.014057955
-7.8375793e-12
0.01410177
-3.8403969e-12
0.014142552
2.4958258e-12
0.014180519
8.3114968e-12
0.014215876
1.0021461e-11
0.014248807
6.1033465e-12
0.014279485
-3.6804745e-13
0.01430807
-7.0119989e-12
0.014334708
-1.044143e-11
0.014359536
-8.7878686e-12
0.01438268
-1.7075897e-12
0.014404258
5.0459101e-12
0.014424378
8.7021579e-12
0.01444314
8.1487591e-12
0.014460639
3.7331188e-12
0.014476961
-1.9692645e-12
0.014492187
-5.7495505e-12
0.014506391
-3.9166357e-12
0.014519644
9.0194755e-13
0.014532009
5.6569333e-12
0.014543548
6.9764542e-12
0.014554316
2.0039818e-12
0.014564365
-6.7802257e-12
0.014573745
-1.4516784e-11
0.014582499
-1.5349796e-11
0.01459067
-6.0206348e-12
0.014598298
1.1035333e-11
0.014605419
2.8023816e-11
0.014612066
3.5925155e-11
0.014618272
2.8814418e-11
0.014624066
6.005863e-12
0.014629475
-2.3260579e-11
0.014634526
-4.585869e-11
0.014639242
-5.0136748e-11
0.014643645
-3.0755921e-11
0.014647757
7.2184037e-12
0.014651596
4.8905845e-11
0.014655182
7.5538156e-11
0.01465853
7.2912683e-11
0.014661656
4.0624874e-11
0.014664576
-1.152869e-11
0.014667302
-6.0338592e-11
0.014669848
-8.4178908e-11
0.014672226
-7.1031904e-11
0.014674447
-2.5638327e-11
0.014676522
3.5895721e-11
0.014678459
8.8035905e-11
0.014680268
1.0819926e-10
0.014681957
8.8708911e-11
0.014683536
3.8561144e-11
0.014685009
-2.4860467e-11
0.014686386
-7.4669584e-11
0.014687672
-9.2833049e-11
0.014688873
-7.3112965e-11
0.014689994
-2.7384191e-11
0.014691042
3.1620412e-11
0.014692021
8.4574587e-11
0.014692935
1.1400941e-10
0.014693788
1.1133672e-10
0.014694585
7.9924091e-11
0.01469533
2.2064626e-11
0.014696026
-4.3005356e-11
0.014696676
-9.2396644e-11
0.014697282
-1.0608625e-10
0.01469785
-9.806132e-11
0.014698378
-6.7718471e-11
0.014698875
1.8476126e-11
0.014699335
1.6266622e-10
0.014699769
2.6576764e-10
0.014700168
1.7766991e-10
0.014700549
-5.8436698e-11
0.014700894
-1.9099772e-10
0.014701229
-5.4590355e-11
5.9518253e-11
0.010067887
-6.7887461e-05
0.010263444
-0.00019555689
0.010541913
-0.00027846873
0.010847304
-0.00030539077
0.011153236
-0.00030593223
0.011449511
-0.00029627538
0.011728852
-0.00027934033
0.011985295
-0.00025644286
0.012216287
-0.00023099242
0.012422582
-0.00020629519
0.012606662
-0.00018407978
0.012771343
-0.00016468135
0.012919249
-0.00014790567
0.013052719
-0.00013346965
0.013173783
-0.00012106424
0.01328415
-0.00011036698
0.013385219
-0.00010106928
0.013478123
-9.2903858e-05
0.013563779
-8.5655957e-05
0.013642939
-7.915983e-05
0.013716228
-7.3289223e-05
0.013784176
-6.7947851e-05
0.013847238
-6.3061787e-05
0.013905811
-5.857367e-05
0.01396025
-5.443829e-05
0.014010869
-5.0619248e-05
0.014057955
-4.7086494e-05
0.01410177
-4.3814592e-05
0.014142552
-4.0781523e-05
0.014180519
-3.7967879e-05
0.014215876
-3.5356313e-05
0.014248807
-3.2931171e-05
0.014279485
-3.0678222e-05
0.01430807
-2.8584478e-05
0.014334708
-2.6638044e-05
0.014359536
-2.4828002e-05
0.01438268
-2.3144319e-05
0.014404258
-2.1577756e-05
0.014424378
-2.0119797e-05
0.01444314
-1.8762586e-05
0.014460639
-1.7498872e-05
0.014476961
-1.6321962e-05
0.014492187
-1.5225676e-05
0.014506391
-1.4204306e-05
0.014519644
-1.3252572e-05
0.014532009
-1.2365589e-05
0.014543548
-1.1538824e-05
0.014554316
-1.0768075e-05
0.014564365
-1.0049443e-05
0.014573745
-9.3793132e-06
0.014582499
-8.7543407e-06
0.01459067
-8.1714284e-06
0.014598298
-7.6277069e-06
0.014605419
-7.1205083e-06
0.014612066
-6.6473433e-06
0.014618272
-6.2058855e-06
0.014624066
-5.7939602e-06
0.014629475
-5.4095428e-06
0.014634526
-5.0507567e-06
0.014639242
-4.715871e-06
0.014643645
-4.4032929e-06
0.014647757
-4.1115469e-06
0.014651596
-3.8392595e-06
0.014655182
-3.5851348e-06
0.01465853
-3.3479454e-06
0.014661656
-3.1265262e-06
0.014664576
-2.9197871e-06
0.014667302
-2.7267155e-06
0.014669848
-2.5463972e-06
0.014672227
-2.3779933e-06
0.014674447
-2.2207562e-06
0.014676522
-2.0739665e-06
0.014678459
-1.9369676e-06
0.014680268
-1.8090848e-06
0.014681957
-1.6897145e-06
0.014683536
-1.5782162e-06
0.014685009
-1.4740872e-06
0.014686386
-1.376748e-06
0.014687672
-1.2858532e-06
0.014688873
-1.2008589e-06
0.014689995
-1.12159e-06
0.014691042
-1.0474357e-06
0.014692021
-9.7842404e-07
0.014692935
-9.1374225e-07
0.014693788
-8.5375352e-07
0.014694586
-7.9722981e-07
0.014695331
-7.4515167e-07
0.014696026
-6.9548966e-07
0.014696676
-6.5039384e-07
0.014697282
-6.063696e-07
0.01469785
-5.6776249e-07
0.014698379
-5.2818413e-07
0.014698875
-4.9588042e-07
0.014699335
-4.5943868e-07
0.014699769
-4.3430269e-07
0.014700168
-3.9958417e-07
0.01470055
-3.819027e-07
0.014700894
-3.4482839e-07
0.014701229
-3.3474675e-07
-2.9825145e-07
0.010094914
-0.00016280099
0.010340233
-0.00044087647
0.01065185
-0.00059008571
0.010969203
-0.00062274377
0.011273712
-0.00061044158
0.01155641
-0.00057897245
0.011809194
-0.0005321246
0.012028326
-0.00047557511
0.012214936
-0.00041760214
0.012372692
-0.00036405133
0.012505836
-0.0003172236
0.012618428
-0.0002772735
0.012714101
-0.00024357853
0.012795956
-0.00021532527
0.012866554
-0.00019166164
0.01292795
-0.00017176286
0.012981772
-0.00015489117
0.0130293
-0.0001404321
0.013071543
-0.00012789904
0.0131093
-0.00011691717
0.013143212
-0.00010720077
0.013173796
-9.8531968e-05
0.013201478
-9.0743695e-05
0.013226611
-8.3706573e-05
0.013249491
-7.7319043e-05
0.013270372
-7.1499982e-05
0.013289469
-6.6183307e-05
0.013306969
-6.131411e-05
0.013323033
-5.6845946e-05
0.013337804
-5.2738924e-05
0.013351406
-4.8958374e-05
0.013363949
-4.5473874e-05
0.013375529
-4.2258538e-05
0.013386233
-3.9288475e-05
0.013396137
-3.6542359e-05
0.01340531
-3.4001088e-05
0.013413814
-3.1647497e-05
0.013421702
-2.9466116e-05
0.013429025
-2.7442971e-05
0.013435828
-2.556541e-05
0.013442151
-2.382196e-05
0.013448031
-2.2202195e-05
0.013453502
-2.0696626e-05
0.013458595
-1.9296599e-05
0.013463336
-1.7994204e-05
0.013467753
-1.6782195e-05
0.013471868
-1.5653925e-05
0.013475703
-1.4603285e-05
0.013479278
-1.3624659e-05
0.013482612
-1.2712885e-05
0.013485721
-1.186321e-05
0.013488621
-1.1071256e-05
0.013491326
-1.0332978e-05
0.01349385
-9.6446286e-06
0.013496205
-9.0027295e-06
0.013498403
-8.4040467e-06
0.013500455
-7.8455786e-06
0.01350237
-7.3245465e-06
0.013504158
-6.8383849e-06
0.013505827
-6.3847272e-06
0.013507385
-5.9613861e-06
0.01350884
-5.5663296e-06
0.013510198
-5.1976586e-06
0.013511466
-4.8535847e-06
0.013512651
-4.5324289e-06
0.013513757
-4.2326138e-06
0.01351479
-3.952681e-06
0.013515754
-3.6912825e-06
0.013516655
-3.4471955e-06
0.013517497
-3.2192847e-06
0.013518282
-3.0065154e-06
0.013519016
-2.8078875e-06
0.013519702
-2.6224813e-06
0.013520342
-2.4493704e-06
0.01352094
-2.28774e-06
0.013521498
-2.1367466e-06
0.01352202
-1.9957305e-06
0.013522507
-1.8639417e-06
0.013522962
-1.7409044e-06
0.013523387
-1.6259004e-06
0.013523785
-1.518639e-06
0.013524156
-1.4183275e-06
0.013524502
-1.3249163e-06
0.013524826
-1.2373955e-06
0.013525128
-1.1561086e-06
0.01352541
-1.0796064e-06
0.013525674
-1.0089283e-06
0.01352592
-9.4177637e-07
0.01352615
-8.8048677e-07
0.013526365
-8.2117251e-07
0.013526566
-7.6851429e-07
0.013526754
-7.1552157e-07
0.013526929
-6.7123467e-07
0.013527092
-6.2303205e-07
0.013527246
-5.8781014e-07
0.013527388
-5.4195031e-07
0.013527522
-5.1609511e-07
0.013527646
-4.683443e-07
0.013527765
-4.5429368e-07
-4.0578962e-07
0.010181464
-0.00034426525
0.010521798
-0.00078121018
0.010842482
-0.00091076959
0.011112769
-0.00089303089
0.01133602
-0.00083369228
0.011508579
-0.00075153209
0.011630744
-0.0006542893
0.011709907
-0.00055473799
0.011755697
-0.00046339255
0.011776644
-0.000384998
0.011779503
-0.00032008221
0.011769652
-0.00026742267
0.01175133
-0.0002252566
0.011727726
-0.0001917216
0.011701127
-0.00016506247
0.011673116
-0.00014375196
0.011644765
-0.00012654001
0.011616781
-0.00011244777
0.011589614
-0.00010073203
0.011563536
-9.0839871e-05
0.0115387
-8.2364459e-05
0.011515175
-7.5007444e-05
0.011492981
-6.8549284e-05
0.011472101
-6.2827032e-05
0.011452501
-5.7718127e-05
0.011434129
-5.3128755e-05
0.011416932
-4.898561e-05
0.011400848
-4.5230158e-05
0.011385816
-4.181468e-05
0.011371777
-3.8699561e-05
0.01135867
-3.5851407e-05
0.011346438
-3.3241722e-05
0.011335025
-3.0845953e-05
0.01132438
-2.8642777e-05
0.011314451
-2.6613562e-05
0.011305192
-2.474194e-05
0.011296558
-2.3013464e-05
0.011288507
-2.1415338e-05
0.011281
-1.9936179e-05
0.011274001
-1.8565833e-05
0.011267474
-1.729521e-05
0.011261388
-1.6116151e-05
0.011255712
-1.5021303e-05
0.01125042
-1.4004027e-05
0.011245484
-1.3058301e-05
0.01124088
-1.2178654e-05
0.011236587
-1.1360102e-05
0.011232581
-1.0598094e-05
0.011228845
-9.8884722e-06
0.01122536
-9.2274278e-06
0.011222108
-8.6114675e-06
0.011219074
-8.0373779e-06
0.011216243
-7.5021951e-06
0.011213602
-7.0031796e-06
0.011211137
-6.5377955e-06
0.011208837
-6.1036958e-06
0.01120669
-5.6987103e-06
0.011204686
-5.3208347e-06
0.011202816
-4.9682185e-06
0.01120107
-4.6391497e-06
0.011199441
-4.3320397e-06
0.01119792
-4.0454072e-06
0.0111965
-3.7778666e-06
0.011195175
-3.5281192e-06
0.011193937
-3.2949536e-06
0.011192782
-3.0772416e-06
0.011191703
-2.8739447e-06
0.011190696
-2.6841011e-06
0.011189756
-2.5068307e-06
0.011188878
-2.3413056e-06
0.011188058
-2.1867622e-06
0.011187293
-2.0424616e-06
0.011186578
-1.9077273e-06
0.01118591
-1.7818907e-06
0.011185287
-1.6643713e-06
0.011184705
-1.5545754e-06
0.011184161
-1.4520359e-06
0.011183653
-1.3562196e-06
0.011183179
-1.2667726e-06
0.011182737
-1.1831758e-06
0.011182323
-1.1051936e-06
0.011181937
-1.0322662e-06
0.011181576
-9.6431643e-07
0.01118124
-9.0066439e-07
0.011180925
-8.4147922e-07
0.011180631
-7.8583525e-07
0.011180356
-7.3431256e-07
0.0111801
-6.855307e-07
0.011179861
-6.4078558e-07
0.011179637
-5.9785461e-07
0.011179428
-5.5923508e-07
0.011179234
-5.2120228e-07
0.011179051
-4.8839718e-07
0.011178882
-4.5436984e-07
0.011178721
-4.2726386e-07
0.011178575
-3.9563623e-07
0.011178434
-3.7440869e-07
0.011178309
-3.4373607e-07
0.011178186
-3.3157883e-07
-3.020473e-07
0.010341662
-0.00068592735
0.010578184
-0.0010177326
0.010615671
-0.00094825624
0.010553945
-0.00083130473
0.010425822
-0.00070556886
0.010248587
-0.00057429754
0.010044962
-0.00045066426
0.0098354604
-0.00034523641
0.0096327827
-0.0002607149
0.0094437308
-0.00019594607
0.0092713466
-0.00014769799
0.009116574
-0.00011265009
0.0089789731
-8.7655674e-05
0.0088572402
-6.9988766e-05
0.0087496634
-5.7485609e-05
0.0086544455
-4.853412e-05
0.00856989
-4.1984431e-05
0.0084944845
-3.7042262e-05
0.0084269262
-3.3173823e-05
0.0083661157
-3.0029292e-05
0.0083111354
-2.7384172e-05
0.0082612243
-2.5096352e-05
0.0082157512
-2.3076193e-05
0.0081741908
-2.1266629e-05
0.0081361031
-1.96304e-05
0.0081011164
-1.8142092e-05
0.0080689141
-1.67833e-05
0.0080392237
-1.5539786e-05
0.0080118089
-1.4399861e-05
0.0079864628
-1.3353507e-05
0.0079630033
-1.2391902e-05
0.0079412688
-1.1507171e-05
0.0079211151
-1.069224e-05
0.007902413
-9.9407462e-06
0.0078850465
-9.2469682e-06
0.0078689103
-8.6057662e-06
0.0078539093
-8.0125279e-06
0.0078399571
-7.4631157e-06
0.0078269748
-6.9538172e-06
0.0078148902
-6.4812991e-06
0.0078036376
-6.0425639e-06
0.0077931563
-5.63491e-06
0.0077833909
-5.2558963e-06
0.0077742902
-4.9033112e-06
0.0077658071
-4.5751454e-06
0.007757898
-4.2695696e-06
0.0077505228
-3.9849149e-06
0.0077436444
-3.7196564e-06
0.0077372283
-3.4723979e-06
0.0077312427
-3.2418582e-06
0.0077256581
-3.0268582e-06
0.007720447
-2.8263094e-06
0.007715584
-2.6392048e-06
0.0077110455
-2.4646116e-06
0.0077068093
-2.3016663e-06
0.0077028552
-2.1495702e-06
0.0076991641
-2.0075855e-06
0.0076957183
-1.8750302e-06
0.0076925014
-1.7512725e-06
0.007689498
-1.6357246e-06
0.0076866937
-1.5278374e-06
0.0076840754
-1.4270957e-06
0.0076816305
-1.3330175e-06
0.0076793475
-1.2451518e-06
0.0076772157
-1.1630812e-06
0.0076752249
-1.0864194e-06
0.0076733658
-1.0148119e-06
0.0076716296
-9.4792879e-07
0.0076700083
-8.8546517e-07
0.0076684941
-8.2712922e-07
0.00766708
-7.7265023e-07
0.0076657592
-7.2176383e-07
0.0076645257
-6.7423209e-07
0.0076633736
-6.2982045e-07
0.0076622976
-5.8833183e-07
0.0076612926
-5.4956116e-07
0.0076603539
-5.1335264e-07
0.0076594773
-4.795167e-07
0.0076586584
-4.4793437e-07
0.0076578937
-4.1841329e-07
0.0076571793
-3.9087746e-07
0.0076565121
-3.651148e-07
0.0076558889
-3.4111093e-07
0.0076553068
-3.1860761e-07
0.007654763
-2.9768544e-07
0.0076542552
-2.7799721e-07
0.0076537807
-2.5977474e-07
0.0076533377
-2.4251607e-07
0.0076529237
-2.2668854e-07
0.0076525374
-2.1152653e-07
0.007652176
-1.9784911e-07
0.0076518392
-1.845101e-07
0.0076515235
-1.7279695e-07
0.0076512301
-1.6103995e-07
0.0076509538
-1.5093906e-07
0.007650699
-1.4066337e-07
0.0076504566
-1.3191986e-07
0.0076502374
-1.2457835e-07
0.0076500222
-1.1645743e-07
-1.1714812e-07
0.0093140727
0.0082963401
0.0073480838
0.0065167791
0.0058112103
0.0052369127
0.0047862485
0.004441012
0.0041802971
0.0039843511
0.0038366531
0.003724003
0.0036363473
0.0035663586
0.0035088729
0.0034603388
0.0034183544
0.0033813121
0.0033481383
0.003318109
0.0032907248
0.0032656285
0.0032425523
0.0032212857
0.0032016553
0.0031835132
0.0031667299
0.0031511901
0.0031367902
0.0031234367
0.0031110448
0.0030995377
0.0030888454
0.0030789047
0.0030696577
0.0030610519
0.0030530394
0.0030455763
0.0030386225
0.0030321412
0.0030260986
0.0030204637
0.0030152078
0.0030103045
0.0030057293
0.0030014598
0.0029974749
0.0029937552
0.0029902828
0.002987041
0.0029840141
0.0029811878
0.0029785486
0.002976084
0.0029737823
0.0029716327
0.0029696252
0.0029677501
0.0029659989
0.0029643631
0.0029628353
0.0029614082
0.0029600752
0.00295883
0.0029576669
0.0029565805
0.0029555657
0.0029546178
0.0029537323
0.0029529052
0.0029521325
0.0029514108
0.0029507365
0.0029501067
0.0029495184
0.0029489688
0.0029484555
0.002947976
0.002947528
0.0029471096
0.0029467187
0.0029463536
0.0029460125
0.0029456939
0.0029453962
0.0029451182
0.0029448584
0.0029446159
0.0029443892
0.0029441777
0.0029439798
0.0029437953
0.0029436225
0.0029434615
0.0029433106
0.0029431699
0.002943038
0.0029429134
0.0029427969
)
;

boundaryField
{
    top
    {
        type            calculated;
        value           uniform 0;
    }
    bottom
    {
        type            calculated;
        value           uniform 0;
    }
    inlet
    {
        type            calculated;
        value           nonuniform List<scalar> 10(-0.01 -0.01 -0.01 -0.01 -0.01 -0.01 -0.01 -0.01 -0.01 -0.01);
    }
    outlet
    {
        type            calculated;
        value           nonuniform List<scalar> 10(0.0029426797 0.0076498371 0.011178082 0.013527873 0.014701528 0.014701528 0.013527873 0.011178083 0.0076498373 0.0029426798);
    }
    front
    {
        type            empty;
    }
    back
    {
        type            empty;
    }
}


// ************************************************************************* //
