/*--------------------------------*- C++ -*----------------------------------*\
  =========                 |
  \\      /  F ield         | OpenFOAM: The Open Source CFD Toolbox
   \\    /   O peration     | Website:  https://openfoam.org
    \\  /    A nd           | Version:  13
     \\/     M anipulation  |
\*---------------------------------------------------------------------------*/
FoamFile
{
    format      ascii;
    class       volVectorField;
    location    "13";
    object      U;
}
// * * * * * * * * * * * * * * * * * * * * * * * * * * * * * * * * * * * * * //

dimensions      [0 1 -1 0 0 0 0];

internalField   nonuniform List<vector> 
1000
(
(0.92074242 0.03382768 0)
(0.8635379 0.056684191 0)
(0.78799127 0.052753994 0)
(0.69766161 0.041237061 0)
(0.61471542 0.03020314 0)
(0.54875554 0.020988077 0)
(0.49827309 0.013660659 0)
(0.45949312 0.0082997552 0)
(0.42978721 0.0047358839 0)
(0.4072852 0.002532184 0)
(0.39034402 0.0012497965 0)
(0.37751559 0.00056180342 0)
(0.36764107 0.00024261466 0)
(0.35985945 0.00013663742 0)
(0.35355677 0.00013976113 0)
(0.34830594 0.00018761022 0)
(0.34381544 0.00024452959 0)
(0.33988918 0.00029351215 0)
(0.33639623 0.00032844028 0)
(0.33324896 0.00034888343 0)
(0.33038779 0.00035693695 0)
(0.32777097 0.0003554666 0)
(0.32536798 0.00034724101 0)
(0.32315538 0.00033457921 0)
(0.32111429 0.00031926821 0)
(0.31922887 0.00030260456 0)
(0.31748536 0.00028548204 0)
(0.31587163 0.00026848668 0)
(0.31437679 0.00025198178 0)
(0.31299103 0.00023617651 0)
(0.31170546 0.00022117748 0)
(0.31051204 0.00020702557 0)
(0.30940346 0.0001937212 0)
(0.30837306 0.00018124116 0)
(0.3074148 0.0001695494 0)
(0.30652319 0.00015860387 0)
(0.30569321 0.00014836059 0)
(0.30492028 0.00013877599 0)
(0.30420021 0.00012980816 0)
(0.30352916 0.00012141738 0)
(0.30290362 0.00011356632 0)
(0.30232035 0.00010622005 0)
(0.30177636 9.9345937e-05 0)
(0.30126891 9.291351e-05 0)
(0.30079546 8.6894345e-05 0)
(0.30035366 8.1261915e-05 0)
(0.29994134 7.5991451e-05 0)
(0.29955648 7.1059806e-05 0)
(0.29919722 6.6445347e-05 0)
(0.29886182 6.212783e-05 0)
(0.29854868 5.808834e-05 0)
(0.2982563 5.4309194e-05 0)
(0.29798328 5.0773873e-05 0)
(0.29772833 4.746693e-05 0)
(0.29749024 4.4373857e-05 0)
(0.29726789 4.1481014e-05 0)
(0.29706022 3.8775515e-05 0)
(0.29686627 3.6245201e-05 0)
(0.29668512 3.3878672e-05 0)
(0.29651592 3.1665272e-05 0)
(0.29635788 2.9595189e-05 0)
(0.29621027 2.765935e-05 0)
(0.29607239 2.5849394e-05 0)
(0.29594361 2.4157495e-05 0)
(0.29582331 2.257622e-05 0)
(0.29571094 2.1098396e-05 0)
(0.29560597 1.9717152e-05 0)
(0.29550792 1.8425811e-05 0)
(0.29541633 1.7218311e-05 0)
(0.29533077 1.6088893e-05 0)
(0.29525085 1.5032746e-05 0)
(0.2951762 1.4045234e-05 0)
(0.29510646 1.3122627e-05 0)
(0.29504133 1.2260781e-05 0)
(0.29498048 1.1456392e-05 0)
(0.29492364 1.0704952e-05 0)
(0.29487054 1.0003471e-05 0)
(0.29482094 9.3469683e-06 0)
(0.2947746 8.7336457e-06 0)
(0.29473132 8.1584378e-06 0)
(0.29469088 7.6217798e-06 0)
(0.29465312 7.1180269e-06 0)
(0.29461784 6.650308e-06 0)
(0.29458489 6.2105786e-06 0)
(0.2945541 5.8052146e-06 0)
(0.29452536 5.421378e-06 0)
(0.29449849 5.0707042e-06 0)
(0.29447341 4.7333186e-06 0)
(0.29444995 4.429399e-06 0)
(0.29442807 4.1295697e-06 0)
(0.29440759 3.8659543e-06 0)
(0.2943885 3.5994902e-06 0)
(0.29437064 3.3719306e-06 0)
(0.29435396 3.1426104e-06 0)
(0.29433844 2.9374271e-06 0)
(0.29432373 2.7718922e-06 0)
(0.29431047 2.5497008e-06 0)
(0.29429689 2.5927023e-06 0)
(0.29428638 2.0721884e-06 0)
(0.29426902 2.9349319e-06 0)
(1.0019381 0.052732953 0)
(1.0365395 0.10225274 0)
(1.0602516 0.11315449 0)
(1.0635369 0.1090466 0)
(1.0522935 0.099516705 0)
(1.0346516 0.087114674 0)
(1.0147897 0.073373124 0)
(0.99415463 0.059906706 0)
(0.97358849 0.047880415 0)
(0.95388174 0.037787615 0)
(0.93564763 0.029665823 0)
(0.91918058 0.023329681 0)
(0.90451503 0.018503102 0)
(0.89154102 0.014887717 0)
(0.88008798 0.012203272 0)
(0.86996961 0.010210174 0)
(0.86100573 0.0087174142 0)
(0.85303279 0.0075805253 0)
(0.84590822 0.0066945196 0)
(0.83951094 0.0059853876 0)
(0.8337398 0.0054021112 0)
(0.82851093 0.0049100421 0)
(0.82375499 0.0044858269 0)
(0.81941449 0.0041137197 0)
(0.81544149 0.003783003 0)
(0.81179572 0.0034862342 0)
(0.80844305 0.0032180843 0)
(0.80535423 0.002974588 0)
(0.80250401 0.0027526705 0)
(0.79987035 0.0025498542 0)
(0.79743393 0.0023640785 0)
(0.79517764 0.002193588 0)
(0.79308626 0.002036863 0)
(0.79114619 0.0018925727 0)
(0.7893452 0.0017595444 0)
(0.78767226 0.0016367396 0)
(0.7861174 0.0015232361 0)
(0.78467155 0.001418213 0)
(0.78332647 0.0013209376 0)
(0.78207463 0.0012307549 0)
(0.78090915 0.0011470774 0)
(0.77982372 0.0010693769 0)
(0.77881255 0.00099717727 0)
(0.77787031 0.00093004828 0)
(0.7769921 0.00086759982 0)
(0.7761734 0.00080947737 0)
(0.77541002 0.00075535788 0)
(0.77469811 0.00070494624 0)
(0.7740341 0.00065797239 0)
(0.77341468 0.00061418869 0)
(0.77283678 0.00057336783 0)
(0.77229756 0.00053530074 0)
(0.77179439 0.00049979489 0)
(0.7713248 0.00046667249 0)
(0.77088652 0.00043576898 0)
(0.77047744 0.00040693166 0)
(0.77009557 0.00038001862 0)
(0.76973909 0.00035489794 0)
(0.76940629 0.00033144725 0)
(0.76909559 0.00030955315 0)
(0.76880549 0.00028911091 0)
(0.76853464 0.00027002358 0)
(0.76828173 0.0002522014 0)
(0.76804558 0.00023556061 0)
(0.76782507 0.00022002277 0)
(0.76761914 0.00020551394 0)
(0.76742684 0.00019196473 0)
(0.76724726 0.00017930979 0)
(0.76707955 0.00016748893 0)
(0.76692292 0.000156446 0)
(0.76677664 0.00014613049 0)
(0.76664003 0.00013649473 0)
(0.76651245 0.00012749615 0)
(0.76639329 0.00011909261 0)
(0.766282 0.00011124674 0)
(0.76617806 0.00010391893 0)
(0.76608097 9.7076487e-05 0)
(0.7659903 9.0681751e-05 0)
(0.76590559 8.4709079e-05 0)
(0.76582649 7.9123201e-05 0)
(0.76575259 7.3908464e-05 0)
(0.7656836 6.9029557e-05 0)
(0.76561912 6.4482448e-05 0)
(0.76555894 6.0225339e-05 0)
(0.76550268 5.6268221e-05 0)
(0.7654502 5.2553423e-05 0)
(0.76540109 4.9112814e-05 0)
(0.76535532 4.5861726e-05 0)
(0.76531243 4.2870005e-05 0)
(0.76527252 4.0009724e-05 0)
(0.76523508 3.7413002e-05 0)
(0.76520026 3.4883409e-05 0)
(0.76516765 3.2650435e-05 0)
(0.76513715 3.0408797e-05 0)
(0.76510902 2.8522571e-05 0)
(0.76508175 2.6520051e-05 0)
(0.76505849 2.4976619e-05 0)
(0.76503227 2.318513e-05 0)
(0.76501647 2.2126564e-05 0)
(0.76498457 2.0697354e-05 0)
(1.0002467 0.026719375 0)
(1.0283936 0.06255548 0)
(1.0646999 0.077616155 0)
(1.0979952 0.080476474 0)
(1.1240764 0.078058279 0)
(1.1435812 0.07291683 0)
(1.1579044 0.065986854 0)
(1.1678877 0.0582047 0)
(1.1741544 0.050495786 0)
(1.1774192 0.043467201 0)
(1.1784517 0.037361306 0)
(1.1779313 0.03219066 0)
(1.1763807 0.027868334 0)
(1.1741779 0.024277407 0)
(1.1715897 0.021298543 0)
(1.1688025 0.018820816 0)
(1.1659442 0.016747069 0)
(1.1630997 0.014996287 0)
(1.1603237 0.013503442 0)
(1.1576498 0.012217607 0)
(1.155097 0.011099375 0)
(1.1526749 0.010118339 0)
(1.1503869 0.0092509619 0)
(1.1482324 0.0084789016 0)
(1.1462083 0.0077877266 0)
(1.1443101 0.0071659443 0)
(1.1425324 0.0066042745 0)
(1.1408692 0.0060951133 0)
(1.1393144 0.005632144 0)
(1.1378619 0.0052100533 0)
(1.1365056 0.0048243243 0)
(1.1352396 0.0044710823 0)
(1.1340583 0.0041469783 0)
(1.1329564 0.0038490998 0)
(1.1319285 0.0035748994 0)
(1.13097 0.003322139 0)
(1.1300761 0.0030888437 0)
(1.1292426 0.002873264 0)
(1.1284655 0.0026738442 0)
(1.1277408 0.0024891967 0)
(1.1270651 0.0023180791 0)
(1.1264351 0.0021593762 0)
(1.1258476 0.0020120836 0)
(1.1252997 0.0018752943 0)
(1.1247887 0.0017481867 0)
(1.1243122 0.0016300147 0)
(1.1238677 0.0015200988 0)
(1.1234532 0.0014178189 0)
(1.1230665 0.0013226083 0)
(1.1227057 0.001233948 0)
(1.1223692 0.0011513625 0)
(1.1220552 0.0010744153 0)
(1.1217622 0.0010027047 0)
(1.1214889 0.00093586072 0)
(1.1212338 0.00087354102 0)
(1.1209957 0.00081542866 0)
(1.1207736 0.00076122986 0)
(1.1205662 0.0007106723 0)
(1.1203727 0.00066350409 0)
(1.1201921 0.00061949246 0)
(1.1200235 0.0005784225 0)
(1.1198661 0.00054009532 0)
(1.1197192 0.00050432643 0)
(1.1195821 0.00047094351 0)
(1.119454 0.00043978546 0)
(1.1193345 0.00041070084 0)
(1.1192229 0.00038354852 0)
(1.1191187 0.00035819651 0)
(1.1190214 0.00033452374 0)
(1.1189306 0.00031241753 0)
(1.1188457 0.00029177574 0)
(1.1187666 0.00027250144 0)
(1.1186926 0.00025450703 0)
(1.1186235 0.00023770569 0)
(1.1185591 0.0002220207 0)
(1.1184988 0.00020737197 0)
(1.1184426 0.00019369434 0)
(1.1183901 0.00018091383 0)
(1.118341 0.00016898036 0)
(1.1182952 0.00015782408 0)
(1.1182524 0.00014741353 0)
(1.1182125 0.00013767594 0)
(1.1181752 0.00012860307 0)
(1.1181404 0.00012010649 0)
(1.1181078 0.00011221067 0)
(1.1180775 0.00010479114 0)
(1.118049 9.7927537e-05 0)
(1.1180226 9.1426805e-05 0)
(1.1179976 8.5469856e-05 0)
(1.1179747 7.9738754e-05 0)
(1.1179529 7.460016e-05 0)
(1.117933 6.9497496e-05 0)
(1.1179138 6.5138728e-05 0)
(1.1178965 6.0523573e-05 0)
(1.11788 5.6985471e-05 0)
(1.1178644 5.265967e-05 0)
(1.1178509 5.0008422e-05 0)
(1.1178356 4.5645561e-05 0)
(1.117827 4.4090319e-05 0)
(1.1178088 3.9598415e-05 0)
(1.0000321 0.01172771 0)
(1.0173964 0.030563016 0)
(1.0455868 0.040990665 0)
(1.0788323 0.044657243 0)
(1.1117703 0.044906517 0)
(1.1419849 0.043513625 0)
(1.1689322 0.04099875 0)
(1.1925678 0.037704081 0)
(1.2129268 0.034089591 0)
(1.2301852 0.030558838 0)
(1.2446903 0.027331285 0)
(1.256878 0.024473252 0)
(1.2671747 0.021977089 0)
(1.2759451 0.019810765 0)
(1.283481 0.017935176 0)
(1.290012 0.016308896 0)
(1.2957188 0.01489143 0)
(1.3007436 0.01364637 0)
(1.3051988 0.012543209 0)
(1.3091728 0.011557531 0)
(1.3127361 0.01067022 0)
(1.3159451 0.0098663846 0)
(1.3188459 0.0091343745 0)
(1.3214765 0.0084649948 0)
(1.3238688 0.0078508921 0)
(1.3260498 0.0072860872 0)
(1.3280427 0.0067656219 0)
(1.3298674 0.0062853011 0)
(1.3315412 0.0058415079 0)
(1.3330791 0.0054310746 0)
(1.3344943 0.0050511922 0)
(1.3357985 0.0046993462 0)
(1.3370019 0.0043732702 0)
(1.3381138 0.0040709117 0)
(1.339142 0.0037904046 0)
(1.340094 0.0035300485 0)
(1.340976 0.0032882903 0)
(1.341794 0.0030637092 0)
(1.3425532 0.0028550041 0)
(1.3432582 0.0026609819 0)
(1.3439133 0.002480548 0)
(1.3445224 0.0023126974 0)
(1.345089 0.0021565063 0)
(1.3456163 0.0020111248 0)
(1.3461071 0.0018757703 0)
(1.3465643 0.0017497208 0)
(1.3469902 0.0016323098 0)
(1.347387 0.0015229219 0)
(1.347757 0.0014209884 0)
(1.3481019 0.0013259839 0)
(1.3484235 0.0012374232 0)
(1.3487235 0.0011548576 0)
(1.3490033 0.0010778716 0)
(1.3492643 0.0010060796 0)
(1.3495079 0.00093912294 0)
(1.3497353 0.00087666808 0)
(1.3499474 0.00081840476 0)
(1.3501454 0.00076404499 0)
(1.3503303 0.0007133221 0)
(1.3505029 0.0006659894 0)
(1.350664 0.00062181852 0)
(1.3508144 0.00058059721 0)
(1.3509548 0.00054212755 0)
(1.351086 0.00050622385 0)
(1.3512084 0.00047271212 0)
(1.3513228 0.00044142902 0)
(1.3514296 0.00041222312 0)
(1.3515293 0.00038495361 0)
(1.3516224 0.00035949193 0)
(1.3517094 0.0003357183 0)
(1.3517907 0.00031352349 0)
(1.3518665 0.00029280247 0)
(1.3519374 0.00027345962 0)
(1.3520036 0.00025539918 0)
(1.3520654 0.00023853762 0)
(1.3521231 0.00022278764 0)
(1.352177 0.00020808103 0)
(1.3522274 0.00019433858 0)
(1.3522744 0.00018151028 0)
(1.3523184 0.00016951906 0)
(1.3523594 0.00015833532 0)
(1.3523979 0.00014787331 0)
(1.3524336 0.00013813172 0)
(1.3524672 0.00012900054 0)
(1.3524982 0.00012052429 0)
(1.3525276 0.00011254133 0)
(1.3525546 0.00010517768 0)
(1.3525804 9.8169765e-05 0)
(1.3526037 9.1793643e-05 0)
(1.3526266 8.5596174e-05 0)
(1.3526465 8.0131821e-05 0)
(1.352667 7.458106e-05 0)
(1.3526837 6.9999517e-05 0)
(1.3527025 6.491453e-05 0)
(1.3527159 6.128919e-05 0)
(1.3527337 5.6447329e-05 0)
(1.3527436 5.3830966e-05 0)
(1.3527615 4.8812375e-05 0)
(1.3527672 4.7347687e-05 0)
(1.3527872 4.1999343e-05 0)
(1.0001568 0.0034383906 0)
(1.0134518 0.0092557597 0)
(1.036628 0.012853241 0)
(1.0666034 0.014335342 0)
(1.0987809 0.014626052 0)
(1.1300715 0.014363697 0)
(1.1593037 0.013741451 0)
(1.1861976 0.01284016 0)
(1.2106431 0.011790374 0)
(1.2325915 0.010728735 0)
(1.2521417 0.0097376727 0)
(1.2695378 0.0088459649 0)
(1.2850832 0.0080555411 0)
(1.2990634 0.0073596115 0)
(1.3117148 0.0067486878 0)
(1.3232262 0.0062117869 0)
(1.3337497 0.005737391 0)
(1.3434089 0.005314711 0)
(1.3523048 0.0049345701 0)
(1.3605198 0.0045896475 0)
(1.3681215 0.0042742903 0)
(1.3751666 0.0039841799 0)
(1.3817032 0.003716013 0)
(1.3877733 0.0034672433 0)
(1.3934137 0.0032358813 0)
(1.3986577 0.0030203391 0)
(1.4035351 0.0028193149 0)
(1.408073 0.0026317086 0)
(1.4122964 0.0024565631 0)
(1.416228 0.0022930255 0)
(1.4198888 0.0021403214 0)
(1.4232982 0.0019977384 0)
(1.4264741 0.0018646158 0)
(1.429433 0.0017403373 0)
(1.4321902 0.0016243263 0)
(1.4347599 0.0015160424 0)
(1.4371552 0.0014149785 0)
(1.4393882 0.0013206589 0)
(1.4414702 0.0012326376 0)
(1.4434117 0.0011504969 0)
(1.4452223 0.0010738456 0)
(1.4469111 0.0010023183 0)
(1.4484863 0.00093557333 0)
(1.4499558 0.00087329151 0)
(1.4513269 0.00081517433 0)
(1.4526061 0.00076094264 0)
(1.4537997 0.00071033549 0)
(1.4549136 0.00066310927 0)
(1.4559531 0.00061903685 0)
(1.4569232 0.00057790673 0)
(1.4578287 0.00053952207 0)
(1.4586739 0.00050369942 0)
(1.4594628 0.00047026739 0)
(1.4601993 0.00043906554 0)
(1.4608868 0.00040994365 0)
(1.4615286 0.0003827613 0)
(1.4621278 0.0003573876 0)
(1.4626872 0.00033370117 0)
(1.4632096 0.00031158967 0)
(1.4636973 0.00029094881 0)
(1.4641526 0.00027168159 0)
(1.4645778 0.00025369693 0)
(1.4649749 0.00023690902 0)
(1.4653456 0.00022123668 0)
(1.4656918 0.00020660382 0)
(1.4660151 0.00019293956 0)
(1.4663171 0.00018017892 0)
(1.466599 0.00016826225 0)
(1.4668623 0.00015713545 0)
(1.4671082 0.00014674739 0)
(1.4673379 0.00013705083 0)
(1.4675523 0.00012799905 0)
(1.4677526 0.00011954891 0)
(1.4679397 0.00011165697 0)
(1.4681144 0.00010428607 0)
(1.4682776 9.7398183e-05 0)
(1.46843 9.096526e-05 0)
(1.4685724 8.4953772e-05 0)
(1.4687053 7.9344359e-05 0)
(1.4688295 7.4102472e-05 0)
(1.4689454 6.9216695e-05 0)
(1.4690539 6.4646057e-05 0)
(1.4691549 6.0392264e-05 0)
(1.4692496 5.6400921e-05 0)
(1.4693376 5.2697862e-05 0)
(1.4694204 4.9202735e-05 0)
(1.4694969 4.5984416e-05 0)
(1.4695695 4.2910087e-05 0)
(1.4696358 4.0127107e-05 0)
(1.4696997 3.7405008e-05 0)
(1.4697568 3.5031305e-05 0)
(1.4698136 3.2588188e-05 0)
(1.469862 3.0612946e-05 0)
(1.4699135 2.8368657e-05 0)
(1.4699531 2.682651e-05 0)
(1.4700015 2.4670315e-05 0)
(1.4700313 2.3556098e-05 0)
(1.4700801 2.1298095e-05 0)
(1.4700974 2.0694379e-05 0)
(1.4701522 1.8288608e-05 0)
(1.0001568 -0.0034383907 0)
(1.0134518 -0.0092557601 0)
(1.036628 -0.012853242 0)
(1.0666034 -0.014335343 0)
(1.0987809 -0.014626052 0)
(1.1300715 -0.014363697 0)
(1.1593037 -0.01374145 0)
(1.1861976 -0.012840159 0)
(1.2106431 -0.011790373 0)
(1.2325915 -0.010728734 0)
(1.2521417 -0.0097376724 0)
(1.2695378 -0.008845965 0)
(1.2850832 -0.0080555415 0)
(1.2990634 -0.0073596121 0)
(1.3117148 -0.0067486885 0)
(1.3232262 -0.0062117877 0)
(1.3337497 -0.0057373918 0)
(1.3434089 -0.0053147115 0)
(1.3523048 -0.0049345702 0)
(1.3605198 -0.0045896471 0)
(1.3681215 -0.0042742894 0)
(1.3751666 -0.0039841787 0)
(1.3817032 -0.003716012 0)
(1.3877733 -0.003467243 0)
(1.3934137 -0.0032358817 0)
(1.3986577 -0.0030203401 0)
(1.4035351 -0.002819316 0)
(1.408073 -0.0026317091 0)
(1.4122964 -0.0024565628 0)
(1.416228 -0.0022930245 0)
(1.4198888 -0.0021403203 0)
(1.4232982 -0.0019977378 0)
(1.4264741 -0.0018646161 0)
(1.429433 -0.0017403384 0)
(1.4321902 -0.0016243277 0)
(1.4347599 -0.0015160432 0)
(1.4371552 -0.0014149784 0)
(1.4393882 -0.0013206579 0)
(1.4414702 -0.0012326362 0)
(1.4434117 -0.0011504957 0)
(1.4452223 -0.0010738453 0)
(1.4469111 -0.0010023189 0)
(1.4484863 -0.00093557436 0)
(1.4499558 -0.00087329225 0)
(1.4513269 -0.00081517424 0)
(1.4526061 -0.00076094172 0)
(1.4537997 -0.00071033437 0)
(1.4549136 -0.00066310879 0)
(1.4559531 -0.00061903759 0)
(1.4569232 -0.00057790856 0)
(1.4578287 -0.00053952402 0)
(1.4586739 -0.00050370007 0)
(1.4594628 -0.0004702657 0)
(1.4601993 -0.00043906158 0)
(1.4608868 -0.00040993872 0)
(1.4615286 -0.00038275751 0)
(1.4621278 -0.000357387 0)
(1.4626872 -0.00033370458 0)
(1.4632096 -0.000311596 0)
(1.4636973 -0.00029095544 0)
(1.4641526 -0.00027168528 0)
(1.4645778 -0.00025369527 0)
(1.4649749 -0.00023690169 0)
(1.4653456 -0.00022122595 0)
(1.4656918 -0.00020659378 0)
(1.4660151 -0.00019293432 0)
(1.4663171 -0.00018018088 0)
(1.466599 -0.00016827075 0)
(1.4668623 -0.00015714679 0)
(1.4671082 -0.00014675657 0)
(1.4673379 -0.00013705343 0)
(1.4675523 -0.00012799319 0)
(1.4677526 -0.00011953614 0)
(1.4679397 -0.00011164169 0)
(1.4681144 -0.00010427383 0)
(1.4682776 -9.7393153e-05 0)
(1.46843 -9.0968723e-05 0)
(1.4685724 -8.4963743e-05 0)
(1.4687053 -7.9356348e-05 0)
(1.4688295 -7.4111734e-05 0)
(1.4689454 -6.9219604e-05 0)
(1.4690539 -6.4641041e-05 0)
(1.4691549 -6.0380158e-05 0)
(1.4692496 -5.6384913e-05 0)
(1.4693376 -5.2682128e-05 0)
(1.4694204 -4.919128e-05 0)
(1.4694969 -4.5980517e-05 0)
(1.4695695 -4.2914959e-05 0)
(1.4696358 -4.0138859e-05 0)
(1.4696997 -3.7419274e-05 0)
(1.4697568 -3.5044724e-05 0)
(1.4698136 -3.2596852e-05 0)
(1.469862 -3.0609949e-05 0)
(1.4699135 -2.8346124e-05 0)
(1.4699531 -2.6790195e-05 0)
(1.4700015 -2.4646963e-05 0)
(1.4700313 -2.3563959e-05 0)
(1.4700801 -2.1323369e-05 0)
(1.4700974 -2.0695515e-05 0)
(1.4701522 -1.8275532e-05 0)
(1.0000321 -0.01172771 0)
(1.0173964 -0.030563017 0)
(1.0455868 -0.040990665 0)
(1.0788323 -0.044657243 0)
(1.1117703 -0.044906517 0)
(1.1419849 -0.043513625 0)
(1.1689322 -0.04099875 0)
(1.1925678 -0.037704081 0)
(1.2129268 -0.03408959 0)
(1.2301852 -0.030558837 0)
(1.2446903 -0.027331285 0)
(1.256878 -0.024473251 0)
(1.2671747 -0.021977089 0)
(1.2759451 -0.019810765 0)
(1.283481 -0.017935177 0)
(1.290012 -0.016308896 0)
(1.2957188 -0.01489143 0)
(1.3007436 -0.01364637 0)
(1.3051988 -0.012543209 0)
(1.3091728 -0.011557531 0)
(1.3127361 -0.01067022 0)
(1.3159451 -0.0098663842 0)
(1.3188459 -0.0091343741 0)
(1.3214765 -0.0084649944 0)
(1.3238688 -0.0078508918 0)
(1.3260498 -0.0072860869 0)
(1.3280427 -0.0067656216 0)
(1.3298674 -0.0062853009 0)
(1.3315412 -0.0058415078 0)
(1.3330791 -0.0054310748 0)
(1.3344943 -0.0050511928 0)
(1.3357985 -0.004699347 0)
(1.3370019 -0.0043732712 0)
(1.3381138 -0.0040709123 0)
(1.339142 -0.0037904047 0)
(1.340094 -0.0035300479 0)
(1.340976 -0.0032882892 0)
(1.341794 -0.0030637079 0)
(1.3425532 -0.002855003 0)
(1.3432582 -0.0026609815 0)
(1.3439133 -0.0024805484 0)
(1.3445224 -0.0023126983 0)
(1.345089 -0.0021565073 0)
(1.3456163 -0.0020111257 0)
(1.3461071 -0.0018757707 0)
(1.3465643 -0.0017497207 0)
(1.3469902 -0.0016323094 0)
(1.347387 -0.0015229214 0)
(1.347757 -0.0014209879 0)
(1.3481019 -0.0013259834 0)
(1.3484235 -0.0012374227 0)
(1.3487235 -0.0011548569 0)
(1.3490033 -0.0010778708 0)
(1.3492643 -0.0010060788 0)
(1.3495079 -0.00093912257 0)
(1.3497353 -0.00087666837 0)
(1.3499474 -0.00081840569 0)
(1.3501454 -0.00076404621 0)
(1.3503303 -0.00071332303 0)
(1.3505029 -0.00066598934 0)
(1.350664 -0.00062181709 0)
(1.3508144 -0.00058059454 0)
(1.3509548 -0.00054212436 0)
(1.351086 -0.00050622114 0)
(1.3512084 -0.00047271079 0)
(1.3513228 -0.00044142949 0)
(1.3514296 -0.00041222501 0)
(1.3515293 -0.00038495588 0)
(1.3516224 -0.00035949338 0)
(1.3517094 -0.00033571783 0)
(1.3517907 -0.00031352085 0)
(1.3518665 -0.00029279822 0)
(1.3519374 -0.00027345494 0)
(1.3520036 -0.00025539542 0)
(1.3520654 -0.00023853563 0)
(1.3521231 -0.00022278764 0)
(1.352177 -0.00020808244 0)
(1.3522274 -0.00019434029 0)
(1.3522745 -0.00018151125 0)
(1.3523184 -0.00016951837 0)
(1.3523594 -0.00015833274 0)
(1.3523979 -0.0001478692 0)
(1.3524336 -0.00013812681 0)
(1.3524672 -0.00012899568 0)
(1.3524982 -0.00012052033 0)
(1.3525276 -0.00011253893 0)
(1.3525546 -0.00010517679 0)
(1.3525805 -9.8169979e-05 0)
(1.3526037 -9.1794654e-05 0)
(1.3526266 -8.5597459e-05 0)
(1.3526465 -8.0132778e-05 0)
(1.352667 -7.4579317e-05 0)
(1.3526837 -6.9994485e-05 0)
(1.3527025 -6.4908559e-05 0)
(1.3527159 -6.128668e-05 0)
(1.3527337 -5.6450455e-05 0)
(1.3527436 -5.3831608e-05 0)
(1.3527616 -4.8809356e-05 0)
(1.3527672 -4.7336916e-05 0)
(1.3527872 -4.1988254e-05 0)
(1.0002467 -0.026719375 0)
(1.0283936 -0.06255548 0)
(1.0646999 -0.077616155 0)
(1.0979952 -0.080476474 0)
(1.1240764 -0.078058279 0)
(1.1435812 -0.07291683 0)
(1.1579044 -0.065986854 0)
(1.1678877 -0.0582047 0)
(1.1741544 -0.050495786 0)
(1.1774192 -0.043467201 0)
(1.1784517 -0.037361306 0)
(1.1779313 -0.032190659 0)
(1.1763807 -0.027868334 0)
(1.1741779 -0.024277407 0)
(1.1715897 -0.021298543 0)
(1.1688025 -0.018820816 0)
(1.1659442 -0.016747069 0)
(1.1630997 -0.014996288 0)
(1.1603237 -0.013503443 0)
(1.1576498 -0.012217607 0)
(1.155097 -0.011099376 0)
(1.1526749 -0.01011834 0)
(1.1503869 -0.0092509621 0)
(1.1482324 -0.0084789011 0)
(1.1462083 -0.0077877255 0)
(1.1443101 -0.0071659428 0)
(1.1425324 -0.006604273 0)
(1.1408692 -0.0060951124 0)
(1.1393144 -0.0056321441 0)
(1.1378619 -0.0052100546 0)
(1.1365056 -0.0048243263 0)
(1.1352396 -0.0044710842 0)
(1.1340583 -0.0041469796 0)
(1.1329564 -0.0038490999 0)
(1.1319285 -0.0035748984 0)
(1.13097 -0.0033221373 0)
(1.1300761 -0.0030888419 0)
(1.1292426 -0.0028732626 0)
(1.1284655 -0.0026738436 0)
(1.1277408 -0.0024891969 0)
(1.1270651 -0.0023180799 0)
(1.1264351 -0.0021593773 0)
(1.1258476 -0.0020120848 0)
(1.1252997 -0.0018752954 0)
(1.1247887 -0.0017481877 0)
(1.1243122 -0.0016300153 0)
(1.1238677 -0.0015200987 0)
(1.1234532 -0.0014178179 0)
(1.1230665 -0.0013226063 0)
(1.1227057 -0.0012339454 0)
(1.1223692 -0.0011513601 0)
(1.1220552 -0.001074414 0)
(1.1217622 -0.0010027053 0)
(1.1214889 -0.00093586329 0)
(1.1212338 -0.0008735448 0)
(1.1209957 -0.00081543218 0)
(1.1207736 -0.00076123146 0)
(1.1205662 -0.00071067091 0)
(1.1203727 -0.00066349981 0)
(1.1201921 -0.00061948661 0)
(1.1200235 -0.00057841726 0)
(1.1198661 -0.00054009285 0)
(1.1197192 -0.0005043279 0)
(1.1195821 -0.00047094844 0)
(1.119454 -0.00043979184 0)
(1.1193345 -0.00041070582 0)
(1.1192229 -0.00038354963 0)
(1.1191187 -0.00035819281 0)
(1.1190214 -0.00033451629 0)
(1.1189306 -0.000312409 0)
(1.1188458 -0.00029176934 0)
(1.1187666 -0.00027249962 0)
(1.1186926 -0.00025451035 0)
(1.1186236 -0.00023771258 0)
(1.1185591 -0.00022202811 0)
(1.1184988 -0.0002073766 0)
(1.1184426 -0.00019369401 0)
(1.1183901 -0.00018090829 0)
(1.118341 -0.00016897133 0)
(1.1182952 -0.00015781441 0)
(1.1182524 -0.00014740623 0)
(1.1182125 -0.00013767325 0)
(1.1181752 -0.00012860562 0)
(1.1181404 -0.00012011311 0)
(1.1181078 -0.0001122189 0)
(1.1180775 -0.00010479789 0)
(1.118049 -9.7929833e-05 0)
(1.1180226 -9.1423035e-05 0)
(1.1179976 -8.5460806e-05 0)
(1.1179748 -7.9726781e-05 0)
(1.1179529 -7.4587884e-05 0)
(1.117933 -6.9487943e-05 0)
(1.1179139 -6.5137661e-05 0)
(1.1178965 -6.0536326e-05 0)
(1.11788 -5.7008088e-05 0)
(1.1178644 -5.2676829e-05 0)
(1.1178509 -5.0004929e-05 0)
(1.1178356 -4.5629345e-05 0)
(1.117827 -4.4073671e-05 0)
(1.1178088 -3.9587459e-05 0)
(1.0019381 -0.052732953 0)
(1.0365395 -0.10225274 0)
(1.0602516 -0.11315449 0)
(1.0635369 -0.1090466 0)
(1.0522935 -0.099516704 0)
(1.0346516 -0.087114674 0)
(1.0147897 -0.073373125 0)
(0.99415463 -0.059906706 0)
(0.97358849 -0.047880415 0)
(0.95388174 -0.037787615 0)
(0.93564763 -0.029665823 0)
(0.91918057 -0.02332968 0)
(0.90451503 -0.018503101 0)
(0.89154102 -0.014887717 0)
(0.88008798 -0.012203272 0)
(0.86996961 -0.010210173 0)
(0.86100573 -0.0087174141 0)
(0.85303279 -0.0075805256 0)
(0.84590822 -0.0066945202 0)
(0.83951094 -0.0059853885 0)
(0.8337398 -0.0054021121 0)
(0.82851093 -0.0049100428 0)
(0.82375499 -0.004485827 0)
(0.81941448 -0.004113719 0)
(0.81544148 -0.0037830016 0)
(0.81179572 -0.0034862324 0)
(0.80844305 -0.0032180828 0)
(0.80535424 -0.0029745873 0)
(0.80250401 -0.002752671 0)
(0.79987035 -0.0025498559 0)
(0.79743393 -0.0023640807 0)
(0.79517764 -0.00219359 0)
(0.79308626 -0.002036864 0)
(0.79114619 -0.0018925724 0)
(0.7893452 -0.001759543 0)
(0.78767226 -0.0016367376 0)
(0.7861174 -0.0015232343 0)
(0.78467155 -0.0014182118 0)
(0.78332647 -0.0013209374 0)
(0.78207464 -0.0012307555 0)
(0.78090916 -0.0011470784 0)
(0.77982373 -0.001069378 0)
(0.77881255 -0.00099717841 0)
(0.77787031 -0.00093004928 0)
(0.7769921 -0.00086760057 0)
(0.7761734 -0.00080947768 0)
(0.77541002 -0.00075535745 0)
(0.77469811 -0.00070494489 0)
(0.7740341 -0.00065797018 0)
(0.77341468 -0.00061418615 0)
(0.77283679 -0.00057336584 0)
(0.77229757 -0.00053530029 0)
(0.77179439 -0.00049979653 0)
(0.7713248 -0.00046667599 0)
(0.77088652 -0.00043577319 0)
(0.77047743 -0.00040693485 0)
(0.77009556 -0.0003800192 0)
(0.76973908 -0.00035489519 0)
(0.76940629 -0.0003314418 0)
(0.76909559 -0.00030954692 0)
(0.7688055 -0.0002891064 0)
(0.76853465 -0.00027002287 0)
(0.76828174 -0.00025220513 0)
(0.76804559 -0.00023556753 0)
(0.76782507 -0.00022003014 0)
(0.76761914 -0.00020551854 0)
(0.76742684 -0.00019196428 0)
(0.76724725 -0.00017930403 0)
(0.76707955 -0.00016747983 0)
(0.76692293 -0.00015643707 0)
(0.76677666 -0.00014612529 0)
(0.76664005 -0.00013649547 0)
(0.76651246 -0.00012750264 0)
(0.7663933 -0.00011910229 0)
(0.766282 -0.00011125573 0)
(0.76617806 -0.00010392353 0)
(0.76608097 -9.7074675e-05 0)
(0.7659903 -9.067398e-05 0)
(0.7659056 -8.4698001e-05 0)
(0.76582651 -7.9112665e-05 0)
(0.76575261 -7.390209e-05 0)
(0.76568362 -6.9029593e-05 0)
(0.76561914 -6.4488926e-05 0)
(0.76555896 -6.0236083e-05 0)
(0.76550269 -5.6279638e-05 0)
(0.7654502 -5.2561481e-05 0)
(0.76540108 -4.9114356e-05 0)
(0.76535531 -4.5855643e-05 0)
(0.76531243 -4.2857718e-05 0)
(0.76527253 -3.9994573e-05 0)
(0.76523511 -3.7399396e-05 0)
(0.7652003 -3.4876726e-05 0)
(0.76516769 -3.2655803e-05 0)
(0.76513718 -3.0426791e-05 0)
(0.76510904 -2.8545282e-05 0)
(0.76508176 -2.6534118e-05 0)
(0.76505849 -2.4974153e-05 0)
(0.76503227 -2.3171791e-05 0)
(0.76501648 -2.2110404e-05 0)
(0.76498459 -2.0686691e-05 0)
(0.92074242 -0.03382768 0)
(0.8635379 -0.056684191 0)
(0.78799127 -0.052753994 0)
(0.69766161 -0.041237061 0)
(0.61471542 -0.03020314 0)
(0.54875554 -0.020988077 0)
(0.49827309 -0.013660659 0)
(0.45949312 -0.0082997555 0)
(0.42978721 -0.0047358841 0)
(0.4072852 -0.0025321841 0)
(0.39034402 -0.0012497965 0)
(0.37751559 -0.0005618032 0)
(0.36764107 -0.0002426144 0)
(0.35985945 -0.00013663717 0)
(0.35355677 -0.00013976097 0)
(0.34830594 -0.00018761017 0)
(0.34381545 -0.00024452966 0)
(0.33988918 -0.00029351234 0)
(0.33639623 -0.00032844056 0)
(0.33324896 -0.00034888375 0)
(0.33038779 -0.00035693722 0)
(0.32777097 -0.00035546674 0)
(0.32536797 -0.00034724092 0)
(0.32315538 -0.00033457888 0)
(0.32111429 -0.0003192677 0)
(0.31922887 -0.00030260403 0)
(0.31748536 -0.00028548169 0)
(0.31587163 -0.00026848666 0)
(0.31437679 -0.00025198214 0)
(0.31299103 -0.00023617713 0)
(0.31170546 -0.00022117815 0)
(0.31051204 -0.00020702603 0)
(0.30940345 -0.00019372129 0)
(0.30837305 -0.00018124085 0)
(0.3074148 -0.00016954883 0)
(0.30652319 -0.00015860326 0)
(0.30569321 -0.00014836016 0)
(0.30492028 -0.00013877585 0)
(0.30420021 -0.00012980829 0)
(0.30352916 -0.00012141767 0)
(0.30290362 -0.00011356665 0)
(0.30232035 -0.00010622034 0)
(0.30177636 -9.9346161e-05 0)
(0.30126891 -9.2913697e-05 0)
(0.30079546 -8.6894494e-05 0)
(0.30035366 -8.1261965e-05 0)
(0.29994133 -7.5991295e-05 0)
(0.29955648 -7.1059364e-05 0)
(0.29919722 -6.6444648e-05 0)
(0.29886183 -6.212707e-05 0)
(0.29854869 -5.8087838e-05 0)
(0.2982563 -5.4309263e-05 0)
(0.29798328 -5.0774645e-05 0)
(0.29772833 -4.7468231e-05 0)
(0.29749024 -4.4375221e-05 0)
(0.29726788 -4.1481833e-05 0)
(0.29706022 -3.8775311e-05 0)
(0.29686627 -3.6243878e-05 0)
(0.29668512 -3.3876624e-05 0)
(0.29651592 -3.1663289e-05 0)
(0.29635789 -2.9594139e-05 0)
(0.29621028 -2.7659802e-05 0)
(0.2960724 -2.5851323e-05 0)
(0.29594361 -2.4160205e-05 0)
(0.29582331 -2.2578619e-05 0)
(0.29571093 -2.1099409e-05 0)
(0.29560597 -1.9716224e-05 0)
(0.29550792 -1.8423188e-05 0)
(0.29541633 -1.721497e-05 0)
(0.29533078 -1.6086196e-05 0)
(0.29525086 -1.5031842e-05 0)
(0.29517621 -1.4046578e-05 0)
(0.29510647 -1.3125771e-05 0)
(0.29504133 -1.2264507e-05 0)
(0.29498048 -1.1459244e-05 0)
(0.29492363 -1.0705786e-05 0)
(0.29487054 -1.0001923e-05 0)
(0.29482094 -9.3435978e-06 0)
(0.29477461 -8.7296672e-06 0)
(0.29473133 -8.1552967e-06 0)
(0.2946909 -7.6206132e-06 0)
(0.29465313 -7.1192875e-06 0)
(0.29461785 -6.6536306e-06 0)
(0.2945849 -6.2148801e-06 0)
(0.29455411 -5.8090946e-06 0)
(0.29452536 -5.4235159e-06 0)
(0.29449848 -5.0702689e-06 0)
(0.29447341 -4.7302825e-06 0)
(0.29444995 -4.4245535e-06 0)
(0.29442808 -4.1243523e-06 0)
(0.29440761 -3.862094e-06 0)
(0.29438852 -3.5987525e-06 0)
(0.29437066 -3.3754742e-06 0)
(0.29435397 -3.1496215e-06 0)
(0.29433845 -2.9447077e-06 0)
(0.29432374 -2.775253e-06 0)
(0.29431047 -2.5471787e-06 0)
(0.29429689 -2.5873515e-06 0)
(0.29428638 -2.0671654e-06 0)
(0.29426902 -2.932002e-06 0)
)
;

boundaryField
{
    top
    {
        type            fixedValue;
        value           uniform (0 0 0);
    }
    bottom
    {
        type            fixedValue;
        value           uniform (0 0 0);
    }
    inlet
    {
        type            fixedValue;
        value           uniform (1 0 0);
    }
    outlet
    {
        type            zeroGradient;
    }
    front
    {
        type            empty;
    }
    back
    {
        type            empty;
    }
}


// ************************************************************************* //
