# Selection     : all
# Cells         : 1000
# Volume        : 1.00000000e+00
# Time          	maxMag(U)
0               	0.00000000e+00
0.05            	1.01871878e+00
0.1             	1.04190975e+00
0.15            	1.05760661e+00
0.2             	1.07211841e+00
0.25            	1.08575477e+00
0.3             	1.09866896e+00
0.35            	1.11097710e+00
0.4             	1.12276785e+00
0.45            	1.13410774e+00
0.5             	1.14525419e+00
0.55            	1.15597502e+00
0.6             	1.16626464e+00
0.65            	1.17616691e+00
0.7             	1.18571930e+00
0.75            	1.19501348e+00
0.8             	1.20398412e+00
0.85            	1.21265323e+00
0.9             	1.22104418e+00
0.95            	1.22921295e+00
1               	1.23711173e+00
1.05            	1.24476284e+00
1.1             	1.25216958e+00
1.15            	1.25934257e+00
1.2             	1.26629868e+00
1.25            	1.27303526e+00
1.3             	1.27956544e+00
1.35            	1.28589982e+00
1.4             	1.29203868e+00
1.45            	1.29798957e+00
1.5             	1.30375835e+00
1.55            	1.30935012e+00
1.6             	1.31477071e+00
1.65            	1.32002306e+00
1.7             	1.32511184e+00
1.75            	1.33004145e+00
1.8             	1.33481612e+00
1.85            	1.33943995e+00
1.9             	1.34391697e+00
1.95            	1.34825110e+00
2               	1.35244622e+00
2.05            	1.35650612e+00
2.1             	1.36043456e+00
2.15            	1.36423523e+00
2.2             	1.36791176e+00
2.25            	1.37146782e+00
2.3             	1.37490663e+00
2.35            	1.37823160e+00
2.4             	1.38144610e+00
2.45            	1.38455340e+00
2.5             	1.38755672e+00
2.55            	1.39045920e+00
2.6             	1.39326392e+00
2.65            	1.39597386e+00
2.7             	1.39859198e+00
2.75            	1.40112111e+00
2.8             	1.40356406e+00
2.85            	1.40592355e+00
2.9             	1.40820222e+00
2.95            	1.41040266e+00
3               	1.41252739e+00
3.05            	1.41457886e+00
3.1             	1.41655945e+00
3.15            	1.41847147e+00
3.2             	1.42031718e+00
3.25            	1.42209875e+00
3.3             	1.42381833e+00
3.35            	1.42547796e+00
3.4             	1.42707966e+00
3.45            	1.42862536e+00
3.5             	1.43011694e+00
3.55            	1.43155624e+00
3.6             	1.43294502e+00
3.65            	1.43428500e+00
3.7             	1.43557785e+00
3.75            	1.43682517e+00
3.8             	1.43802852e+00
3.85            	1.43918941e+00
3.9             	1.44030923e+00
3.95            	1.44138952e+00
4               	1.44243161e+00
4.05            	1.44343682e+00
4.1             	1.44440641e+00
4.15            	1.44534164e+00
4.2             	1.44624369e+00
4.25            	1.44711372e+00
4.3             	1.44795285e+00
4.35            	1.44876216e+00
4.4             	1.44954269e+00
4.45            	1.45029545e+00
4.5             	1.45102143e+00
4.55            	1.45172155e+00
4.6             	1.45239674e+00
4.65            	1.45304786e+00
4.7             	1.45367577e+00
4.75            	1.45428129e+00
4.8             	1.45486521e+00
4.85            	1.45542829e+00
4.9             	1.45597127e+00
4.95            	1.45649486e+00
5               	1.45699975e+00
5.05            	1.45748660e+00
5.1             	1.45795605e+00
5.15            	1.45840872e+00
5.2             	1.45884521e+00
5.25            	1.45926609e+00
5.3             	1.45967192e+00
5.35            	1.46006323e+00
5.4             	1.46044054e+00
5.45            	1.46080433e+00
5.5             	1.46115512e+00
5.55            	1.46149336e+00
5.6             	1.46181948e+00
5.65            	1.46213392e+00
5.7             	1.46243711e+00
5.75            	1.46272943e+00
5.8             	1.46301128e+00
5.85            	1.46328304e+00
5.9             	1.46354505e+00
5.95            	1.46379768e+00
6               	1.46404126e+00
6.05            	1.46427610e+00
6.1             	1.46450253e+00
6.15            	1.46472084e+00
6.2             	1.46493133e+00
6.25            	1.46513426e+00
6.3             	1.46532992e+00
6.35            	1.46551857e+00
6.4             	1.46570044e+00
6.45            	1.46587579e+00
6.5             	1.46604476e+00
6.55            	1.46620774e+00
6.6             	1.46636489e+00
6.65            	1.46651636e+00
6.7             	1.46666255e+00
6.75            	1.46680334e+00
6.8             	1.46693912e+00
6.85            	1.46707011e+00
6.9             	1.46719621e+00
6.95            	1.46731794e+00
7               	1.46743526e+00
7.05            	1.46754818e+00
7.1             	1.46765736e+00
7.15            	1.46776229e+00
7.2             	1.46786351e+00
7.25            	1.46796134e+00
7.3             	1.46805532e+00
7.35            	1.46814584e+00
7.4             	1.46823325e+00
7.45            	1.46831738e+00
7.5             	1.46839857e+00
7.55            	1.46847665e+00
7.6             	1.46855195e+00
7.65            	1.46862453e+00
7.7             	1.46869435e+00
7.75            	1.46876148e+00
7.8             	1.46882624e+00
7.85            	1.46888851e+00
7.9             	1.46894853e+00
7.95            	1.46900615e+00
8               	1.46906167e+00
8.05            	1.46911509e+00
8.1             	1.46916625e+00
8.15            	1.46921567e+00
8.2             	1.46926299e+00
8.25            	1.46930837e+00
8.3             	1.46935217e+00
8.35            	1.46939396e+00
8.4             	1.46943409e+00
8.45            	1.46947271e+00
8.5             	1.46950951e+00
8.55            	1.46954483e+00
8.6             	1.46957873e+00
8.65            	1.46961098e+00
8.7             	1.46964191e+00
8.75            	1.46967150e+00
8.8             	1.46969961e+00
8.85            	1.46972653e+00
8.9             	1.46975221e+00
8.95            	1.46977656e+00
9               	1.46979983e+00
9.05            	1.46982196e+00
9.1             	1.46984290e+00
9.15            	1.46986287e+00
9.2             	1.46988179e+00
9.25            	1.46989966e+00
9.3             	1.46991665e+00
9.35            	1.46993271e+00
9.4             	1.46994788e+00
9.45            	1.46996209e+00
9.5             	1.46997565e+00
9.55            	1.46998835e+00
9.6             	1.47000027e+00
9.65            	1.47001152e+00
9.7             	1.47002200e+00
9.75            	1.47003205e+00
9.8             	1.47004127e+00
9.85            	1.47004990e+00
9.9             	1.47005803e+00
9.95            	1.47006553e+00
10              	1.47007263e+00
10.05           	1.47007913e+00
10.1            	1.47008524e+00
10.15           	1.47009094e+00
10.2            	1.47009617e+00
10.25           	1.47010102e+00
10.3            	1.47010552e+00
10.35           	1.47010969e+00
10.4            	1.47011347e+00
10.45           	1.47011710e+00
10.5            	1.47012032e+00
10.55           	1.47012333e+00
10.6            	1.47012599e+00
10.65           	1.47012865e+00
10.7            	1.47013091e+00
10.75           	1.47013301e+00
10.8            	1.47013489e+00
10.85           	1.47013667e+00
10.9            	1.47013825e+00
10.95           	1.47013968e+00
11              	1.47014096e+00
11.05           	1.47014215e+00
11.1            	1.47014321e+00
11.15           	1.47014425e+00
11.2            	1.47014511e+00
11.25           	1.47014594e+00
11.3            	1.47014663e+00
11.35           	1.47014728e+00
11.4            	1.47014783e+00
11.45           	1.47014841e+00
11.5            	1.47014885e+00
11.55           	1.47014925e+00
11.6            	1.47014959e+00
11.65           	1.47014994e+00
11.7            	1.47015021e+00
11.75           	1.47015049e+00
11.8            	1.47015070e+00
11.85           	1.47015090e+00
11.9            	1.47015101e+00
11.95           	1.47015118e+00
12              	1.47015129e+00
12.05           	1.47015145e+00
12.1            	1.47015156e+00
12.15           	1.47015168e+00
12.2            	1.47015170e+00
12.25           	1.47015176e+00
12.3            	1.47015182e+00
12.35           	1.47015194e+00
12.4            	1.47015202e+00
12.45           	1.47015207e+00
12.5            	1.47015205e+00
12.55           	1.47015204e+00
12.6            	1.47015210e+00
12.65           	1.47015209e+00
12.7            	1.47015218e+00
12.75           	1.47015218e+00
12.8            	1.47015224e+00
12.85           	1.47015217e+00
12.9            	1.47015219e+00
12.95           	1.47015215e+00
13              	1.47015222e+00
13.05           	1.47015221e+00
13.1            	1.47015223e+00
13.15           	1.47015220e+00
13.2            	1.47015217e+00
13.25           	1.47015225e+00
13.3            	1.47015224e+00
13.35           	1.47015224e+00
13.4            	1.47015220e+00
13.45           	1.47015222e+00
13.5            	1.47015222e+00
13.55           	1.47015223e+00
13.6            	1.47015221e+00
13.65           	1.47015224e+00
13.7            	1.47015221e+00
13.75           	1.47015221e+00
13.8            	1.47015221e+00
13.85           	1.47015222e+00
13.9            	1.47015226e+00
13.95           	1.47015227e+00
14              	1.47015229e+00
14.05           	1.47015224e+00
14.1            	1.47015223e+00
14.15           	1.47015219e+00
14.2            	1.47015222e+00
14.25           	1.47015222e+00
14.3            	1.47015223e+00
14.35           	1.47015222e+00
14.4            	1.47015223e+00
14.45           	1.47015222e+00
14.5            	1.47015223e+00
14.55           	1.47015222e+00
14.6            	1.47015224e+00
14.65           	1.47015223e+00
14.7            	1.47015225e+00
14.75           	1.47015222e+00
14.8            	1.47015222e+00
14.85           	1.47015221e+00
14.9            	1.47015223e+00
14.95           	1.47015223e+00
15              	1.47015223e+00
15.05           	1.47015224e+00
15.1            	1.47015221e+00
15.15           	1.47015221e+00
15.2            	1.47015222e+00
15.25           	1.47015222e+00
15.3            	1.47015222e+00
15.35           	1.47015222e+00
15.4            	1.47015223e+00
15.45           	1.47015224e+00
15.5            	1.47015225e+00
15.55           	1.47015225e+00
15.6            	1.47015221e+00
15.65           	1.47015217e+00
15.7            	1.47015223e+00
15.75           	1.47015223e+00
15.8            	1.47015223e+00
15.85           	1.47015222e+00
15.9            	1.47015224e+00
15.95           	1.47015224e+00
16              	1.47015223e+00
16.05           	1.47015223e+00
16.1            	1.47015223e+00
16.15           	1.47015223e+00
16.2            	1.47015222e+00
16.25           	1.47015223e+00
16.3            	1.47015222e+00
16.35           	1.47015222e+00
16.4            	1.47015222e+00
16.45           	1.47015222e+00
16.5            	1.47015223e+00
16.55           	1.47015223e+00
16.6            	1.47015223e+00
16.65           	1.47015223e+00
16.7            	1.47015223e+00
16.75           	1.47015223e+00
16.8            	1.47015224e+00
16.85           	1.47015224e+00
16.9            	1.47015222e+00
16.95           	1.47015223e+00
17              	1.47015222e+00
17.05           	1.47015222e+00
17.1            	1.47015222e+00
17.15           	1.47015222e+00
17.2            	1.47015223e+00
17.25           	1.47015222e+00
17.3            	1.47015223e+00
17.35           	1.47015223e+00
17.4            	1.47015223e+00
17.45           	1.47015223e+00
17.5            	1.47015222e+00
17.55           	1.47015223e+00
17.6            	1.47015223e+00
17.65           	1.47015223e+00
17.7            	1.47015222e+00
17.75           	1.47015222e+00
17.8            	1.47015222e+00
17.85           	1.47015222e+00
17.9            	1.47015222e+00
17.95           	1.47015222e+00
18              	1.47015222e+00
18.05           	1.47015222e+00
18.1            	1.47015223e+00
18.15           	1.47015224e+00
18.2            	1.47015223e+00
18.25           	1.47015223e+00
18.3            	1.47015222e+00
18.35           	1.47015222e+00
18.4            	1.47015223e+00
18.45           	1.47015223e+00
18.5            	1.47015222e+00
18.55           	1.47015221e+00
18.6            	1.47015223e+00
18.65           	1.47015223e+00
18.7            	1.47015223e+00
18.75           	1.47015222e+00
18.8            	1.47015223e+00
18.85           	1.47015223e+00
18.9            	1.47015222e+00
18.95           	1.47015222e+00
19              	1.47015222e+00
19.05           	1.47015223e+00
19.1            	1.47015223e+00
19.15           	1.47015223e+00
19.2            	1.47015223e+00
19.25           	1.47015223e+00
19.3            	1.47015222e+00
19.35           	1.47015223e+00
19.4            	1.47015224e+00
19.45           	1.47015223e+00
19.5            	1.47015222e+00
19.55           	1.47015222e+00
19.6            	1.47015222e+00
19.65           	1.47015222e+00
19.7            	1.47015222e+00
19.75           	1.47015222e+00
19.8            	1.47015222e+00
19.85           	1.47015222e+00
19.9            	1.47015222e+00
19.95           	1.47015222e+00
20              	1.47015222e+00
