/*--------------------------------*- C++ -*----------------------------------*\
  =========                 |
  \\      /  F ield         | OpenFOAM: The Open Source CFD Toolbox
   \\    /   O peration     | Website:  https://openfoam.org
    \\  /    A nd           | Version:  13
     \\/     M anipulation  |
\*---------------------------------------------------------------------------*/
FoamFile
{
    format      ascii;
    class       volScalarField;
    location    "15";
    object      p;
}
// * * * * * * * * * * * * * * * * * * * * * * * * * * * * * * * * * * * * * //

dimensions      [0 2 -2 0 0 0 0];

internalField   nonuniform List<scalar> 
1000
(
1.6803192
1.5603209
1.4644463
1.4005787
1.351982
1.3093852
1.2715544
1.2388437
1.2107357
1.1861471
1.1640601
1.1437128
1.1245747
1.106289
1.0886245
1.0714365
1.0546369
1.0381719
1.0220079
1.0061218
0.99049623
0.97511611
0.95996769
0.94503772
0.93031332
0.91578195
0.9014315
0.88725037
0.87322756
0.85935266
0.84561591
0.83200815
0.81852085
0.80514604
0.79187629
0.77870469
0.76562479
0.75263058
0.73971645
0.72687718
0.7141079
0.70140403
0.68876134
0.67617585
0.66364384
0.65116185
0.63872663
0.62633514
0.61398454
0.60167219
0.58939559
0.57715243
0.56494053
0.55275787
0.54060254
0.52847276
0.51636686
0.5042833
0.49222062
0.48017746
0.46815254
0.45614468
0.44415277
0.43217576
0.42021266
0.40826259
0.39632467
0.38439812
0.37248221
0.36057622
0.34867952
0.3367915
0.32491158
0.31303922
0.30117394
0.28931526
0.27746276
0.26561604
0.25377471
0.24193843
0.23010686
0.21827969
0.20645663
0.1946374
0.18282175
0.17100946
0.15920031
0.14739409
0.13559059
0.12378964
0.11199106
0.10019474
0.088400518
0.076608246
0.064817769
0.053028958
0.04124176
0.029455984
0.017671882
0.0058888563
1.558579
1.503836
1.4426759
1.3908468
1.3478245
1.3095278
1.2745258
1.2430396
1.2151076
1.1902083
1.1676088
1.1466814
1.1269782
1.1081943
1.0901204
1.0726117
1.0555682
1.0389208
1.0226212
1.006634
0.99093218
0.97549357
0.96029927
0.94533242
0.93057765
0.91602069
0.90164827
0.887448
0.8734083
0.85951837
0.84576814
0.83214824
0.81864996
0.80526518
0.79198636
0.77880648
0.76571902
0.75271787
0.73979739
0.72695228
0.71417761
0.70146879
0.68882153
0.67623182
0.66369591
0.65121031
0.63877174
0.62637714
0.61402367
0.60170864
0.58942956
0.5771841
0.56497006
0.5527854
0.54062821
0.5284967
0.5163892
0.50430414
0.49224006
0.4801956
0.46816948
0.45616049
0.44416752
0.43218953
0.42022552
0.40827458
0.39633587
0.38440858
0.37249197
0.36058534
0.34868804
0.33679945
0.324919
0.31304615
0.30118041
0.2893213
0.2774684
0.26562131
0.25377964
0.24194303
0.23011116
0.2182837
0.20646038
0.1946409
0.18282502
0.17101251
0.15920316
0.14739675
0.13559307
0.12379195
0.11199322
0.10019678
0.088402429
0.076610026
0.064819416
0.053030456
0.04124316
0.029457181
0.017672956
0.005889449
1.4970635
1.4707068
1.4325513
1.391851
1.3533089
1.3173112
1.2834947
1.2520435
1.2232433
1.1970454
1.1731021
1.1509792
1.1302904
1.1107301
1.092064
1.0741142
1.0567472
1.0398642
1.0233926
1.0072785
0.99148129
0.97596935
0.96071718
0.94570343
0.93090968
0.91631965
0.90191868
0.88769344
0.87363168
0.85972214
0.84595439
0.83231878
0.81880636
0.80540883
0.79211849
0.77892817
0.76583122
0.75282144
0.73989309
0.7270408
0.71425956
0.70154472
0.68889194
0.67629715
0.66375656
0.65126664
0.63882409
0.62642582
0.61406895
0.60175078
0.58946879
0.57722063
0.56500409
0.5528171
0.54065775
0.52852423
0.51641486
0.50432806
0.49226237
0.48021641
0.4681889
0.45617861
0.44418443
0.4322053
0.42024023
0.4082883
0.39634867
0.38442053
0.37250313
0.36059577
0.34869778
0.33680854
0.32492749
0.31305407
0.30118779
0.2893282
0.27747485
0.26562733
0.25378526
0.24194828
0.23011606
0.21828828
0.20646465
0.19464489
0.18282875
0.171016
0.15920641
0.14739978
0.13559588
0.12379458
0.1119957
0.10019913
0.088404619
0.076612051
0.064821254
0.053032174
0.041244736
0.029458691
0.01767415
0.0058904139
1.4680476
1.4522018
1.4255487
1.3921886
1.3569487
1.3224386
1.2894497
1.2582743
1.2291834
1.2023136
1.177565
1.1546678
1.1333006
1.1131695
1.0940348
1.0757086
1.0580449
1.040931
1.0242803
1.008027
0.99212048
0.97652175
0.96119966
0.94612873
0.93128749
0.91665743
0.90222227
0.88796748
0.87387996
0.85994778
0.84615999
0.83250655
0.81897821
0.8055664
0.7922632
0.77906127
0.76595381
0.7529345
0.73999747
0.72713727
0.71434881
0.70162737
0.68896852
0.67636817
0.66382246
0.65132783
0.63888093
0.62647865
0.61411807
0.60179647
0.58951132
0.57726022
0.56504095
0.55285144
0.54068973
0.52855403
0.51644263
0.50435395
0.49228652
0.48023894
0.46820991
0.45619821
0.44420271
0.43222234
0.42025612
0.40830313
0.39636252
0.38443346
0.37251521
0.36060705
0.34870831
0.33681836
0.32493664
0.31306261
0.30119577
0.28933565
0.27748181
0.26563384
0.25379134
0.24195396
0.23012135
0.21829322
0.20646926
0.19464921
0.1828328
0.17101978
0.1592099
0.14740301
0.13559891
0.12379747
0.11199844
0.10020169
0.08840693
0.076614181
0.064823195
0.053034093
0.041246469
0.029460492
0.017675556
0.0058919734
1.4554999
1.4432578
1.4211846
1.3913808
1.3580177
1.3243871
1.2919306
1.2610703
1.2320216
1.2049592
1.1799012
1.1566741
1.135
1.1145968
1.095227
1.0767028
1.0588768
1.0416321
1.0248769
1.0085399
0.99256596
0.97691237
0.9615451
0.94643646
0.93156333
0.91690594
0.90244709
0.88817156
0.87406574
0.86011729
0.84631497
0.83264851
0.81910844
0.80568604
0.79237325
0.77916263
0.76604726
0.75302075
0.74007715
0.72721094
0.71441699
0.70169051
0.68902704
0.67642244
0.66387282
0.65137458
0.63892435
0.626519
0.61415559
0.60183137
0.58954379
0.57729045
0.56506909
0.55287764
0.54071413
0.52857676
0.51646381
0.5043737
0.49230494
0.48025612
0.46822593
0.45621314
0.44421663
0.43223532
0.42026823
0.40831444
0.39637307
0.38444332
0.37252442
0.36061564
0.34871632
0.33682583
0.32494361
0.31306912
0.30120185
0.28934133
0.27748712
0.2656388
0.25379597
0.24195828
0.23012538
0.21829696
0.20647277
0.19465252
0.1828359
0.17102264
0.15921251
0.14740544
0.13560125
0.12379975
0.11200056
0.1002036
0.088408605
0.076615762
0.064824693
0.053035621
0.041247826
0.029461917
0.017676715
0.0058933708
1.4554999
1.4432578
1.4211846
1.3913808
1.3580177
1.3243871
1.2919306
1.2610703
1.2320216
1.2049592
1.1799012
1.1566741
1.135
1.1145968
1.095227
1.0767028
1.0588768
1.0416321
1.0248769
1.0085399
0.99256596
0.97691237
0.9615451
0.94643646
0.93156333
0.91690594
0.90244709
0.88817156
0.87406574
0.86011728
0.84631497
0.83264851
0.81910844
0.80568604
0.79237325
0.77916263
0.76604726
0.75302074
0.74007715
0.72721094
0.71441699
0.70169051
0.68902704
0.67642243
0.66387281
0.65137457
0.63892435
0.626519
0.61415559
0.60183138
0.5895438
0.57729045
0.56506908
0.55287763
0.54071412
0.52857676
0.51646382
0.50437371
0.49230495
0.48025612
0.46822593
0.45621314
0.44421662
0.43223531
0.42026823
0.40831444
0.39637309
0.38444334
0.37252443
0.36061564
0.34871631
0.33682582
0.3249436
0.31306911
0.30120185
0.28934134
0.27748713
0.2656388
0.25379597
0.24195828
0.23012537
0.21829696
0.20647278
0.19465254
0.1828359
0.17102261
0.15921248
0.14740545
0.1356013
0.12379981
0.11200057
0.10020354
0.088408531
0.076615737
0.064824726
0.053035672
0.041247852
0.029461916
0.017676706
0.0058933632
1.4680476
1.4522018
1.4255487
1.3921886
1.3569487
1.3224386
1.2894497
1.2582743
1.2291834
1.2023136
1.177565
1.1546678
1.1333006
1.1131695
1.0940348
1.0757086
1.0580449
1.040931
1.0242803
1.008027
0.99212048
0.97652175
0.96119966
0.94612873
0.9312875
0.91665743
0.90222227
0.88796748
0.87387996
0.85994777
0.84615999
0.83250656
0.81897822
0.8055664
0.7922632
0.77906127
0.76595381
0.7529345
0.73999747
0.72713727
0.71434882
0.70162737
0.68896852
0.67636816
0.66382245
0.65132782
0.63888093
0.62647865
0.61411808
0.60179648
0.58951132
0.57726022
0.56504094
0.55285142
0.54068972
0.52855402
0.51644264
0.50435397
0.49228654
0.48023895
0.4682099
0.45619819
0.44420268
0.43222232
0.42025612
0.40830315
0.39636254
0.38443349
0.37251523
0.36060705
0.34870829
0.33681834
0.32493662
0.31306261
0.30119578
0.28933567
0.27748183
0.26563385
0.25379134
0.24195395
0.23012134
0.21829321
0.20646928
0.19464924
0.18283279
0.17101972
0.15920984
0.14740303
0.13559903
0.1237976
0.11199845
0.10020157
0.088406783
0.07661413
0.06482326
0.053034193
0.041246525
0.029460492
0.017675536
0.0058919587
1.4970635
1.4707068
1.4325513
1.391851
1.3533089
1.3173112
1.2834947
1.2520435
1.2232433
1.1970454
1.1731021
1.1509792
1.1302904
1.1107301
1.092064
1.0741142
1.0567472
1.0398642
1.0233926
1.0072785
0.99148129
0.97596935
0.96071718
0.94570343
0.93090968
0.91631965
0.90191868
0.88769343
0.87363168
0.85972214
0.84595439
0.83231879
0.81880637
0.80540884
0.79211849
0.77892816
0.76583121
0.75282144
0.73989309
0.7270408
0.71425957
0.70154473
0.68889194
0.67629714
0.66375655
0.65126664
0.63882409
0.62642583
0.61406896
0.60175079
0.58946879
0.57722063
0.56500408
0.55281709
0.54065774
0.52852423
0.51641486
0.50432808
0.49226239
0.48021643
0.4681889
0.4561786
0.44418441
0.43220528
0.42024022
0.40828831
0.39634869
0.38442056
0.37250315
0.36059577
0.34869777
0.33680852
0.32492747
0.31305406
0.3011878
0.28932821
0.27747486
0.26562734
0.25378527
0.24194828
0.23011605
0.21828828
0.20646466
0.1946449
0.18282873
0.17101596
0.15920639
0.14739982
0.13559597
0.12379466
0.1119957
0.10019905
0.088404521
0.076612009
0.064821283
0.053032233
0.041244778
0.029458704
0.017674145
0.0058904071
1.558579
1.503836
1.4426759
1.3908468
1.3478245
1.3095278
1.2745258
1.2430396
1.2151076
1.1902083
1.1676088
1.1466814
1.1269782
1.1081943
1.0901204
1.0726117
1.0555682
1.0389208
1.0226212
1.006634
0.99093218
0.97549357
0.96029927
0.94533242
0.93057765
0.91602069
0.90164827
0.887448
0.8734083
0.85951837
0.84576814
0.83214824
0.81864996
0.80526518
0.79198636
0.77880648
0.76571901
0.75271787
0.73979739
0.72695228
0.71417761
0.7014688
0.68882153
0.67623182
0.66369591
0.6512103
0.63877173
0.62637714
0.61402367
0.60170864
0.58942956
0.5771841
0.56497005
0.55278539
0.54062821
0.5284967
0.5163892
0.50430415
0.49224007
0.48019561
0.46816948
0.45616048
0.44416751
0.43218951
0.42022551
0.40827458
0.39633587
0.38440859
0.37249198
0.36058534
0.34868804
0.33679944
0.32491899
0.31304614
0.3011804
0.2893213
0.27746841
0.26562132
0.25377964
0.24194303
0.23011116
0.2182837
0.20646037
0.19464088
0.18282499
0.1710125
0.15920317
0.14739678
0.1355931
0.12379197
0.11199322
0.10019676
0.088402404
0.076610006
0.064819402
0.053030455
0.041243171
0.0294572
0.017672971
0.0058894545
1.6803192
1.5603209
1.4644463
1.4005787
1.351982
1.3093852
1.2715544
1.2388437
1.2107357
1.1861471
1.1640601
1.1437128
1.1245747
1.106289
1.0886245
1.0714365
1.0546369
1.0381719
1.0220079
1.0061218
0.99049623
0.9751161
0.95996769
0.94503772
0.93031332
0.91578195
0.9014315
0.88725037
0.87322756
0.85935266
0.8456159
0.83200815
0.81852085
0.80514604
0.79187629
0.77870469
0.76562479
0.75263058
0.73971645
0.72687718
0.7141079
0.70140403
0.68876134
0.67617585
0.66364384
0.65116185
0.63872663
0.62633514
0.61398454
0.60167219
0.58939559
0.57715243
0.56494053
0.55275787
0.54060253
0.52847275
0.51636686
0.5042833
0.49222062
0.48017746
0.46815254
0.45614468
0.44415276
0.43217575
0.42021266
0.40826258
0.39632467
0.38439813
0.37248221
0.36057623
0.34867953
0.33679149
0.32491157
0.31303921
0.30117393
0.28931526
0.27746277
0.26561605
0.25377472
0.24193844
0.23010687
0.21827969
0.20645662
0.19463738
0.18282174
0.17100946
0.15920033
0.14739411
0.1355906
0.12378963
0.11199106
0.10019475
0.088400522
0.07660823
0.064817737
0.053028931
0.041241758
0.029456002
0.017671902
0.0058888667
)
;

boundaryField
{
    top
    {
        type            zeroGradient;
    }
    bottom
    {
        type            zeroGradient;
    }
    inlet
    {
        type            zeroGradient;
    }
    outlet
    {
        type            fixedValue;
        value           uniform 0;
    }
    front
    {
        type            empty;
    }
    back
    {
        type            empty;
    }
}


// ************************************************************************* //
