/*--------------------------------*- C++ -*----------------------------------*\
  =========                 |
  \\      /  F ield         | OpenFOAM: The Open Source CFD Toolbox
   \\    /   O peration     | Website:  https://openfoam.org
    \\  /    A nd           | Version:  13
     \\/     M anipulation  |
\*---------------------------------------------------------------------------*/
FoamFile
{
    format      ascii;
    class       surfaceScalarField;
    location    "15";
    object      phi;
}
// * * * * * * * * * * * * * * * * * * * * * * * * * * * * * * * * * * * * * //

dimensions      [0 3 -1 0 0 0 0];

internalField   nonuniform List<scalar> 
1890
(
0.0093140727
0.00068592734
0.0082963401
0.0010177326
0.0073480838
0.00094825625
0.0065167791
0.00083130473
0.0058112103
0.00070556886
0.0052369127
0.00057429754
0.0047862484
0.00045066426
0.004441012
0.00034523641
0.0041802971
0.0002607149
0.0039843511
0.00019594607
0.0038366531
0.00014769799
0.003724003
0.00011265009
0.0036363473
8.7655672e-05
0.0035663586
6.9988766e-05
0.0035088729
5.7485611e-05
0.0034603388
4.8534124e-05
0.0034183544
4.1984435e-05
0.0033813121
3.7042265e-05
0.0033481383
3.3173823e-05
0.003318109
3.0029289e-05
0.0032907248
2.7384166e-05
0.0032656285
2.5096347e-05
0.0032425523
2.3076191e-05
0.0032212857
2.1266631e-05
0.0032016553
1.9630406e-05
0.0031835132
1.81421e-05
0.0031667299
1.6783306e-05
0.0031511901
1.5539786e-05
0.0031367902
1.4399856e-05
0.0031234367
1.3353498e-05
0.0031110448
1.2391895e-05
0.0030995377
1.1507169e-05
0.0030888454
1.0692244e-05
0.0030789047
9.9407535e-06
0.0030696577
9.2469746e-06
0.0030610519
8.6057681e-06
0.0030530394
8.0125243e-06
0.0030455763
7.463109e-06
0.0030386225
6.953812e-06
0.0030321412
6.4812992e-06
0.0030260986
6.04257e-06
0.0030204637
5.6349191e-06
0.0030152078
5.2559029e-06
0.0030103045
4.9033105e-06
0.0030057293
4.5751361e-06
0.0030014598
4.2695555e-06
0.0029974749
3.9849036e-06
0.0029937552
3.7196552e-06
0.0029902828
3.4724102e-06
0.0029870409
3.2418802e-06
0.0029840141
3.0268801e-06
0.0029811877
2.8263201e-06
0.0029785485
2.6391971e-06
0.0029760839
2.4645869e-06
0.0029737823
2.3016348e-06
0.0029716327
2.1495465e-06
0.0029696252
2.0075825e-06
0.0029677502
1.8750518e-06
0.0029659989
1.7513114e-06
0.0029643631
1.6357647e-06
0.0029628352
1.5278601e-06
0.0029614081
1.4270893e-06
0.0029600751
1.3329828e-06
0.00295883
1.2451028e-06
0.002957667
1.1630401e-06
0.0029565806
1.0864052e-06
0.0029555658
1.0148328e-06
0.0029546178
9.4797671e-07
0.0029537323
8.8551929e-07
0.0029529051
8.2716622e-07
0.0029521324
7.7265398e-07
0.0029514106
7.217337e-07
0.0029507365
6.7418236e-07
0.0029501067
6.29773e-07
0.0029495184
5.8830621e-07
0.0029489689
5.4956481e-07
0.0029484555
5.1337996e-07
0.002947976
4.7955462e-07
0.002947528
4.479706e-07
0.0029471095
4.1843986e-07
0.0029467186
3.9088675e-07
0.0029463535
3.6510124e-07
0.0029460124
3.4108104e-07
0.0029456939
3.1857836e-07
0.0029453962
2.9766539e-07
0.0029451182
2.7797691e-07
0.0029448584
2.5974024e-07
0.0029446159
2.4248672e-07
0.0029443893
2.2671486e-07
0.0029441778
2.1163683e-07
0.0029439798
1.9798158e-07
0.0029437951
1.8455695e-07
0.0029436222
1.7268266e-07
0.0029434614
1.6083792e-07
0.0029433107
1.5080689e-07
0.0029431702
1.4072758e-07
0.0029430381
1.3210696e-07
0.0029429134
1.247414e-07
0.0029427968
1.1649218e-07
1.1718087e-07
0.010341662
0.00034426525
0.010578184
0.00078121018
0.010615671
0.00091076959
0.010553945
0.0008930309
0.010425822
0.00083369229
0.010248587
0.00075153209
0.010044962
0.0006542893
0.0098354604
0.00055473799
0.0096327827
0.00046339255
0.0094437308
0.000384998
0.0092713466
0.00032008221
0.009116574
0.00026742267
0.0089789731
0.0002252566
0.0088572402
0.0001917216
0.0087496634
0.00016506247
0.0086544455
0.00014375197
0.00856989
0.00012654001
0.0084944844
0.00011244777
0.0084269262
0.00010073204
0.0083661156
9.0839869e-05
0.0083111354
8.2364452e-05
0.0082612243
7.5007434e-05
0.0082157512
6.8549276e-05
0.0081741908
6.2827031e-05
0.0081361031
5.7718133e-05
0.0081011164
5.3128766e-05
0.0080689141
4.898562e-05
0.0080392237
4.5230162e-05
0.0080118089
4.1814677e-05
0.0079864628
3.8699553e-05
0.0079630033
3.5851399e-05
0.0079412688
3.3241719e-05
0.0079211151
3.0845956e-05
0.0079024131
2.8642784e-05
0.0078850465
2.6613567e-05
0.0078689103
2.4741938e-05
0.0078539093
2.3013457e-05
0.0078399571
2.1415328e-05
0.0078269748
1.9936174e-05
0.0078148902
1.8565838e-05
0.0078036376
1.7295226e-05
0.0077931563
1.611617e-05
0.0077833909
1.5021316e-05
0.0077742902
1.4004024e-05
0.007765807
1.3058281e-05
0.007757898
1.2178624e-05
0.0077505228
1.1360076e-05
0.0077436444
1.0598087e-05
0.0077372283
9.8884919e-06
0.0077312427
9.2274686e-06
0.0077256581
8.6115129e-06
0.007720447
8.0374066e-06
0.007715584
7.5021916e-06
0.0077110454
7.0031426e-06
0.0077068093
6.5377391e-06
0.0077028552
6.1036451e-06
0.0076991642
5.6986901e-06
0.0076957184
5.3208571e-06
0.0076925014
4.9682777e-06
0.0076894979
4.6392217e-06
0.0076866936
4.3320936e-06
0.0076840753
4.0454182e-06
0.0076816304
3.7778284e-06
0.0076793475
3.528048e-06
0.0076772157
3.2948812e-06
0.0076752249
3.0772006e-06
0.0076733659
2.8739544e-06
0.0076716297
2.6841569e-06
0.0076700083
2.506909e-06
0.007668494
2.3413736e-06
0.0076670798
2.1867941e-06
0.0076657591
2.0424489e-06
0.0076645256
1.9076807e-06
0.0076633736
1.7818321e-06
0.0076622976
1.6643246e-06
0.0076612927
1.5545544e-06
0.007660354
1.452041e-06
0.0076594773
1.3562427e-06
0.0076586584
1.266808e-06
0.0076578936
1.1832236e-06
0.0076571792
1.1052505e-06
0.007656512
1.0323152e-06
0.0076558888
9.6433615e-07
0.0076553068
9.0064291e-07
0.007654763
8.4141194e-07
0.0076542551
7.8572872e-07
0.0076537806
7.3419688e-07
0.0076533378
6.8547932e-07
0.0076529238
6.4086457e-07
0.0076525375
5.9805363e-07
0.0076521758
5.5942883e-07
0.0076518388
5.2126522e-07
0.0076515231
4.882655e-07
0.0076512299
4.5414246e-07
0.007650954
4.2709103e-07
0.0076506992
3.9569445e-07
0.0076504566
3.7467325e-07
0.0076502371
3.4404592e-07
0.0076500218
3.3167298e-07
3.0211793e-07
0.010181464
0.00016280099
0.010521798
0.00044087647
0.010842482
0.00059008571
0.011112769
0.00062274377
0.01133602
0.00061044159
0.011508579
0.00057897246
0.011630744
0.0005321246
0.011709907
0.00047557512
0.011755697
0.00041760214
0.011776644
0.00036405133
0.011779503
0.0003172236
0.011769652
0.0002772735
0.01175133
0.00024357852
0.011727726
0.00021532526
0.011701127
0.00019166164
0.011673116
0.00017176286
0.011644765
0.00015489118
0.011616781
0.00014043211
0.011589614
0.00012789904
0.011563536
0.00011691717
0.0115387
0.00010720077
0.011515175
9.8531964e-05
0.011492981
9.0743688e-05
0.011472102
8.3706566e-05
0.011452501
7.7319038e-05
0.011434129
7.1499981e-05
0.011416932
6.618331e-05
0.011400848
6.1314117e-05
0.011385816
5.6845955e-05
0.011371777
5.2738933e-05
0.01135867
4.8958379e-05
0.011346438
4.5473874e-05
0.011335025
4.2258532e-05
0.01132438
3.9288464e-05
0.011314451
3.6542347e-05
0.011305192
3.4001079e-05
0.011296558
3.1647493e-05
0.011288507
2.9466119e-05
0.011281
2.7442981e-05
0.011274001
2.5565425e-05
0.011267474
2.3821976e-05
0.011261388
2.2202207e-05
0.011255712
2.0696629e-05
0.01125042
1.9296589e-05
0.011245484
1.7994184e-05
0.01124088
1.6782171e-05
0.011236587
1.5653905e-05
0.011232581
1.4603278e-05
0.011228845
1.362467e-05
0.01122536
1.2712912e-05
0.011222108
1.1863245e-05
0.011219074
1.1071287e-05
0.011216243
1.0332993e-05
0.011213602
9.6446209e-06
0.011211137
9.0026997e-06
0.011208837
8.4040051e-06
0.01120669
7.8455413e-06
0.011204686
7.3245296e-06
0.011202816
6.8383975e-06
0.01120107
6.3847669e-06
0.011199441
5.9614409e-06
0.01119792
5.5663798e-06
0.0111965
5.1976865e-06
0.011195175
4.8535802e-06
0.011193937
4.5323934e-06
0.011192782
4.23256e-06
0.011191703
3.9526281e-06
0.011190696
3.6912506e-06
0.011189756
3.4471992e-06
0.011188878
3.2193273e-06
0.011188058
3.0065885e-06
0.011187292
2.8079697e-06
0.011186578
2.6225449e-06
0.01118591
2.4493902e-06
0.011185287
2.2877041e-06
0.011184705
2.136665e-06
0.011184161
1.9956351e-06
0.011183653
1.863869e-06
0.011183179
1.7408801e-06
0.011182736
1.6259379e-06
0.011182323
1.51875e-06
0.011181937
1.4185036e-06
0.011181576
1.3250929e-06
0.011181239
1.2374531e-06
0.011180925
1.1559698e-06
0.011180631
1.0793476e-06
0.011180356
1.0087504e-06
0.0111801
9.4182479e-07
0.011179861
8.8067322e-07
0.011179638
8.2127423e-07
0.011179428
7.6842035e-07
0.011179233
7.1541379e-07
0.01117905
6.7133643e-07
0.011178882
6.233327e-07
0.011178722
5.8796172e-07
0.011178575
5.4180121e-07
0.011178434
5.1588932e-07
0.011178309
4.6846784e-07
0.011178186
4.5449198e-07
4.0592529e-07
0.010094914
6.7887459e-05
0.010340233
0.00019555688
0.01065185
0.00027846872
0.010969203
0.00030539076
0.011273712
0.00030593223
0.01155641
0.00029627538
0.011809194
0.00027934034
0.012028326
0.00025644286
0.012214936
0.00023099242
0.012372692
0.00020629519
0.012505836
0.00018407978
0.012618428
0.00016468134
0.012714101
0.00014790567
0.012795956
0.00013346964
0.012866554
0.00012106424
0.01292795
0.00011036698
0.012981772
0.00010106928
0.0130293
9.2903858e-05
0.013071543
8.565596e-05
0.0131093
7.9159837e-05
0.013143212
7.3289232e-05
0.013173796
6.7947858e-05
0.013201478
6.3061788e-05
0.013226611
5.8573662e-05
0.013249491
5.4438274e-05
0.013270372
5.061923e-05
0.013289469
4.7086484e-05
0.013306969
4.3814596e-05
0.013323033
4.0781542e-05
0.013337804
3.7967905e-05
0.013351406
3.5356334e-05
0.013363949
3.2931175e-05
0.013375529
3.0678208e-05
0.013386233
2.858445e-05
0.013396137
2.6638015e-05
0.01340531
2.4827987e-05
0.013413814
2.3144323e-05
0.013421702
2.1577776e-05
0.013429025
2.0119824e-05
0.013435828
1.8762607e-05
0.013442151
1.7498879e-05
0.013448031
1.6321954e-05
0.013453502
1.522566e-05
0.013458595
1.4204292e-05
0.013463336
1.3252569e-05
0.013467753
1.2365595e-05
0.013471868
1.1538834e-05
0.013475703
1.0768078e-05
0.013479278
1.0049434e-05
0.013482612
9.3792965e-06
0.013485721
8.7543276e-06
0.013488621
8.1714328e-06
0.013491326
7.6277345e-06
0.01349385
7.1205516e-06
0.013496205
6.6473839e-06
0.013498404
6.2059012e-06
0.013500455
5.7939378e-06
0.01350237
5.4094852e-06
0.013504158
5.0506862e-06
0.013505827
4.7158209e-06
0.013507385
4.4032918e-06
0.01350884
4.1116066e-06
0.013510198
3.8393643e-06
0.013511466
3.5852443e-06
0.013512651
3.348012e-06
0.013513757
3.1265141e-06
0.01351479
2.9196943e-06
0.013515754
2.7265777e-06
0.013516655
2.5462761e-06
0.013517496
2.3779491e-06
0.013518282
2.220818e-06
0.013519016
2.0741182e-06
0.013519702
1.9371496e-06
0.013520342
1.8092189e-06
0.01352094
1.6897433e-06
0.013521498
1.5781317e-06
0.01352202
1.4739344e-06
0.013522507
1.3765917e-06
0.013522962
1.2857414e-06
0.013523387
1.2008347e-06
0.013523785
1.1216989e-06
0.013524155
1.0476753e-06
0.013524502
9.7867278e-07
0.013524825
9.1381808e-07
0.013525128
8.5360925e-07
0.01352541
7.970515e-07
0.013525674
7.4516597e-07
0.01352592
6.9567123e-07
0.01352615
6.5045386e-07
0.013526365
6.0610041e-07
0.013526566
5.6731495e-07
0.013526753
5.2802467e-07
0.013526929
4.9629615e-07
0.013527093
4.6020881e-07
0.013527246
4.3476803e-07
0.013527388
3.9935305e-07
0.013527522
3.8130527e-07
0.013527646
3.4457824e-07
0.013527765
3.3488864e-07
2.9842933e-07
0.010067887
-2.9702734e-13
0.010263444
-4.3047009e-13
0.010541913
-2.3678153e-13
0.010847304
1.2154885e-13
0.011153236
4.2492438e-13
0.011449511
4.3612155e-13
0.011728852
7.9473059e-14
0.011985295
-4.3815285e-13
0.012216287
-7.7372086e-13
0.012422582
-5.5403228e-13
0.012606662
2.7944777e-13
0.012771343
1.3863494e-12
0.012919249
2.0880863e-12
0.013052719
1.7027084e-12
0.013173783
6.1601019e-14
0.01328415
-2.2873329e-12
0.013385219
-4.0428595e-12
0.013478123
-3.8879621e-12
0.013563779
-1.3552919e-12
0.013642939
2.7617052e-12
0.013716228
6.297739e-12
0.013784176
6.9720267e-12
0.013847238
3.6466798e-12
0.013905811
-2.6035165e-12
0.01396025
-8.4452514e-12
0.014010869
-1.0371469e-11
0.014057955
-6.625571e-12
0.01410177
1.3936109e-12
0.014142552
9.2152708e-12
0.014180519
1.2510724e-11
0.014215876
9.0060657e-12
0.014248807
2.7724395e-14
0.014279485
-8.9607832e-12
0.01430807
-1.3353882e-11
0.014334708
-1.0291528e-11
0.014359536
-9.6519662e-13
0.01438268
8.9633135e-12
0.014404258
1.422947e-11
0.014424378
1.142281e-11
0.01444314
1.3461668e-12
0.014460639
-1.0562282e-11
0.014476961
-1.7647409e-11
0.014492187
-1.4991745e-11
0.014506391
-2.9422349e-12
0.014519644
1.2830952e-11
0.014532009
2.3932058e-11
0.014543548
2.3053964e-11
0.014554316
9.2726378e-12
0.014564365
-1.1466027e-11
0.014573745
-2.8842341e-11
0.014582499
-3.309297e-11
0.01459067
-2.0531018e-11
0.014598298
4.0084142e-12
0.014605419
2.929813e-11
0.014612066
4.2877079e-11
0.014618272
3.685432e-11
0.014624066
1.2089331e-11
0.014629475
-2.0465991e-11
0.014634526
-4.5212648e-11
0.014639242
-5.0569416e-11
0.014643645
-3.1384519e-11
0.014647757
5.4114821e-12
0.014651596
4.1788156e-11
0.014655182
6.1050339e-11
0.01465853
5.1960723e-11
0.014661656
1.6825949e-11
0.014664576
-2.6444249e-11
0.014667302
-5.5475431e-11
0.014669848
-5.8881539e-11
0.014672226
-3.3171232e-11
0.014674447
9.5683475e-12
0.014676522
4.440788e-11
0.014678459
5.6651184e-11
0.014680268
4.1072671e-11
0.014681957
8.664736e-12
0.014683536
-1.9475015e-11
0.014685009
-2.9088472e-11
0.014686386
-3.1539924e-11
0.014687672
-2.1033736e-11
0.014688873
8.4626617e-12
0.014689995
4.3572072e-11
0.014691042
4.2949266e-11
0.01469202
-1.5773778e-11
0.014692934
-8.4181822e-11
0.014693788
-5.1335962e-11
0.014694586
9.1794453e-11
0.014695331
2.1468284e-10
0.014696026
1.2978057e-10
0.014696675
-1.3215617e-10
0.014697281
-3.1773388e-10
0.01469785
-2.2800778e-10
0.014698379
7.2962437e-11
0.014698875
2.9583984e-10
0.014699335
2.6550622e-10
0.014699769
5.3953697e-11
0.014700168
-1.274049e-10
0.014700549
-1.4291042e-10
0.014700894
-1.0057929e-10
0.014701229
-2.6788105e-11
1.7288578e-11
0.010067887
-6.788746e-05
0.010263444
-0.00019555688
0.010541913
-0.00027846872
0.010847304
-0.00030539076
0.011153236
-0.00030593223
0.011449511
-0.00029627538
0.011728852
-0.00027934034
0.011985295
-0.00025644286
0.012216287
-0.00023099242
0.012422582
-0.00020629519
0.012606662
-0.00018407978
0.012771343
-0.00016468134
0.012919249
-0.00014790567
0.013052719
-0.00013346964
0.013173783
-0.00012106424
0.01328415
-0.00011036698
0.013385219
-0.00010106928
0.013478123
-9.2903863e-05
0.013563779
-8.5655962e-05
0.013642939
-7.9159833e-05
0.013716228
-7.3289223e-05
0.013784176
-6.794785e-05
0.013847238
-6.3061784e-05
0.013905811
-5.8573665e-05
0.01396025
-5.4438285e-05
0.014010869
-5.0619243e-05
0.014057955
-4.7086492e-05
0.01410177
-4.3814595e-05
0.014142552
-4.0781531e-05
0.014180519
-3.796789e-05
0.014215876
-3.5356324e-05
0.014248807
-3.2931175e-05
0.014279485
-3.0678218e-05
0.01430807
-2.8584466e-05
0.014334708
-2.6638027e-05
0.014359536
-2.4827988e-05
0.01438268
-2.3144312e-05
0.014404258
-2.157776e-05
0.014424378
-2.0119811e-05
0.01444314
-1.8762606e-05
0.014460639
-1.7498892e-05
0.014476961
-1.6321974e-05
0.014492187
-1.5225676e-05
0.014506391
-1.4204293e-05
0.014519644
-1.3252551e-05
0.014532009
-1.2365566e-05
0.014543548
-1.1538807e-05
0.014554316
-1.076807e-05
0.014564365
-1.0049451e-05
0.014573745
-9.3793329e-06
0.014582499
-8.7543676e-06
0.01459067
-8.1714561e-06
0.014598298
-7.6277271e-06
0.014605419
-7.1205139e-06
0.014612066
-6.647331e-06
0.014618272
-6.2058569e-06
0.014624066
-5.7939242e-06
0.014629475
-5.4095113e-06
0.014634526
-5.0507424e-06
0.014639242
-4.7158821e-06
0.014643645
-4.4033287e-06
0.014647757
-4.111599e-06
0.014651596
-3.8393125e-06
0.014655182
-3.5851708e-06
0.01465853
-3.3479496e-06
0.014661656
-3.1264926e-06
0.014664575
-2.9197241e-06
0.014667302
-2.7266437e-06
0.014669848
-2.5463448e-06
0.014672227
-2.3779878e-06
0.014674447
-2.220809e-06
0.014676522
-2.074068e-06
0.014678459
-1.9370856e-06
0.014680268
-1.8091704e-06
0.014681957
-1.6897286e-06
0.014683536
-1.578149e-06
0.014685009
-1.4739688e-06
0.014686386
-1.3766219e-06
0.014687672
-1.2857563e-06
0.014688873
-1.2008226e-06
0.014689995
-1.1216614e-06
0.014691042
-1.0476457e-06
0.01469202
-9.7869631e-07
0.014692934
-9.1388754e-07
0.014693788
-8.5363091e-07
0.014694586
-7.9693027e-07
0.014695331
-7.4494573e-07
0.014696026
-6.9555213e-07
0.014696675
-6.505994e-07
0.014697282
-6.0643703e-07
0.01469785
-5.6755712e-07
0.014698379
-5.2795282e-07
0.014698875
-4.9597381e-07
0.014699334
-4.5989948e-07
0.014699768
-4.3468461e-07
0.014700168
-3.9947276e-07
0.01470055
-3.8147262e-07
0.014700895
-3.4468464e-07
0.01470123
-3.348972e-07
-2.983966e-07
0.010094914
-0.00016280099
0.010340233
-0.00044087647
0.01065185
-0.00059008571
0.010969203
-0.00062274377
0.011273712
-0.00061044159
0.01155641
-0.00057897246
0.011809194
-0.0005321246
0.012028326
-0.00047557512
0.012214936
-0.00041760214
0.012372692
-0.00036405133
0.012505836
-0.0003172236
0.012618428
-0.0002772735
0.012714101
-0.00024357852
0.012795956
-0.00021532527
0.012866554
-0.00019166164
0.01292795
-0.00017176286
0.012981772
-0.00015489118
0.0130293
-0.00014043211
0.013071543
-0.00012789904
0.0131093
-0.00011691717
0.013143212
-0.00010720077
0.013173796
-9.8531966e-05
0.013201478
-9.074369e-05
0.013226611
-8.3706566e-05
0.013249491
-7.7319036e-05
0.013270372
-7.1499978e-05
0.013289469
-6.6183308e-05
0.013306969
-6.1314118e-05
0.013323033
-5.6845958e-05
0.013337804
-5.2738937e-05
0.013351406
-4.8958382e-05
0.013363949
-4.5473872e-05
0.013375529
-4.2258527e-05
0.013386233
-3.9288458e-05
0.013396137
-3.6542343e-05
0.01340531
-3.4001079e-05
0.013413814
-3.1647498e-05
0.013421702
-2.9466127e-05
0.013429025
-2.7442987e-05
0.013435828
-2.5565427e-05
0.013442151
-2.3821972e-05
0.013448031
-2.2202198e-05
0.013453502
-2.0696619e-05
0.013458595
-1.9296584e-05
0.013463336
-1.7994185e-05
0.013467753
-1.6782178e-05
0.013471868
-1.5653915e-05
0.013475703
-1.4603284e-05
0.013479278
-1.362467e-05
0.013482612
-1.2712905e-05
0.013485721
-1.1863235e-05
0.013488621
-1.1071279e-05
0.013491326
-1.0332992e-05
0.01349385
-9.6446267e-06
0.013496205
-9.0027095e-06
0.013498403
-8.4040134e-06
0.013500455
-7.8455432e-06
0.01350237
-7.3245227e-06
0.013504158
-6.8383843e-06
0.013505827
-6.3847533e-06
0.013507385
-5.9614336e-06
0.01350884
-5.5663841e-06
0.013510198
-5.197701e-06
0.013511466
-4.8535983e-06
0.013512651
-4.532405e-06
0.013513757
-4.2325569e-06
0.01351479
-3.9526097e-06
0.013515754
-3.6912242e-06
0.013516655
-3.4471774e-06
0.013517497
-3.2193213e-06
0.013518282
-3.0066021e-06
0.013519016
-2.8079963e-06
0.013519702
-2.6225702e-06
0.013520342
-2.4493992e-06
0.01352094
-2.2876918e-06
0.013521498
-2.136639e-06
0.01352202
-1.9956085e-06
0.013522507
-1.863848e-06
0.013522962
-1.7408658e-06
0.013523388
-1.6259407e-06
0.013523785
-1.5187831e-06
0.013524155
-1.418551e-06
0.013524502
-1.3250986e-06
0.013524825
-1.2373799e-06
0.013525128
-1.1558704e-06
0.01352541
-1.0793387e-06
0.013525674
-1.0088706e-06
0.01352592
-9.4195355e-07
0.01352615
-8.8064566e-07
0.013526365
-8.2108076e-07
0.013526566
-7.6824388e-07
0.013526754
-7.1544079e-07
0.013526929
-6.715432e-07
0.013527092
-6.2350916e-07
0.013527245
-5.8794958e-07
0.013527388
-5.4163466e-07
0.013527522
-5.1572305e-07
0.013527646
-4.6839917e-07
0.013527766
-4.5448238e-07
-4.0592761e-07
0.010181464
-0.00034426525
0.010521798
-0.00078121018
0.010842482
-0.00091076959
0.011112769
-0.0008930309
0.01133602
-0.00083369229
0.011508579
-0.00075153209
0.011630744
-0.0006542893
0.011709907
-0.00055473799
0.011755697
-0.00046339255
0.011776644
-0.000384998
0.011779503
-0.00032008221
0.011769652
-0.00026742267
0.01175133
-0.0002252566
0.011727726
-0.0001917216
0.011701127
-0.00016506247
0.011673116
-0.00014375196
0.011644765
-0.00012654001
0.011616781
-0.00011244777
0.011589614
-0.00010073204
0.011563536
-9.0839872e-05
0.0115387
-8.2364458e-05
0.011515175
-7.5007441e-05
0.011492981
-6.854928e-05
0.011472101
-6.2827028e-05
0.011452501
-5.7718125e-05
0.011434129
-5.3128756e-05
0.011416932
-4.8985615e-05
0.011400848
-4.5230165e-05
0.011385816
-4.1814687e-05
0.011371777
-3.8699565e-05
0.01135867
-3.5851406e-05
0.011346438
-3.3241717e-05
0.011335025
-3.0845945e-05
0.01132438
-2.8642769e-05
0.011314451
-2.6613557e-05
0.011305192
-2.4741939e-05
0.011296558
-2.3013469e-05
0.011288507
-2.1415345e-05
0.011281
-1.9936187e-05
0.011274001
-1.8565839e-05
0.011267474
-1.7295213e-05
0.011261388
-1.6116149e-05
0.011255712
-1.5021298e-05
0.01125042
-1.4004019e-05
0.011245484
-1.3058292e-05
0.01124088
-1.2178648e-05
0.011236587
-1.1360099e-05
0.011232581
-1.0598098e-05
0.011228845
-9.8884816e-06
0.01122536
-9.2274417e-06
0.011222108
-8.6114821e-06
0.011219074
-8.037388e-06
0.011216243
-7.5021963e-06
0.011213602
-7.00317e-06
0.011211137
-6.5377776e-06
0.011208837
-6.1036757e-06
0.01120669
-5.6986964e-06
0.011204686
-5.3208336e-06
0.011202816
-4.9682326e-06
0.01120107
-4.6391755e-06
0.011199441
-4.3320691e-06
0.01119792
-4.0454296e-06
0.0111965
-3.7778733e-06
0.011195175
-3.5281059e-06
0.011193937
-3.2949238e-06
0.011192782
-3.0772053e-06
0.011191703
-2.8739163e-06
0.011190696
-2.6840935e-06
0.011189756
-2.5068504e-06
0.011188878
-2.3413488e-06
0.011188058
-2.1868153e-06
0.011187292
-2.0425037e-06
0.011186578
-1.9077402e-06
0.01118591
-1.7818664e-06
0.011185287
-1.6643191e-06
0.011184705
-1.554517e-06
0.011184161
-1.4519923e-06
0.011183653
-1.3562017e-06
0.011183179
-1.2667892e-06
0.011182737
-1.1832388e-06
0.011182323
-1.1052977e-06
0.011181937
-1.0323581e-06
0.011181576
-9.6431667e-07
0.01118124
-9.0055135e-07
0.011180925
-8.4134168e-07
0.011180631
-7.858002e-07
0.011180356
-7.3439847e-07
0.0111801
-6.8561649e-07
0.011179861
-6.4073853e-07
0.011179638
-5.977141e-07
0.011179429
-5.5917173e-07
0.011179234
-5.2134266e-07
0.01117905
-4.8861936e-07
0.011178882
-4.5445525e-07
0.011178721
-4.2711368e-07
0.011178575
-3.9546186e-07
0.011178434
-3.7440626e-07
0.011178309
-3.4390837e-07
0.011178186
-3.3165584e-07
-3.021338e-07
0.010341662
-0.00068592734
0.010578184
-0.0010177326
0.010615671
-0.00094825625
0.010553945
-0.00083130473
0.010425822
-0.00070556886
0.010248587
-0.00057429754
0.010044962
-0.00045066426
0.0098354604
-0.00034523641
0.0096327827
-0.0002607149
0.0094437308
-0.00019594607
0.0092713466
-0.00014769799
0.009116574
-0.00011265009
0.0089789731
-8.7655674e-05
0.0088572402
-6.9988767e-05
0.0087496634
-5.7485611e-05
0.0086544455
-4.8534122e-05
0.00856989
-4.1984433e-05
0.0084944845
-3.7042263e-05
0.0084269262
-3.3173823e-05
0.0083661157
-3.0029291e-05
0.0083111354
-2.738417e-05
0.0082612243
-2.509635e-05
0.0082157512
-2.3076192e-05
0.0081741908
-2.1266628e-05
0.0081361031
-1.96304e-05
0.0081011164
-1.8142094e-05
0.0080689141
-1.6783303e-05
0.0080392237
-1.5539789e-05
0.0080118089
-1.4399862e-05
0.0079864628
-1.3353505e-05
0.0079630033
-1.2391898e-05
0.0079412688
-1.1507167e-05
0.0079211151
-1.0692237e-05
0.0079024131
-9.9407459e-06
0.0078850465
-9.2469699e-06
0.0078689103
-8.6057693e-06
0.0078539093
-8.012531e-06
0.0078399571
-7.4631178e-06
0.0078269747
-6.953818e-06
0.0078148902
-6.4812987e-06
0.0078036376
-6.0425626e-06
0.0077931563
-5.6349082e-06
0.0077833909
-5.2558945e-06
0.0077742902
-4.9033096e-06
0.007765807
-4.5751443e-06
0.007757898
-4.2695692e-06
0.0077505228
-3.9849158e-06
0.0077436444
-3.719659e-06
0.0077372283
-3.4724023e-06
0.0077312427
-3.2418636e-06
0.0077256581
-3.0268627e-06
0.007720447
-2.8263108e-06
0.007715584
-2.6392018e-06
0.0077110454
-2.4646046e-06
0.0077068093
-2.3016579e-06
0.0077028552
-2.149564e-06
0.0076991641
-2.0075849e-06
0.0076957183
-1.8750364e-06
0.0076925014
-1.7512841e-06
0.0076894979
-1.6357376e-06
0.0076866937
-1.5278469e-06
0.0076840753
-1.4270975e-06
0.0076816305
-1.3330099e-06
0.0076793475
-1.2451369e-06
0.0076772156
-1.1630646e-06
0.0076752249
-1.0864079e-06
0.0076733658
-1.0148115e-06
0.0076716297
-9.4794116e-07
0.0076700083
-8.8548667e-07
0.007668494
-8.2715181e-07
0.0076670799
-7.7266434e-07
0.0076657591
-7.2176231e-07
0.0076645256
-6.7421444e-07
0.0076633736
-6.2979347e-07
0.0076622976
-5.8830731e-07
0.0076612926
-5.4954875e-07
0.007660354
-5.13355e-07
0.0076594773
-4.7953137e-07
0.0076586584
-4.479608e-07
0.0076578936
-4.1844956e-07
0.0076571792
-3.9090739e-07
0.007656512
-3.6510855e-07
0.0076558889
-3.4105613e-07
0.0076553069
-3.1854251e-07
0.007654763
-2.9767356e-07
0.0076542551
-2.7805364e-07
0.0076537805
-2.5983062e-07
0.0076533377
-2.4249405e-07
0.0076529239
-2.2660042e-07
0.0076525376
-2.1148067e-07
0.007652176
-1.9791572e-07
0.0076518389
-1.8463478e-07
0.0076515232
-1.7283453e-07
0.00765123
-1.6094444e-07
0.007650954
-1.5080366e-07
0.0076506991
-1.4064275e-07
0.0076504565
-1.320071e-07
0.0076502372
-1.2467215e-07
0.007650022
-1.1645961e-07
-1.1717668e-07
0.0093140727
0.0082963401
0.0073480838
0.0065167791
0.0058112103
0.0052369127
0.0047862485
0.004441012
0.0041802971
0.0039843511
0.0038366531
0.003724003
0.0036363473
0.0035663586
0.0035088729
0.0034603388
0.0034183544
0.0033813121
0.0033481383
0.003318109
0.0032907248
0.0032656285
0.0032425523
0.0032212857
0.0032016553
0.0031835132
0.0031667299
0.0031511901
0.0031367902
0.0031234367
0.0031110448
0.0030995377
0.0030888454
0.0030789047
0.0030696577
0.0030610519
0.0030530394
0.0030455763
0.0030386225
0.0030321412
0.0030260986
0.0030204637
0.0030152078
0.0030103045
0.0030057293
0.0030014598
0.0029974749
0.0029937552
0.0029902828
0.0029870409
0.0029840141
0.0029811878
0.0029785486
0.0029760839
0.0029737823
0.0029716327
0.0029696252
0.0029677501
0.0029659988
0.0029643631
0.0029628352
0.0029614081
0.0029600751
0.00295883
0.0029576669
0.0029565805
0.0029555657
0.0029546178
0.0029537323
0.0029529051
0.0029521325
0.0029514107
0.0029507365
0.0029501067
0.0029495184
0.0029489688
0.0029484555
0.002947976
0.002947528
0.0029471095
0.0029467186
0.0029463536
0.0029460125
0.0029456939
0.0029453962
0.0029451181
0.0029448584
0.002944616
0.0029443894
0.0029441778
0.0029439798
0.0029437952
0.0029436224
0.0029434616
0.0029433107
0.00294317
0.002943038
0.0029429133
0.0029427969
)
;

boundaryField
{
    top
    {
        type            calculated;
        value           uniform 0;
    }
    bottom
    {
        type            calculated;
        value           uniform 0;
    }
    inlet
    {
        type            calculated;
        value           nonuniform List<scalar> 10(-0.01 -0.01 -0.01 -0.01 -0.01 -0.01 -0.01 -0.01 -0.01 -0.01);
    }
    outlet
    {
        type            calculated;
        value           nonuniform List<scalar> 10(0.0029426796 0.0076498369 0.011178082 0.013527873 0.014701528 0.014701528 0.013527873 0.011178082 0.007649837 0.0029426797);
    }
    front
    {
        type            empty;
    }
    back
    {
        type            empty;
    }
}


// ************************************************************************* //
