/*--------------------------------*- C++ -*----------------------------------*\
  =========                 |
  \\      /  F ield         | OpenFOAM: The Open Source CFD Toolbox
   \\    /   O peration     | Website:  https://openfoam.org
    \\  /    A nd           | Version:  13
     \\/     M anipulation  |
\*---------------------------------------------------------------------------*/
FoamFile
{
    format      ascii;
    class       volVectorField;
    location    "15";
    object      U;
}
// * * * * * * * * * * * * * * * * * * * * * * * * * * * * * * * * * * * * * //

dimensions      [0 1 -1 0 0 0 0];

internalField   nonuniform List<vector> 
1000
(
(0.92074242 0.03382768 0)
(0.8635379 0.056684191 0)
(0.78799127 0.052753994 0)
(0.69766161 0.041237061 0)
(0.61471542 0.03020314 0)
(0.54875554 0.020988077 0)
(0.49827309 0.013660659 0)
(0.45949312 0.0082997554 0)
(0.42978721 0.004735884 0)
(0.4072852 0.002532184 0)
(0.39034402 0.0012497964 0)
(0.37751559 0.00056180318 0)
(0.36764107 0.00024261438 0)
(0.35985945 0.00013663719 0)
(0.35355677 0.00013976105 0)
(0.34830594 0.00018761031 0)
(0.34381545 0.00024452982 0)
(0.33988918 0.00029351244 0)
(0.33639623 0.00032844053 0)
(0.33324896 0.00034888357 0)
(0.33038779 0.00035693693 0)
(0.32777097 0.00035546646 0)
(0.32536798 0.0003472408 0)
(0.32315538 0.000334579 0)
(0.32111429 0.00031926804 0)
(0.31922887 0.00030260445 0)
(0.31748536 0.00028548198 0)
(0.31587163 0.00026848667 0)
(0.31437679 0.00025198183 0)
(0.31299103 0.00023617667 0)
(0.31170546 0.00022117776 0)
(0.31051204 0.00020702591 0)
(0.30940346 0.0001937215 0)
(0.30837305 0.00018124125 0)
(0.3074148 0.00016954919 0)
(0.30652319 0.00015860338 0)
(0.30569321 0.00014835998 0)
(0.30492028 0.00013877551 0)
(0.30420021 0.00012980803 0)
(0.30352916 0.00012141768 0)
(0.30290362 0.00011356696 0)
(0.30232035 0.00010622079 0)
(0.30177636 9.9346471e-05 0)
(0.30126891 9.2913616e-05 0)
(0.30079546 8.6893973e-05 0)
(0.30035366 8.1261221e-05 0)
(0.29994133 7.5990736e-05 0)
(0.29955648 7.105937e-05 0)
(0.29919722 6.6445365e-05 0)
(0.29886183 6.212827e-05 0)
(0.29854869 5.8088979e-05 0)
(0.2982563 5.4309751e-05 0)
(0.29798328 5.0774123e-05 0)
(0.29772833 4.746681e-05 0)
(0.29749024 4.4373486e-05 0)
(0.29726788 4.1480587e-05 0)
(0.29706022 3.8775233e-05 0)
(0.29686627 3.6245147e-05 0)
(0.29668512 3.3878799e-05 0)
(0.29651592 3.1665462e-05 0)
(0.29635788 2.9595294e-05 0)
(0.29621027 2.7659325e-05 0)
(0.29607239 2.5849301e-05 0)
(0.2959436 2.4157446e-05 0)
(0.2958233 2.2576349e-05 0)
(0.29571094 2.109867e-05 0)
(0.29560597 1.9717425e-05 0)
(0.29550792 1.8425858e-05 0)
(0.29541633 1.7217948e-05 0)
(0.29533077 1.6088194e-05 0)
(0.29525085 1.5031984e-05 0)
(0.2951762 1.4044835e-05 0)
(0.29510646 1.3122932e-05 0)
(0.29504133 1.226178e-05 0)
(0.29498048 1.1457721e-05 0)
(0.29492364 1.07059e-05 0)
(0.29487054 1.0003394e-05 0)
(0.29482094 9.3457234e-06 0)
(0.2947746 8.7317538e-06 0)
(0.29473132 8.1568493e-06 0)
(0.29469089 7.6211586e-06 0)
(0.29465312 7.1185029e-06 0)
(0.29461784 6.6518411e-06 0)
(0.2945849 6.2129654e-06 0)
(0.29455411 5.8075796e-06 0)
(0.29452536 5.4221539e-06 0)
(0.29449848 5.0686113e-06 0)
(0.29447341 4.7293677e-06 0)
(0.29444996 4.4266054e-06 0)
(0.29442809 4.1303811e-06 0)
(0.29440761 3.8688096e-06 0)
(0.29438851 3.6008751e-06 0)
(0.29437064 3.369345e-06 0)
(0.29435396 3.1390079e-06 0)
(0.29433845 2.9374747e-06 0)
(0.29432375 2.7779634e-06 0)
(0.29431048 2.5563369e-06 0)
(0.29429689 2.5959727e-06 0)
(0.29428637 2.0687738e-06 0)
(0.294269 2.932365e-06 0)
(1.0019381 0.052732953 0)
(1.0365395 0.10225274 0)
(1.0602516 0.11315449 0)
(1.0635369 0.1090466 0)
(1.0522935 0.099516705 0)
(1.0346516 0.087114674 0)
(1.0147897 0.073373125 0)
(0.99415463 0.059906706 0)
(0.97358849 0.047880415 0)
(0.95388174 0.037787615 0)
(0.93564763 0.029665823 0)
(0.91918057 0.02332968 0)
(0.90451503 0.018503101 0)
(0.89154102 0.014887717 0)
(0.88008798 0.012203272 0)
(0.86996961 0.010210174 0)
(0.86100573 0.0087174148 0)
(0.85303279 0.0075805261 0)
(0.84590822 0.0066945204 0)
(0.83951094 0.0059853882 0)
(0.83373979 0.0054021114 0)
(0.82851093 0.0049100419 0)
(0.82375499 0.0044858263 0)
(0.81941448 0.0041137189 0)
(0.81544149 0.0037830022 0)
(0.81179572 0.0034862334 0)
(0.80844305 0.0032180837 0)
(0.80535423 0.0029745877 0)
(0.80250401 0.0027526708 0)
(0.79987035 0.0025498551 0)
(0.79743393 0.0023640799 0)
(0.79517764 0.0021935895 0)
(0.79308626 0.0020368641 0)
(0.79114619 0.0018925729 0)
(0.7893452 0.0017595435 0)
(0.78767226 0.0016367377 0)
(0.7861174 0.0015232339 0)
(0.78467155 0.0014182112 0)
(0.78332647 0.0013209371 0)
(0.78207464 0.0012307558 0)
(0.78090916 0.0011470794 0)
(0.77982373 0.0010693793 0)
(0.77881255 0.00099717924 0)
(0.77787031 0.000930049 0)
(0.7769921 0.00086759903 0)
(0.77617339 0.00080947542 0)
(0.77541002 0.00075535555 0)
(0.77469811 0.00070494444 0)
(0.7740341 0.00065797176 0)
(0.77341468 0.00061418935 0)
(0.77283678 0.00057336938 0)
(0.77229757 0.00053530253 0)
(0.77179439 0.00049979624 0)
(0.7713248 0.00046667302 0)
(0.77088652 0.00043576866 0)
(0.77047743 0.00040693074 0)
(0.77009557 0.0003800175 0)
(0.76973909 0.00035489694 0)
(0.76940629 0.00033144655 0)
(0.76909559 0.00030955281 0)
(0.76880549 0.00028911089 0)
(0.76853464 0.00027002391 0)
(0.76828173 0.00025220209 0)
(0.76804558 0.00023556164 0)
(0.76782506 0.00022002397 0)
(0.76761914 0.00020551483 0)
(0.76742684 0.00019196476 0)
(0.76724726 0.00017930852 0)
(0.76707955 0.00016748643 0)
(0.76692292 0.00015644306 0)
(0.76677664 0.0001461283 0)
(0.76664003 0.00013649456 0)
(0.76651245 0.00012749853 0)
(0.76639329 0.00011909683 0)
(0.766282 0.00011125111 0)
(0.76617806 0.00010392119 0)
(0.76608097 9.7074935e-05 0)
(0.7659903 9.0676303e-05 0)
(0.7659056 8.4701769e-05 0)
(0.7658265 7.9117418e-05 0)
(0.7657526 7.3906887e-05 0)
(0.7656836 6.9032744e-05 0)
(0.76561913 6.4489154e-05 0)
(0.76555895 6.0233297e-05 0)
(0.76550269 5.6274002e-05 0)
(0.7654502 5.2553258e-05 0)
(0.76540108 4.9105206e-05 0)
(0.76535531 4.5850936e-05 0)
(0.76531245 4.2863265e-05 0)
(0.76527255 4.0010569e-05 0)
(0.76523511 3.7416212e-05 0)
(0.76520027 3.4883218e-05 0)
(0.76516765 3.2645596e-05 0)
(0.76513714 3.0407679e-05 0)
(0.76510904 2.8530988e-05 0)
(0.76508178 2.6538663e-05 0)
(0.76505851 2.4992731e-05 0)
(0.76503225 2.3192685e-05 0)
(0.76501645 2.2119398e-05 0)
(0.76498455 2.0696662e-05 0)
(1.0002467 0.026719375 0)
(1.0283936 0.06255548 0)
(1.0646999 0.077616155 0)
(1.0979952 0.080476474 0)
(1.1240764 0.078058279 0)
(1.1435812 0.07291683 0)
(1.1579044 0.065986855 0)
(1.1678877 0.0582047 0)
(1.1741544 0.050495786 0)
(1.1774192 0.043467201 0)
(1.1784517 0.037361305 0)
(1.1779313 0.032190659 0)
(1.1763807 0.027868333 0)
(1.1741779 0.024277407 0)
(1.1715897 0.021298543 0)
(1.1688025 0.018820816 0)
(1.1659442 0.01674707 0)
(1.1630997 0.014996288 0)
(1.1603237 0.013503443 0)
(1.1576498 0.012217607 0)
(1.155097 0.011099375 0)
(1.1526749 0.010118339 0)
(1.1503869 0.0092509613 0)
(1.1482324 0.0084789006 0)
(1.1462083 0.0077877253 0)
(1.1443101 0.0071659431 0)
(1.1425324 0.0066042735 0)
(1.1408692 0.0060951129 0)
(1.1393144 0.0056321445 0)
(1.1378619 0.0052100548 0)
(1.1365056 0.0048243264 0)
(1.1352396 0.0044710843 0)
(1.1340583 0.0041469796 0)
(1.1329564 0.0038490997 0)
(1.1319285 0.0035748979 0)
(1.13097 0.0033221365 0)
(1.1300761 0.0030888411 0)
(1.1292426 0.0028732621 0)
(1.1284655 0.0026738438 0)
(1.1277408 0.0024891979 0)
(1.1270651 0.0023180816 0)
(1.1264351 0.002159379 0)
(1.1258476 0.0020120857 0)
(1.1252997 0.001875295 0)
(1.1247887 0.0017481858 0)
(1.1243122 0.0016300126 0)
(1.1238677 0.0015200963 0)
(1.1234532 0.001417817 0)
(1.1230665 0.0013226075 0)
(1.1227057 0.0012339485 0)
(1.1223692 0.001151364 0)
(1.1220552 0.0010744171 0)
(1.1217622 0.0010027063 0)
(1.1214889 0.00093586166 0)
(1.1212338 0.00087354105 0)
(1.1209957 0.00081542785 0)
(1.1207736 0.00076122842 0)
(1.1205662 0.00071067059 0)
(1.1203727 0.00066350254 0)
(1.1201921 0.00061949145 0)
(1.1200235 0.00057842237 0)
(1.1198661 0.00054009621 0)
(1.1197192 0.00050432824 0)
(1.1195821 0.00047094578 0)
(1.119454 0.00043978736 0)
(1.1193345 0.0004107014 0)
(1.1192229 0.00038354703 0)
(1.1191187 0.00035819293 0)
(1.1190214 0.00033451909 0)
(1.1189306 0.00031241354 0)
(1.1188457 0.00029177433 0)
(1.1187665 0.00027250371 0)
(1.1186926 0.00025451248 0)
(1.1186235 0.00023771212 0)
(1.1185591 0.00022202512 0)
(1.1184988 0.00020737183 0)
(1.1184426 0.00019368889 0)
(1.1183901 0.00018090441 0)
(1.118341 0.00016897024 0)
(1.1182952 0.00015781745 0)
(1.1182524 0.00014741425 0)
(1.1182125 0.00013768496 0)
(1.1181752 0.00012861655 0)
(1.1181404 0.00012011665 0)
(1.1181078 0.00011221069 0)
(1.1180775 0.00010478107 0)
(1.118049 9.7914715e-05 0)
(1.1180226 9.1420454e-05 0)
(1.1179977 8.5470978e-05 0)
(1.1179748 7.9739652e-05 0)
(1.1179529 7.4592179e-05 0)
(1.117933 6.9486444e-05 0)
(1.1179138 6.5137722e-05 0)
(1.1178965 6.0541985e-05 0)
(1.11788 5.7008832e-05 0)
(1.1178644 5.2674735e-05 0)
(1.1178509 5.0009621e-05 0)
(1.1178356 4.564928e-05 0)
(1.117827 4.408388e-05 0)
(1.1178087 3.9597514e-05 0)
(1.0000321 0.01172771 0)
(1.0173964 0.030563016 0)
(1.0455868 0.040990665 0)
(1.0788323 0.044657243 0)
(1.1117703 0.044906518 0)
(1.1419849 0.043513626 0)
(1.1689322 0.040998751 0)
(1.1925678 0.037704081 0)
(1.2129268 0.03408959 0)
(1.2301852 0.030558837 0)
(1.2446903 0.027331285 0)
(1.256878 0.024473251 0)
(1.2671747 0.021977088 0)
(1.2759451 0.019810765 0)
(1.283481 0.017935176 0)
(1.290012 0.016308896 0)
(1.2957188 0.01489143 0)
(1.3007436 0.013646371 0)
(1.3051988 0.01254321 0)
(1.3091728 0.011557532 0)
(1.3127361 0.010670221 0)
(1.3159451 0.0098663844 0)
(1.3188459 0.0091343739 0)
(1.3214765 0.0084649938 0)
(1.3238688 0.0078508908 0)
(1.3260498 0.0072860859 0)
(1.3280427 0.0067656212 0)
(1.3298674 0.0062853012 0)
(1.3315412 0.005841509 0)
(1.3330791 0.0054310764 0)
(1.3344943 0.005051194 0)
(1.3357985 0.0046993474 0)
(1.3370019 0.0043732704 0)
(1.3381138 0.0040709108 0)
(1.339142 0.003790403 0)
(1.340094 0.0035300468 0)
(1.340976 0.0032882889 0)
(1.341794 0.0030637087 0)
(1.3425532 0.0028550044 0)
(1.3432582 0.0026609829 0)
(1.3439133 0.0024805494 0)
(1.3445224 0.0023126986 0)
(1.345089 0.002156507 0)
(1.3456163 0.0020111249 0)
(1.3461071 0.0018757698 0)
(1.3465643 0.0017497199 0)
(1.3469902 0.0016323089 0)
(1.347387 0.0015229211 0)
(1.347757 0.0014209878 0)
(1.3481019 0.0013259837 0)
(1.3484235 0.0012374236 0)
(1.3487234 0.0011548585 0)
(1.3490033 0.0010778728 0)
(1.3492643 0.0010060806 0)
(1.3495079 0.00093912326 0)
(1.3497353 0.00087666742 0)
(1.3499474 0.00081840316 0)
(1.3501455 0.00076404294 0)
(1.3503303 0.00071332034 0)
(1.3505029 0.00066598865 0)
(1.350664 0.00062181922 0)
(1.3508144 0.00058059923 0)
(1.3509548 0.00054213025 0)
(1.351086 0.00050622604 0)
(1.3512084 0.00047271262 0)
(1.3513228 0.00044142711 0)
(1.3514296 0.00041221899 0)
(1.3515293 0.00038494851 0)
(1.3516224 0.00035948795 0)
(1.3517094 0.00033571725 0)
(1.3517906 0.00031352626 0)
(1.3518665 0.00029280822 0)
(1.3519374 0.0002734659 0)
(1.3520036 0.0002554028 0)
(1.3520654 0.00023853621 0)
(1.3521231 0.00022278125 0)
(1.352177 0.0002080722 0)
(1.3522274 0.00019433036 0)
(1.3522745 0.00018150469 0)
(1.3523184 0.00016951775 0)
(1.3523594 0.00015834135 0)
(1.3523979 0.00014788751 0)
(1.3524336 0.00013814663 0)
(1.3524671 0.00012900262 0)
(1.3524982 0.00012050803 0)
(1.3525276 0.00011251976 0)
(1.3525546 0.00010517093 0)
(1.3525805 9.8182447e-05 0)
(1.3526037 9.1806124e-05 0)
(1.3526266 8.5587441e-05 0)
(1.3526465 8.0104222e-05 0)
(1.352667 7.4565057e-05 0)
(1.3526837 7.0018947e-05 0)
(1.3527025 6.4960069e-05 0)
(1.3527159 6.1314769e-05 0)
(1.3527337 5.643028e-05 0)
(1.3527436 5.3795154e-05 0)
(1.3527615 4.8812372e-05 0)
(1.3527672 4.7357126e-05 0)
(1.3527872 4.2000939e-05 0)
(1.0001568 0.0034383906 0)
(1.0134518 0.0092557598 0)
(1.036628 0.012853241 0)
(1.0666034 0.014335343 0)
(1.0987809 0.014626052 0)
(1.1300715 0.014363698 0)
(1.1593037 0.013741451 0)
(1.1861976 0.012840159 0)
(1.2106431 0.011790373 0)
(1.2325915 0.010728734 0)
(1.2521417 0.0097376723 0)
(1.2695378 0.0088459649 0)
(1.2850832 0.0080555413 0)
(1.2990634 0.0073596118 0)
(1.3117148 0.0067486882 0)
(1.3232262 0.0062117872 0)
(1.3337497 0.0057373913 0)
(1.3434089 0.0053147112 0)
(1.3523048 0.0049345703 0)
(1.3605198 0.0045896476 0)
(1.3681215 0.0042742904 0)
(1.3751666 0.0039841799 0)
(1.3817032 0.0037160126 0)
(1.3877733 0.0034672427 0)
(1.3934137 0.0032358804 0)
(1.3986577 0.0030203384 0)
(1.4035351 0.0028193147 0)
(1.408073 0.002631709 0)
(1.4122964 0.0024565641 0)
(1.416228 0.0022930266 0)
(1.4198888 0.0021403221 0)
(1.4232982 0.0019977384 0)
(1.4264741 0.0018646152 0)
(1.429433 0.0017403363 0)
(1.4321902 0.0016243255 0)
(1.4347599 0.0015160421 0)
(1.4371552 0.0014149788 0)
(1.4393882 0.0013206596 0)
(1.4414702 0.0012326383 0)
(1.4434117 0.001150497 0)
(1.4452223 0.0010738452 0)
(1.4469111 0.0010023175 0)
(1.4484863 0.00093557267 0)
(1.4499558 0.00087329133 0)
(1.4513269 0.00081517479 0)
(1.4526061 0.00076094353 0)
(1.4537997 0.00071033636 0)
(1.4549136 0.00066310961 0)
(1.4559531 0.00061903643 0)
(1.4569232 0.00057790574 0)
(1.4578287 0.00053952099 0)
(1.4586739 0.00050369877 0)
(1.4594628 0.00047026739 0)
(1.4601993 0.00043906608 0)
(1.4608868 0.00040994432 0)
(1.4615286 0.00038276157 0)
(1.4621278 0.00035738726 0)
(1.4626872 0.00033370035 0)
(1.4632096 0.00031158877 0)
(1.4636973 0.00029094837 0)
(1.4641526 0.00027168194 0)
(1.4645778 0.000253698 0)
(1.4649749 0.00023691019 0)
(1.4653456 0.00022123712 0)
(1.4656919 0.00020660285 0)
(1.4660151 0.00019293702 0)
(1.4663171 0.00018017564 0)
(1.466599 0.00016825965 0)
(1.4668623 0.00015713482 0)
(1.4671082 0.00014674943 0)
(1.4673379 0.00013705489 0)
(1.4675523 0.00012800314 0)
(1.4677526 0.00011955071 0)
(1.4679397 0.00011165469 0)
(1.4681144 0.00010427998 0)
(1.4682776 9.7390753e-05 0)
(1.46843 9.0960056e-05 0)
(1.4685724 8.4952497e-05 0)
(1.4687053 7.9346352e-05 0)
(1.4688295 7.4107055e-05 0)
(1.4689454 6.9224386e-05 0)
(1.4690539 6.4655149e-05 0)
(1.4691549 6.0395004e-05 0)
(1.4692496 5.6389443e-05 0)
(1.4693376 5.2676651e-05 0)
(1.4694204 4.9190264e-05 0)
(1.469497 4.5994109e-05 0)
(1.4695695 4.293154e-05 0)
(1.4696358 4.0133858e-05 0)
(1.4696996 3.7385526e-05 0)
(1.4697567 3.5004917e-05 0)
(1.4698136 3.2587026e-05 0)
(1.4698621 3.0643628e-05 0)
(1.4699135 2.8403063e-05 0)
(1.4699531 2.6827194e-05 0)
(1.4700015 2.4637732e-05 0)
(1.4700313 2.3525234e-05 0)
(1.4700801 2.1302155e-05 0)
(1.4700974 2.0703339e-05 0)
(1.4701522 1.8287384e-05 0)
(1.0001568 -0.0034383906 0)
(1.0134518 -0.0092557598 0)
(1.036628 -0.012853241 0)
(1.0666034 -0.014335343 0)
(1.0987809 -0.014626052 0)
(1.1300715 -0.014363697 0)
(1.1593037 -0.013741451 0)
(1.1861976 -0.01284016 0)
(1.2106431 -0.011790373 0)
(1.2325915 -0.010728734 0)
(1.2521417 -0.0097376723 0)
(1.2695378 -0.0088459647 0)
(1.2850832 -0.008055541 0)
(1.2990634 -0.0073596115 0)
(1.3117148 -0.0067486881 0)
(1.3232262 -0.0062117876 0)
(1.3337497 -0.0057373919 0)
(1.3434089 -0.0053147118 0)
(1.3523048 -0.0049345705 0)
(1.3605198 -0.0045896472 0)
(1.3681215 -0.0042742894 0)
(1.3751666 -0.0039841787 0)
(1.3817032 -0.003716012 0)
(1.3877732 -0.003467243 0)
(1.3934137 -0.0032358817 0)
(1.3986577 -0.00302034 0)
(1.4035351 -0.0028193158 0)
(1.408073 -0.002631709 0)
(1.4122964 -0.0024565628 0)
(1.416228 -0.0022930247 0)
(1.4198888 -0.0021403206 0)
(1.4232982 -0.0019977382 0)
(1.4264741 -0.0018646164 0)
(1.429433 -0.0017403384 0)
(1.4321902 -0.0016243272 0)
(1.4347599 -0.0015160424 0)
(1.4371552 -0.0014149776 0)
(1.4393882 -0.0013206575 0)
(1.4414702 -0.0012326364 0)
(1.4434117 -0.0011504967 0)
(1.4452223 -0.0010738467 0)
(1.4469111 -0.0010023202 0)
(1.4484863 -0.00093557504 0)
(1.4499558 -0.00087329193 0)
(1.4513269 -0.00081517293 0)
(1.4526061 -0.00076093987 0)
(1.4537997 -0.00071033268 0)
(1.4549136 -0.00066310796 0)
(1.4559531 -0.000619038 0)
(1.4569232 -0.00057791013 0)
(1.4578287 -0.00053952625 0)
(1.4586739 -0.00050370225 0)
(1.4594628 -0.00047026712 0)
(1.4601993 -0.00043906175 0)
(1.4608868 -0.0004099376 0)
(1.4615286 -0.00038275551 0)
(1.4621278 -0.00035738485 0)
(1.4626872 -0.00033370304 0)
(1.4632096 -0.00031159565 0)
(1.4636973 -0.00029095645 0)
(1.4641526 -0.00027168734 0)
(1.4645778 -0.00025369782 0)
(1.4649749 -0.0002369041 0)
(1.4653456 -0.00022122762 0)
(1.4656918 -0.00020659429 0)
(1.4660151 -0.00019293352 0)
(1.4663171 -0.00018017888 0)
(1.466599 -0.00016826798 0)
(1.4668623 -0.00015714422 0)
(1.4671082 -0.00014675527 0)
(1.4673379 -0.00013705436 0)
(1.4675523 -0.00012799681 0)
(1.4677526 -0.00011954188 0)
(1.4679397 -0.00011164774 0)
(1.4681144 -0.00010427766 0)
(1.4682776 -9.7392979e-05 0)
(1.46843 -9.0964568e-05 0)
(1.4685724 -8.4957405e-05 0)
(1.4687053 -7.9349734e-05 0)
(1.4688295 -7.4106361e-05 0)
(1.4689454 -6.9218656e-05 0)
(1.4690539 -6.4648851e-05 0)
(1.4691549 -6.0396608e-05 0)
(1.4692496 -5.6400525e-05 0)
(1.4693376 -5.268407e-05 0)
(1.4694204 -4.9177089e-05 0)
(1.469497 -4.5963151e-05 0)
(1.4695695 -4.2910949e-05 0)
(1.4696358 -4.0150077e-05 0)
(1.4696996 -3.7431455e-05 0)
(1.4697568 -3.5041274e-05 0)
(1.4698137 -3.2580983e-05 0)
(1.4698621 -3.0601859e-05 0)
(1.4699135 -2.8361362e-05 0)
(1.4699531 -2.6814571e-05 0)
(1.4700015 -2.4651601e-05 0)
(1.4700313 -2.3546681e-05 0)
(1.4700801 -2.1318474e-05 0)
(1.4700974 -2.0709149e-05 0)
(1.4701522 -1.8285244e-05 0)
(1.0000321 -0.01172771 0)
(1.0173964 -0.030563016 0)
(1.0455868 -0.040990665 0)
(1.0788323 -0.044657243 0)
(1.1117703 -0.044906518 0)
(1.1419849 -0.043513626 0)
(1.1689322 -0.040998751 0)
(1.1925678 -0.037704081 0)
(1.2129268 -0.034089591 0)
(1.2301852 -0.030558837 0)
(1.2446903 -0.027331285 0)
(1.256878 -0.024473251 0)
(1.2671747 -0.021977088 0)
(1.2759451 -0.019810765 0)
(1.283481 -0.017935176 0)
(1.290012 -0.016308896 0)
(1.2957188 -0.014891431 0)
(1.3007436 -0.013646371 0)
(1.3051988 -0.01254321 0)
(1.3091728 -0.011557532 0)
(1.3127361 -0.01067022 0)
(1.3159451 -0.0098663841 0)
(1.3188459 -0.0091343738 0)
(1.3214765 -0.0084649939 0)
(1.3238688 -0.0078508912 0)
(1.3260498 -0.0072860864 0)
(1.3280427 -0.0067656215 0)
(1.3298674 -0.0062853012 0)
(1.3315412 -0.0058415086 0)
(1.3330791 -0.0054310758 0)
(1.3344943 -0.0050511936 0)
(1.3357985 -0.0046993473 0)
(1.3370019 -0.0043732708 0)
(1.3381138 -0.0040709113 0)
(1.339142 -0.0037904034 0)
(1.340094 -0.0035300468 0)
(1.340976 -0.0032882886 0)
(1.341794 -0.0030637082 0)
(1.3425532 -0.0028550041 0)
(1.3432582 -0.002660983 0)
(1.3439133 -0.0024805499 0)
(1.3445224 -0.0023126993 0)
(1.345089 -0.0021565074 0)
(1.3456163 -0.0020111247 0)
(1.3461071 -0.0018757689 0)
(1.3465643 -0.0017497187 0)
(1.3469902 -0.0016323079 0)
(1.347387 -0.0015229209 0)
(1.347757 -0.0014209887 0)
(1.3481019 -0.0013259854 0)
(1.3484235 -0.0012374252 0)
(1.3487234 -0.0011548594 0)
(1.3490033 -0.0010778723 0)
(1.3492643 -0.0010060788 0)
(1.3495079 -0.00093912093 0)
(1.3497353 -0.00087666549 0)
(1.3499474 -0.00081840256 0)
(1.3501454 -0.000764044 0)
(1.3503303 -0.00071332268 0)
(1.3505029 -0.00066599121 0)
(1.350664 -0.00062182077 0)
(1.3508144 -0.00058059901 0)
(1.3509548 -0.00054212819 0)
(1.351086 -0.00050622303 0)
(1.3512084 -0.00047270993 0)
(1.3513228 -0.00044142588 0)
(1.3514296 -0.00041221972 0)
(1.3515293 -0.00038495076 0)
(1.3516224 -0.00035949052 0)
(1.3517094 -0.00033571891 0)
(1.3517907 -0.00031352632 0)
(1.3518665 -0.00029280675 0)
(1.3519374 -0.0002734637 0)
(1.3520036 -0.00025540074 0)
(1.3520654 -0.00023853497 0)
(1.3521231 -0.00022278104 0)
(1.352177 -0.00020807287 0)
(1.3522274 -0.00019433101 0)
(1.3522745 -0.00018150455 0)
(1.3523185 -0.00016951689 0)
(1.3523594 -0.00015834086 0)
(1.3523979 -0.00014788842 0)
(1.3524335 -0.00013814829 0)
(1.3524671 -0.00012900253 0)
(1.3524982 -0.00012050422 0)
(1.3525277 -0.00011251352 0)
(1.3525546 -0.000105166 0)
(1.3525804 -9.818217e-05 0)
(1.3526037 -9.1810888e-05 0)
(1.3526266 -8.5594627e-05 0)
(1.3526465 -8.0109412e-05 0)
(1.3526671 -7.4564789e-05 0)
(1.3526837 -7.0012573e-05 0)
(1.3527024 -6.4950357e-05 0)
(1.3527158 -6.1307487e-05 0)
(1.3527337 -5.6428785e-05 0)
(1.3527436 -5.3798425e-05 0)
(1.3527616 -4.8816076e-05 0)
(1.3527673 -4.7355889e-05 0)
(1.3527872 -4.1998404e-05 0)
(1.0002467 -0.026719375 0)
(1.0283936 -0.06255548 0)
(1.0646999 -0.077616155 0)
(1.0979952 -0.080476474 0)
(1.1240764 -0.078058279 0)
(1.1435812 -0.07291683 0)
(1.1579044 -0.065986855 0)
(1.1678877 -0.0582047 0)
(1.1741544 -0.050495786 0)
(1.1774192 -0.043467201 0)
(1.1784517 -0.037361305 0)
(1.1779313 -0.032190659 0)
(1.1763807 -0.027868333 0)
(1.1741779 -0.024277407 0)
(1.1715897 -0.021298543 0)
(1.1688025 -0.018820816 0)
(1.1659442 -0.01674707 0)
(1.1630997 -0.014996288 0)
(1.1603237 -0.013503443 0)
(1.1576498 -0.012217608 0)
(1.155097 -0.011099375 0)
(1.1526749 -0.010118339 0)
(1.1503869 -0.0092509616 0)
(1.1482324 -0.0084789005 0)
(1.1462083 -0.0077877249 0)
(1.1443101 -0.0071659425 0)
(1.1425324 -0.0066042731 0)
(1.1408692 -0.006095113 0)
(1.1393144 -0.0056321451 0)
(1.1378619 -0.0052100555 0)
(1.1365056 -0.0048243269 0)
(1.1352396 -0.0044710842 0)
(1.1340583 -0.0041469789 0)
(1.1329564 -0.0038490988 0)
(1.1319285 -0.0035748972 0)
(1.13097 -0.0033221365 0)
(1.1300761 -0.0030888417 0)
(1.1292426 -0.0028732632 0)
(1.1284655 -0.0026738448 0)
(1.1277408 -0.0024891982 0)
(1.1270651 -0.002318081 0)
(1.1264351 -0.0021593777 0)
(1.1258476 -0.0020120844 0)
(1.1252997 -0.0018752943 0)
(1.1247887 -0.0017481862 0)
(1.1243122 -0.0016300139 0)
(1.1238677 -0.0015200979 0)
(1.1234532 -0.001417818 0)
(1.1230665 -0.0013226073 0)
(1.1227057 -0.0012339472 0)
(1.1223692 -0.0011513621 0)
(1.1220552 -0.0010744157 0)
(1.1217622 -0.0010027062 0)
(1.1214889 -0.00093586285 0)
(1.1212338 -0.00087354312 0)
(1.1209957 -0.00081542977 0)
(1.1207736 -0.00076122915 0)
(1.1205662 -0.00071066963 0)
(1.1203727 -0.00066350017 0)
(1.1201921 -0.00061948871 0)
(1.1200235 -0.0005784206 0)
(1.1198661 -0.00054009642 0)
(1.1197192 -0.00050433049 0)
(1.1195821 -0.00047094905 0)
(1.119454 -0.00043979001 0)
(1.1193345 -0.00041070195 0)
(1.1192229 -0.000383545 0)
(1.1191187 -0.00035818918 0)
(1.1190214 -0.0003345154 0)
(1.1189306 -0.00031241174 0)
(1.1188458 -0.00029177535 0)
(1.1187666 -0.00027250695 0)
(1.1186926 -0.00025451618 0)
(1.1186235 -0.00023771427 0)
(1.1185591 -0.0002220247 0)
(1.1184988 -0.00020736935 0)
(1.1184426 -0.0001936857 0)
(1.1183901 -0.00018090151 0)
(1.118341 -0.00016896836 0)
(1.1182953 -0.00015781785 0)
(1.1182524 -0.00014741779 0)
(1.1182125 -0.00013768934 0)
(1.1181752 -0.00012861612 0)
(1.1181404 -0.00012010881 0)
(1.1181078 -0.00011220222 0)
(1.1180775 -0.00010478351 0)
(1.1180489 -9.7929729e-05 0)
(1.1180226 -9.1433381e-05 0)
(1.1179976 -8.5464737e-05 0)
(1.1179748 -7.9715869e-05 0)
(1.1179529 -7.4572382e-05 0)
(1.117933 -6.9490021e-05 0)
(1.1179138 -6.516108e-05 0)
(1.1178965 -6.0562645e-05 0)
(1.11788 -5.7009999e-05 0)
(1.1178644 -5.2659336e-05 0)
(1.1178509 -4.9992121e-05 0)
(1.1178357 -4.5639373e-05 0)
(1.117827 -4.4080039e-05 0)
(1.1178088 -3.9597138e-05 0)
(1.0019381 -0.052732953 0)
(1.0365395 -0.10225274 0)
(1.0602516 -0.11315449 0)
(1.0635369 -0.1090466 0)
(1.0522935 -0.099516705 0)
(1.0346516 -0.087114674 0)
(1.0147897 -0.073373125 0)
(0.99415463 -0.059906706 0)
(0.97358849 -0.047880415 0)
(0.95388174 -0.037787615 0)
(0.93564763 -0.029665823 0)
(0.91918057 -0.02332968 0)
(0.90451503 -0.018503101 0)
(0.89154102 -0.014887717 0)
(0.88008798 -0.012203272 0)
(0.86996961 -0.010210174 0)
(0.86100573 -0.0087174145 0)
(0.85303279 -0.0075805258 0)
(0.84590822 -0.0066945203 0)
(0.83951094 -0.0059853884 0)
(0.8337398 -0.0054021119 0)
(0.82851093 -0.0049100425 0)
(0.82375499 -0.0044858266 0)
(0.81941448 -0.0041137187 0)
(0.81544149 -0.0037830015 0)
(0.81179572 -0.0034862326 0)
(0.80844305 -0.0032180832 0)
(0.80535424 -0.0029745879 0)
(0.80250401 -0.0027526716 0)
(0.79987035 -0.0025498561 0)
(0.79743393 -0.0023640805 0)
(0.79517764 -0.0021935895 0)
(0.79308626 -0.0020368632 0)
(0.79114619 -0.0018925718 0)
(0.7893452 -0.0017595426 0)
(0.78767226 -0.0016367377 0)
(0.7861174 -0.0015232348 0)
(0.78467155 -0.0014182125 0)
(0.78332647 -0.0013209381 0)
(0.78207464 -0.001230756 0)
(0.78090916 -0.0011470785 0)
(0.77982372 -0.0010693778 0)
(0.77881255 -0.00099717785 0)
(0.77787031 -0.00093004858 0)
(0.7769921 -0.00086759994 0)
(0.77617339 -0.00080947729 0)
(0.77541002 -0.00075535746 0)
(0.77469811 -0.00070494532 0)
(0.7740341 -0.000657971 0)
(0.77341468 -0.00061418719 0)
(0.77283678 -0.00057336683 0)
(0.77229757 -0.00053530089 0)
(0.77179439 -0.00049979647 0)
(0.7713248 -0.00046667518 0)
(0.77088652 -0.00043577185 0)
(0.77047743 -0.00040693343 0)
(0.77009556 -0.00038001827 0)
(0.76973909 -0.00035489522 0)
(0.76940629 -0.00033144293 0)
(0.76909559 -0.0003095489 0)
(0.7688055 -0.0002891086 0)
(0.76853464 -0.00027002452 0)
(0.76828173 -0.00025220554 0)
(0.76804558 -0.00023556639 0)
(0.76782506 -0.00022002774 0)
(0.76761914 -0.00020551568 0)
(0.76742684 -0.00019196211 0)
(0.76724726 -0.00017930357 0)
(0.76707955 -0.00016748156 0)
(0.76692292 -0.00015644061 0)
(0.76677665 -0.00014612946 0)
(0.76664004 -0.00013649859 0)
(0.76651245 -0.00012750329 0)
(0.76639329 -0.00011909997 0)
(0.766282 -0.00011125132 0)
(0.76617806 -0.00010391878 0)
(0.76608097 -9.7071238e-05 0)
(0.7659903 -9.0672847e-05 0)
(0.7659056 -8.4700021e-05 0)
(0.7658265 -7.9118454e-05 0)
(0.7657526 -7.3910273e-05 0)
(0.76568361 -6.9035408e-05 0)
(0.76561913 -6.4487087e-05 0)
(0.76555896 -6.0226904e-05 0)
(0.76550269 -5.6270638e-05 0)
(0.76545019 -5.2560365e-05 0)
(0.76540107 -4.9119903e-05 0)
(0.7653553 -4.5859025e-05 0)
(0.76531245 -4.2852514e-05 0)
(0.76527256 -3.9986239e-05 0)
(0.76523512 -3.739874e-05 0)
(0.76520028 -3.488856e-05 0)
(0.76516766 -3.2669468e-05 0)
(0.76513715 -3.042974e-05 0)
(0.76510904 -2.8534693e-05 0)
(0.76508177 -2.6524722e-05 0)
(0.7650585 -2.4974068e-05 0)
(0.76503225 -2.3180511e-05 0)
(0.76501646 -2.2115632e-05 0)
(0.76498456 -2.069718e-05 0)
(0.92074242 -0.03382768 0)
(0.8635379 -0.056684191 0)
(0.78799127 -0.052753994 0)
(0.69766161 -0.041237061 0)
(0.61471542 -0.03020314 0)
(0.54875554 -0.020988077 0)
(0.49827309 -0.013660659 0)
(0.45949312 -0.0082997554 0)
(0.42978721 -0.004735884 0)
(0.4072852 -0.002532184 0)
(0.39034402 -0.0012497964 0)
(0.37751559 -0.00056180323 0)
(0.36764107 -0.00024261446 0)
(0.35985945 -0.00013663725 0)
(0.35355677 -0.00013976104 0)
(0.34830594 -0.00018761022 0)
(0.34381545 -0.00024452968 0)
(0.33988918 -0.00029351233 0)
(0.33639623 -0.00032844053 0)
(0.33324896 -0.0003488837 0)
(0.33038779 -0.00035693716 0)
(0.32777097 -0.00035546666 0)
(0.32536797 -0.00034724085 0)
(0.32315538 -0.00033457884 0)
(0.32111429 -0.00031926773 0)
(0.31922887 -0.00030260415 0)
(0.31748536 -0.00028548187 0)
(0.31587163 -0.00026848683 0)
(0.31437679 -0.00025198221 0)
(0.31299103 -0.00023617706 0)
(0.31170546 -0.00022117794 0)
(0.31051204 -0.00020702577 0)
(0.30940345 -0.00019372109 0)
(0.30837305 -0.0001812408 0)
(0.3074148 -0.00016954894 0)
(0.30652319 -0.00015860349 0)
(0.30569321 -0.00014836041 0)
(0.30492028 -0.00013877603 0)
(0.30420021 -0.00012980835 0)
(0.30352916 -0.0001214176 0)
(0.30290362 -0.0001135665 0)
(0.30232035 -0.00010622017 0)
(0.30177636 -9.934603e-05 0)
(0.30126891 -9.2913635e-05 0)
(0.30079546 -8.6894498e-05 0)
(0.30035366 -8.1262016e-05 0)
(0.29994133 -7.5991381e-05 0)
(0.29955648 -7.1059487e-05 0)
(0.29919722 -6.6444821e-05 0)
(0.29886182 -6.2127284e-05 0)
(0.29854868 -5.8088033e-05 0)
(0.2982563 -5.4309347e-05 0)
(0.29798328 -5.0774536e-05 0)
(0.29772833 -4.7467915e-05 0)
(0.29749024 -4.4374792e-05 0)
(0.29726788 -4.1481461e-05 0)
(0.29706022 -3.8775187e-05 0)
(0.29686627 -3.6244116e-05 0)
(0.29668512 -3.3877194e-05 0)
(0.29651592 -3.1664019e-05 0)
(0.29635789 -2.9594752e-05 0)
(0.29621027 -2.7660023e-05 0)
(0.29607239 -2.5850994e-05 0)
(0.2959436 -2.4159372e-05 0)
(0.2958233 -2.2577565e-05 0)
(0.29571093 -2.1098557e-05 0)
(0.29560597 -1.9715988e-05 0)
(0.29550792 -1.8423769e-05 0)
(0.29541633 -1.7216228e-05 0)
(0.29533078 -1.6087665e-05 0)
(0.29525086 -1.5032886e-05 0)
(0.2951762 -1.4046661e-05 0)
(0.29510647 -1.3124755e-05 0)
(0.29504133 -1.2262751e-05 0)
(0.29498048 -1.14575e-05 0)
(0.29492364 -1.0704754e-05 0)
(0.29487054 -1.0001906e-05 0)
(0.29482094 -9.3445296e-06 0)
(0.2947746 -8.7314513e-06 0)
(0.29473132 -8.1576548e-06 0)
(0.29469089 -7.622484e-06 0)
(0.29465313 -7.1189567e-06 0)
(0.29461785 -6.6504166e-06 0)
(0.2945849 -6.2108987e-06 0)
(0.29455411 -5.8079488e-06 0)
(0.29452535 -5.4263832e-06 0)
(0.29449848 -5.0737186e-06 0)
(0.29447341 -4.7298736e-06 0)
(0.29444996 -4.4201209e-06 0)
(0.29442809 -4.1213263e-06 0)
(0.29440761 -3.8649693e-06 0)
(0.29438851 -3.6057979e-06 0)
(0.29437065 -3.3789842e-06 0)
(0.29435397 -3.1456707e-06 0)
(0.29433846 -2.9367404e-06 0)
(0.29432375 -2.7718057e-06 0)
(0.29431047 -2.5497978e-06 0)
(0.29429688 -2.5924342e-06 0)
(0.29428637 -2.068195e-06 0)
(0.29426901 -2.9328536e-06 0)
)
;

boundaryField
{
    top
    {
        type            fixedValue;
        value           uniform (0 0 0);
    }
    bottom
    {
        type            fixedValue;
        value           uniform (0 0 0);
    }
    inlet
    {
        type            fixedValue;
        value           uniform (1 0 0);
    }
    outlet
    {
        type            zeroGradient;
    }
    front
    {
        type            empty;
    }
    back
    {
        type            empty;
    }
}


// ************************************************************************* //
