/*--------------------------------*- C++ -*----------------------------------*\
  =========                 |
  \\      /  F ield         | OpenFOAM: The Open Source CFD Toolbox
   \\    /   O peration     | Website:  https://openfoam.org
    \\  /    A nd           | Version:  13
     \\/     M anipulation  |
\*---------------------------------------------------------------------------*/
FoamFile
{
    format      ascii;
    class       volScalarField;
    location    "8";
    object      p;
}
// * * * * * * * * * * * * * * * * * * * * * * * * * * * * * * * * * * * * * //

dimensions      [0 2 -2 0 0 0 0];

internalField   nonuniform List<scalar> 
1000
(
1.68013
1.5601317
1.4642571
1.4003895
1.3517928
1.3091961
1.2713652
1.2386545
1.2105465
1.1859579
1.1638709
1.1435236
1.1243855
1.1060999
1.0884354
1.0712474
1.0544477
1.0379827
1.0218187
1.0059327
0.99030705
0.97492692
0.95977849
0.94484852
0.93012412
0.91559275
0.90124231
0.8870612
0.8730384
0.85916351
0.84542677
0.83181901
0.81833171
0.80495689
0.79168713
0.77851551
0.76543559
0.75244137
0.73952723
0.72668796
0.71391868
0.70121484
0.68857217
0.6759867
0.66345471
0.65097273
0.63853751
0.62614602
0.61379543
0.60148309
0.58920652
0.57696343
0.56475164
0.55256913
0.54041402
0.52828454
0.51617905
0.504096
0.49203398
0.47999165
0.46796778
0.45596124
0.44397096
0.43199596
0.42003531
0.40808818
0.39615374
0.38423124
0.37231995
0.36041921
0.34852837
0.33664682
0.32477398
0.31290929
0.30105221
0.28920225
0.27735889
0.26552166
0.2536901
0.24186374
0.23004217
0.21822496
0.20641172
0.19460204
0.18279556
0.17099188
0.15919064
0.14739152
0.13559421
0.12379846
0.11200409
0.10021094
0.08841889
0.07662782
0.064837588
0.053048045
0.041259027
0.029470395
0.017682029
0.0058938523
1.5583898
1.5036468
1.4424867
1.3906576
1.3476354
1.3093386
1.2743366
1.2428504
1.2149185
1.1900191
1.1674196
1.1464922
1.126789
1.1080051
1.0899313
1.0724225
1.055379
1.0387316
1.022432
1.0064449
0.990743
0.97530438
0.96011007
0.94514322
0.93038844
0.91583149
0.90145908
0.88725883
0.87321914
0.85932922
0.845579
0.83195911
0.81846082
0.80507603
0.7917972
0.7786173
0.76552982
0.75252866
0.73960816
0.72676305
0.71398839
0.70127959
0.68863235
0.67604266
0.66350677
0.65102118
0.63858262
0.62618802
0.61383455
0.60151953
0.58924047
0.57699506
0.5647811
0.55259658
0.5404396
0.52830837
0.51620124
0.50411666
0.4920532
0.48000952
0.46798437
0.45597662
0.44398519
0.4320091
0.42004742
0.4080993
0.39616393
0.38424055
0.37232844
0.36042692
0.34853534
0.33665309
0.3247796
0.31291429
0.30105665
0.28920615
0.2773623
0.26552462
0.25369264
0.2418659
0.23004398
0.21822647
0.20641295
0.19460305
0.18279637
0.17099255
0.1591912
0.14739199
0.13559461
0.1237988
0.11200436
0.10021113
0.088418992
0.076627845
0.06483756
0.053047996
0.041258989
0.029470374
0.017682036
0.0058938468
1.4968744
1.4705177
1.4323621
1.3916618
1.3531197
1.3171221
1.2833055
1.2518544
1.2230541
1.1968562
1.1729129
1.1507901
1.1301013
1.110541
1.0918748
1.073925
1.056558
1.039675
1.0232034
1.0070893
0.99129212
0.97578017
0.96052799
0.94551423
0.93072048
0.91613044
0.90172948
0.88750425
0.87344251
0.85953299
0.84576525
0.83212965
0.81861723
0.8052197
0.79192934
0.77873899
0.76564202
0.75263223
0.73970387
0.72685157
0.71407034
0.70135551
0.68870275
0.67610798
0.66356741
0.65107752
0.63863498
0.62623672
0.61387984
0.60156167
0.5892797
0.57703157
0.5648151
0.55262825
0.54046909
0.52833585
0.51622684
0.50414052
0.49207544
0.48003023
0.46800366
0.45599456
0.44400187
0.43202458
0.42006178
0.40811259
0.39617621
0.38425188
0.37233887
0.36043651
0.34854413
0.33666114
0.32478693
0.31292096
0.30106268
0.28921159
0.27736717
0.26552895
0.25369647
0.24186926
0.23004691
0.21822899
0.20641511
0.19460488
0.18279793
0.17099387
0.15919234
0.14739299
0.13559549
0.12379958
0.11200502
0.10021167
0.088419393
0.076628107
0.064837702
0.053048063
0.041259021
0.029470412
0.017682086
0.0058938849
1.4678584
1.4520126
1.4253595
1.3919995
1.3567596
1.3222494
1.2892606
1.2580851
1.2289942
1.2021245
1.1773759
1.1544786
1.1331114
1.1129804
1.0938457
1.0755194
1.0578557
1.0407418
1.0240912
1.0078378
0.99193132
0.97633258
0.96101048
0.94593953
0.93109829
0.91646822
0.90203306
0.88777829
0.87369078
0.85975862
0.84597085
0.83231743
0.81878909
0.80537727
0.79207405
0.7788721
0.76576462
0.75274529
0.73980825
0.72694804
0.71415958
0.70143814
0.68877932
0.67617898
0.66363331
0.6511387
0.63869183
0.62628956
0.61392898
0.60160739
0.58932224
0.57707117
0.56485197
0.55266259
0.54050109
0.52836568
0.51625467
0.50416649
0.49209968
0.48005287
0.46802481
0.45601432
0.44402033
0.43204182
0.42007788
0.40812762
0.39619024
0.38426496
0.37235107
0.36044788
0.34855472
0.33667099
0.32479609
0.31292946
0.30107054
0.28921883
0.27737382
0.26553504
0.253702
0.24187426
0.2300514
0.21823299
0.20641866
0.19460801
0.18280068
0.17099628
0.15919446
0.14739487
0.13559716
0.12380106
0.11200632
0.10021277
0.088420302
0.076628821
0.064838232
0.053048446
0.041259297
0.029470637
0.017682266
0.0058940501
1.4553108
1.4430686
1.4209954
1.3911916
1.3578285
1.3241979
1.2917414
1.2608811
1.2318325
1.20477
1.179712
1.1564849
1.1348108
1.1144077
1.0950378
1.0765136
1.0586876
1.0414429
1.0246877
1.0083507
0.9923768
0.9767232
0.96135592
0.94624727
0.93137412
0.91671672
0.90225787
0.88798236
0.87387655
0.85992812
0.84612583
0.83245939
0.81891932
0.80549691
0.79218411
0.77897347
0.76585808
0.75283154
0.73988793
0.72702171
0.71422775
0.70150128
0.68883783
0.67623325
0.66368366
0.65118546
0.63873526
0.62632993
0.61396652
0.6016423
0.58935473
0.57710141
0.56488013
0.55268882
0.54052554
0.52838847
0.51627594
0.50418634
0.49211823
0.48007022
0.46804104
0.45602951
0.44403455
0.43205514
0.42009035
0.4081393
0.39620119
0.38427523
0.37236069
0.3604569
0.34856319
0.33667893
0.32480353
0.31293641
0.30107704
0.28922488
0.27737943
0.26554021
0.25370675
0.24187859
0.23005533
0.21823654
0.20642184
0.19461085
0.1828032
0.17099852
0.15919645
0.14739664
0.13559873
0.12380245
0.11200753
0.10021382
0.088421175
0.076629528
0.064838784
0.053048871
0.041259618
0.0294709
0.01768247
0.0058942408
1.4553108
1.4430686
1.4209954
1.3911916
1.3578285
1.3241979
1.2917414
1.2608811
1.2318325
1.20477
1.179712
1.1564849
1.1348108
1.1144077
1.0950378
1.0765136
1.0586876
1.0414429
1.0246877
1.0083507
0.9923768
0.9767232
0.96135592
0.94624727
0.93137412
0.91671672
0.90225787
0.88798235
0.87387655
0.85992812
0.84612583
0.83245939
0.81891932
0.80549692
0.79218411
0.77897347
0.76585808
0.75283154
0.73988793
0.72702171
0.71422775
0.70150127
0.68883782
0.67623325
0.66368367
0.65118546
0.63873527
0.62632994
0.61396653
0.60164231
0.58935472
0.5771014
0.56488012
0.55268881
0.54052552
0.52838846
0.51627593
0.50418635
0.49211824
0.48007023
0.46804105
0.45602953
0.44403456
0.43205515
0.42009035
0.40813929
0.39620117
0.3842752
0.37236067
0.36045688
0.34856318
0.33667893
0.32480354
0.31293644
0.30107707
0.28922492
0.27737947
0.26554024
0.25370676
0.24187859
0.2300553
0.2182365
0.20642179
0.19461081
0.18280317
0.17099851
0.15919647
0.14739667
0.13559877
0.12380248
0.11200756
0.10021383
0.088421166
0.076629506
0.064838757
0.053048848
0.041259601
0.029470892
0.017682466
0.0058942394
1.4678584
1.4520126
1.4253595
1.3919995
1.3567596
1.3222494
1.2892606
1.2580851
1.2289942
1.2021245
1.1773759
1.1544786
1.1331114
1.1129804
1.0938457
1.0755194
1.0578557
1.0407418
1.0240912
1.0078378
0.99193133
0.97633258
0.96101048
0.94593953
0.93109828
0.91646821
0.90203305
0.88777828
0.87369078
0.85975861
0.84597085
0.83231743
0.8187891
0.80537728
0.79207406
0.77887211
0.76576462
0.75274529
0.73980824
0.72694803
0.71415957
0.70143813
0.68877931
0.67617899
0.66363332
0.65113872
0.63869185
0.62628958
0.613929
0.60160739
0.58932223
0.57707115
0.56485194
0.55266256
0.54050106
0.52836566
0.51625467
0.5041665
0.49209971
0.48005291
0.46802486
0.45601437
0.44402036
0.43204183
0.42007786
0.40812758
0.39619018
0.3842649
0.37235101
0.36044783
0.3485547
0.336671
0.32479613
0.31292953
0.30107064
0.28921894
0.27737393
0.26553511
0.25370203
0.24187424
0.23005132
0.21823289
0.20641854
0.19460791
0.18280061
0.17099627
0.15919451
0.14739496
0.13559728
0.12380116
0.11200638
0.10021279
0.08842027
0.076628756
0.064838159
0.053048383
0.041259257
0.029470616
0.017682257
0.005894048
1.4968744
1.4705177
1.4323621
1.3916618
1.3531197
1.3171221
1.2833055
1.2518544
1.2230541
1.1968562
1.1729129
1.1507901
1.1301013
1.1105409
1.0918748
1.073925
1.056558
1.0396751
1.0232034
1.0070894
0.99129213
0.97578018
0.96052799
0.94551422
0.93072047
0.91613043
0.90172946
0.88750423
0.8734425
0.85953298
0.84576526
0.83212966
0.81861725
0.80521971
0.79192935
0.778739
0.76564202
0.75263222
0.73970385
0.72685155
0.71407032
0.7013555
0.68870274
0.67610799
0.66356744
0.65107755
0.63863501
0.62623674
0.61387986
0.60156167
0.58927968
0.57703153
0.56481505
0.5526282
0.54046905
0.52833583
0.51622685
0.50414055
0.49207549
0.4800303
0.46800373
0.45599462
0.4440019
0.43202458
0.42006174
0.40811252
0.39617612
0.38425178
0.37233878
0.36043644
0.34854411
0.33666116
0.32478701
0.31292108
0.30106284
0.28921175
0.27736731
0.26552904
0.25369648
0.2418692
0.23004677
0.21822881
0.20641493
0.19460474
0.18279786
0.17099389
0.15919245
0.14739315
0.13559566
0.12379971
0.11200509
0.10021166
0.088419322
0.076628005
0.064837601
0.053047988
0.04125898
0.029470395
0.017682079
0.0058938834
1.5583898
1.5036468
1.4424867
1.3906576
1.3476354
1.3093386
1.2743366
1.2428504
1.2149185
1.1900191
1.1674196
1.1464922
1.126789
1.1080051
1.0899312
1.0724225
1.055379
1.0387316
1.022432
1.0064449
0.99074302
0.97530439
0.96011007
0.94514321
0.93038843
0.91583147
0.90145906
0.88725881
0.87321913
0.85932922
0.84557901
0.83195912
0.81846084
0.80507605
0.79179721
0.77861731
0.76552981
0.75252864
0.73960814
0.72676303
0.71398837
0.70127958
0.68863235
0.67604268
0.6635068
0.65102122
0.63858265
0.62618805
0.61383456
0.60151952
0.58924044
0.576995
0.56478105
0.55259653
0.54043956
0.52830836
0.51620126
0.50411671
0.49205327
0.4800096
0.46798445
0.45597667
0.44398521
0.43200908
0.42004737
0.40809921
0.39616382
0.38424044
0.37232834
0.36042686
0.34853533
0.33665315
0.32477971
0.31291446
0.30105684
0.28920634
0.27736245
0.26552469
0.25369261
0.24186579
0.2300438
0.21822626
0.20641276
0.19460293
0.18279635
0.17099262
0.15919136
0.14739219
0.13559479
0.12379892
0.11200439
0.10021108
0.088418895
0.076627733
0.064837463
0.053047934
0.04125896
0.029470365
0.017682029
0.0058938428
1.68013
1.5601317
1.4642571
1.4003895
1.3517928
1.3091961
1.2713652
1.2386545
1.2105465
1.1859579
1.1638709
1.1435236
1.1243855
1.1060998
1.0884353
1.0712474
1.0544477
1.0379828
1.0218187
1.0059327
0.99030706
0.97492692
0.95977849
0.94484851
0.9301241
0.91559273
0.90124229
0.88706118
0.87303839
0.85916351
0.84542677
0.83181903
0.81833173
0.80495691
0.79168714
0.77851551
0.76543558
0.75244135
0.73952721
0.72668794
0.71391867
0.70121483
0.68857217
0.67598672
0.66345474
0.65097276
0.63853754
0.62614604
0.61379543
0.60148307
0.58920649
0.57696338
0.56475158
0.55256908
0.54041399
0.52828454
0.51617908
0.50409606
0.49203405
0.47999173
0.46796785
0.45596129
0.44397097
0.43199593
0.42003525
0.40808808
0.39615362
0.38423112
0.37231986
0.36041916
0.34852838
0.33664689
0.3247741
0.31290946
0.3010524
0.28920242
0.27735902
0.26552171
0.25369005
0.24186361
0.23004198
0.21822476
0.20641155
0.19460195
0.18279556
0.17099197
0.1591908
0.14739169
0.13559435
0.12379854
0.1120041
0.1002109
0.088418813
0.076627734
0.064837514
0.053047992
0.041258995
0.029470368
0.017682003
0.0058938409
)
;

boundaryField
{
    top
    {
        type            zeroGradient;
    }
    bottom
    {
        type            zeroGradient;
    }
    inlet
    {
        type            zeroGradient;
    }
    outlet
    {
        type            fixedValue;
        value           uniform 0;
    }
    front
    {
        type            empty;
    }
    back
    {
        type            empty;
    }
}


// ************************************************************************* //
