/*--------------------------------*- C++ -*----------------------------------*\
  =========                 |
  \\      /  F ield         | OpenFOAM: The Open Source CFD Toolbox
   \\    /   O peration     | Website:  https://openfoam.org
    \\  /    A nd           | Version:  13
     \\/     M anipulation  |
\*---------------------------------------------------------------------------*/
FoamFile
{
    format      ascii;
    class       surfaceScalarField;
    location    "8";
    object      phi;
}
// * * * * * * * * * * * * * * * * * * * * * * * * * * * * * * * * * * * * * //

dimensions      [0 3 -1 0 0 0 0];

internalField   nonuniform List<scalar> 
1890
(
0.0093140727
0.00068592735
0.0082963401
0.0010177326
0.0073480838
0.00094825625
0.0065167791
0.00083130473
0.0058112103
0.00070556886
0.0052369127
0.00057429754
0.0047862484
0.00045066426
0.004441012
0.00034523641
0.0041802971
0.00026071489
0.0039843511
0.00019594607
0.0038366531
0.00014769799
0.003724003
0.00011265009
0.0036363473
8.7655675e-05
0.0035663585
6.9988769e-05
0.0035088729
5.7485616e-05
0.0034603388
4.8534128e-05
0.0034183544
4.1984438e-05
0.0033813121
3.7042265e-05
0.0033481383
3.3173821e-05
0.003318109
3.0029284e-05
0.0032907249
2.7384159e-05
0.0032656285
2.5096339e-05
0.0032425523
2.3076184e-05
0.0032212857
2.1266626e-05
0.0032016553
1.9630405e-05
0.0031835132
1.8142104e-05
0.0031667298
1.6783316e-05
0.00315119
1.5539802e-05
0.0031367902
1.4399873e-05
0.0031234367
1.3353513e-05
0.0031110448
1.2391903e-05
0.0030995376
1.1507168e-05
0.0030888454
1.0692235e-05
0.0030789047
9.9407398e-06
0.0030696577
9.2469617e-06
0.0030610519
8.6057614e-06
0.0030530394
8.0125271e-06
0.0030455763
7.4631221e-06
0.0030386224
6.953834e-06
0.0030321411
6.4813285e-06
0.0030260985
6.0426055e-06
0.0030204635
5.634961e-06
0.0030152076
5.2559521e-06
0.0030103042
4.9033667e-06
0.003005729
4.5751967e-06
0.0030014594
4.2696141e-06
0.0029974745
3.9849503e-06
0.0029937548
3.7196778e-06
0.0029902824
3.4723935e-06
0.0029870406
3.2418048e-06
0.0029840139
3.0267169e-06
0.0029811878
2.8260213e-06
0.0029785491
2.638688e-06
0.0029760854
2.4637561e-06
0.002973785
2.3003291e-06
0.0029716375
2.147567e-06
0.0029696329
2.0046848e-06
0.002967762
1.870945e-06
0.0029660163
1.7456581e-06
0.0029643882
1.6281756e-06
0.0029628703
1.5178922e-06
0.0029614561
1.41424e-06
0.0029601394
1.3166933e-06
0.0029589146
1.2247617e-06
0.0029577766
1.1380009e-06
0.0029567206
1.0560022e-06
0.0029557422
9.7840827e-07
0.0029548373
9.0489829e-07
0.0029540022
8.3520596e-07
0.0029532331
7.6910056e-07
0.0029525268
7.0640285e-07
0.0029518799
6.4696348e-07
0.0029512892
5.9067518e-07
0.0029507517
5.3745082e-07
0.0029502644
4.8723219e-07
0.0029498244
4.3997158e-07
0.0029494286
3.9563744e-07
0.0029490743
3.5419933e-07
0.0029487585
3.1563097e-07
0.0029484785
2.7989875e-07
0.0029482314
2.4696179e-07
0.0029480145
2.1676156e-07
0.0029478251
1.8922527e-07
0.0029476608
1.6425454e-07
0.0029475191
1.4174158e-07
0.0029473976
1.2155823e-07
0.0029472941
1.0357878e-07
0.0029472066
8.7668074e-08
0.0029471329
7.370747e-08
0.0029470713
6.1561552e-08
0.00294702
5.1121416e-08
0.0029469775
4.2211177e-08
0.0029469425
3.4720232e-08
0.0029469139
2.8385277e-08
0.0029468906
2.3145297e-08
0.002946872
1.865491e-08
0.002946857
1.504686e-08
0.0029468454
1.1870553e-08
0.002946836
9.5880938e-09
7.1546215e-09
0.010341662
0.00034426525
0.010578184
0.00078121018
0.010615671
0.00091076959
0.010553945
0.0008930309
0.010425822
0.00083369229
0.010248587
0.00075153209
0.010044962
0.0006542893
0.0098354604
0.00055473799
0.0096327827
0.00046339255
0.0094437308
0.000384998
0.0092713466
0.00032008221
0.009116574
0.00026742267
0.0089789731
0.0002252566
0.0088572402
0.0001917216
0.0087496634
0.00016506248
0.0086544455
0.00014375197
0.0085698899
0.00012654002
0.0084944844
0.00011244778
0.0084269262
0.00010073204
0.0083661157
9.0839866e-05
0.0083111354
8.2364445e-05
0.0082612243
7.5007423e-05
0.0082157512
6.8549262e-05
0.0081741908
6.2827017e-05
0.0081361031
5.7718125e-05
0.0081011164
5.3128769e-05
0.0080689141
4.8985636e-05
0.0080392237
4.523019e-05
0.0080118088
4.1814709e-05
0.0079864628
3.8699581e-05
0.0079630033
3.5851414e-05
0.0079412688
3.3241719e-05
0.0079211151
3.0845943e-05
0.0079024131
2.8642766e-05
0.0078850465
2.6613552e-05
0.0078689103
2.4741931e-05
0.0078539094
2.301346e-05
0.0078399571
2.1415339e-05
0.0078269747
1.9936188e-05
0.0078148902
1.8565852e-05
0.0078036375
1.729524e-05
0.0077931563
1.6116185e-05
0.0077833909
1.502133e-05
0.0077742903
1.4004026e-05
0.0077658073
1.3058248e-05
0.0077578984
1.2178522e-05
0.0077505235
1.1359857e-05
0.0077436455
1.0597695e-05
0.00773723
9.8878555e-06
0.0077312453
9.2264981e-06
0.0077256619
8.6100815e-06
0.0077204526
8.0353315e-06
0.007715592
7.4992115e-06
0.0077110569
6.9989004e-06
0.0077068254
6.5317678e-06
0.0077028776
6.0953611e-06
0.007699195
5.6873854e-06
0.0076957603
5.3056974e-06
0.0076925577
4.9482893e-06
0.0076895726
4.6132867e-06
0.0076867916
4.2989373e-06
0.0076842023
4.0036131e-06
0.0076817932
3.7258011e-06
0.0076795538
3.464112e-06
0.0076774745
3.2172702e-06
0.0076755464
2.9841298e-06
0.0076737611
2.7636596e-06
0.0076721111
2.5549636e-06
0.0076705891
2.3572594e-06
0.0076691884
2.1698982e-06
0.0076679026
1.9923362e-06
0.0076667255
1.8241467e-06
0.0076656513
1.6649881e-06
0.0076646742
1.5146067e-06
0.0076637887
1.3728065e-06
0.0076629892
1.239444e-06
0.0076622704
1.1144041e-06
0.0076616269
9.9758873e-07
0.0076610536
8.8890219e-07
0.0076605451
7.8823518e-07
0.0076600965
6.9545662e-07
0.0076597026
6.1039888e-07
0.0076593588
5.3285331e-07
0.0076590603
4.625618e-07
0.0076588028
3.9922477e-07
0.0076585819
3.4249227e-07
0.0076583936
2.9200487e-07
0.0076582341
2.4735257e-07
0.0076580999
2.0817587e-07
0.0076579875
1.7402916e-07
0.007657894
1.4459516e-07
0.0076578167
1.1935016e-07
0.007657753
9.8051668e-08
0.0076577009
7.9970969e-08
0.0076576586
6.5107016e-08
0.0076576248
5.2298228e-08
0.0076575975
4.2359159e-08
0.0076575766
3.3011508e-08
0.007657559
2.7370101e-08
1.9394563e-08
0.010181464
0.00016280099
0.010521798
0.00044087647
0.010842482
0.00059008571
0.011112769
0.00062274377
0.01133602
0.00061044159
0.011508579
0.00057897246
0.011630744
0.0005321246
0.011709907
0.00047557511
0.011755697
0.00041760214
0.011776644
0.00036405133
0.011779503
0.0003172236
0.011769652
0.0002772735
0.01175133
0.00024357853
0.011727726
0.00021532527
0.011701127
0.00019166164
0.011673116
0.00017176286
0.011644765
0.00015489118
0.011616781
0.00014043212
0.011589614
0.00012789905
0.011563536
0.00011691717
0.0115387
0.00010720076
0.011515175
9.8531949e-05
0.011492981
9.0743668e-05
0.011472102
8.3706547e-05
0.011452501
7.7319028e-05
0.011434129
7.1499986e-05
0.011416932
6.6183333e-05
0.011400848
6.1314152e-05
0.011385816
5.6845991e-05
0.011371777
5.273896e-05
0.01135867
4.8958392e-05
0.011346438
4.5473872e-05
0.011335025
4.2258523e-05
0.01132438
3.9288456e-05
0.011314451
3.6542344e-05
0.011305192
3.4001082e-05
0.011296558
3.1647498e-05
0.011288507
2.9466121e-05
0.011281
2.7442977e-05
0.011274001
2.5565418e-05
0.011267474
2.382197e-05
0.011261388
2.2202204e-05
0.011255712
2.0696622e-05
0.01125042
1.9296556e-05
0.011245484
1.7994087e-05
0.011240881
1.6781959e-05
0.011236587
1.5653516e-05
0.011232582
1.4602642e-05
0.011228846
1.3623702e-05
0.011225361
1.2711497e-05
0.01122211
1.1861218e-05
0.011219077
1.1068408e-05
0.011216247
1.0328924e-05
0.011213607
9.6389131e-06
0.011211144
8.9947803e-06
0.011208846
8.3931681e-06
0.011206703
7.8309372e-06
0.011204703
7.3051497e-06
0.011202839
6.8130564e-06
0.0112011
6.352085e-06
0.011199479
5.9198327e-06
0.011197969
5.5140589e-06
0.011196562
5.1326827e-06
0.011195252
4.7737799e-06
0.011194034
4.4355854e-06
0.011192902
4.1164908e-06
0.01119185
3.8150521e-06
0.011190875
3.5299827e-06
0.011189972
3.2601645e-06
0.011189138
3.0046324e-06
0.011188368
2.762583e-06
0.011187658
2.5333494e-06
0.011187007
2.3164045e-06
0.011186411
2.1113278e-06
0.011185866
1.9178034e-06
0.01118537
1.7355823e-06
0.01118492
1.5644776e-06
0.011184513
1.4043292e-06
0.011184147
1.2549955e-06
0.011183819
1.1163257e-06
0.011183526
9.8815181e-07
0.011183266
8.7026553e-07
0.011183036
7.6241837e-07
0.011182834
6.6429733e-07
0.011182658
5.7554975e-07
0.011182504
4.957446e-07
0.011182372
4.2444552e-07
0.011182258
3.6112616e-07
0.011182161
3.0532604e-07
0.011182079
2.5644166e-07
0.01118201
2.1407133e-07
0.011181952
1.7746671e-07
0.011181903
1.4642217e-07
0.011181863
1.1980034e-07
0.01118183
9.7970044e-08
0.011181803
7.8803936e-08
0.011181781
6.4348396e-08
0.011181764
4.993279e-08
0.011181749
4.2077284e-08
2.9692844e-08
0.010094914
6.788746e-05
0.010340233
0.00019555688
0.01065185
0.00027846872
0.010969203
0.00030539076
0.011273712
0.00030593223
0.01155641
0.00029627538
0.011809194
0.00027934034
0.012028326
0.00025644286
0.012214936
0.00023099242
0.012372692
0.00020629519
0.012505836
0.00018407978
0.012618428
0.00016468135
0.012714101
0.00014790567
0.012795956
0.00013346965
0.012866554
0.00012106424
0.01292795
0.00011036699
0.012981772
0.00010106929
0.0130293
9.2903866e-05
0.013071543
8.5655965e-05
0.0131093
7.9159835e-05
0.013143212
7.3289222e-05
0.013173796
6.7947841e-05
0.013201478
6.3061769e-05
0.013226611
5.8573648e-05
0.013249491
5.4438273e-05
0.013270372
5.0619245e-05
0.013289469
4.708651e-05
0.013306968
4.3814627e-05
0.013323033
4.0781568e-05
0.013337804
3.796792e-05
0.013351406
3.535634e-05
0.013363949
3.2931176e-05
0.013375529
3.0678211e-05
0.013386233
2.8584459e-05
0.013396137
2.6638028e-05
0.01340531
2.4827999e-05
0.013413814
2.3144329e-05
0.013421702
2.1577776e-05
0.013429025
2.0119821e-05
0.013435828
1.8762609e-05
0.013442151
1.7498893e-05
0.013448031
1.632198e-05
0.013453502
1.5225685e-05
0.013458594
1.4204291e-05
0.013463336
1.3252509e-05
0.013467752
1.2365442e-05
0.013471867
1.1538553e-05
0.013475702
1.0767633e-05
0.013479277
1.0048778e-05
0.013482611
9.3783536e-06
0.013485719
8.7529822e-06
0.013488618
8.1695114e-06
0.013491322
7.6250012e-06
0.013493844
7.1167019e-06
0.013496196
6.6420414e-06
0.013498391
6.1986103e-06
0.013500438
5.7841487e-06
0.013502346
5.39654e-06
0.013504126
5.033796e-06
0.013505784
4.6940568e-06
0.013507328
4.3755766e-06
0.013508765
4.0767283e-06
0.013510102
3.7959905e-06
0.013511344
3.5319569e-06
0.013512496
3.2833229e-06
0.013513564
3.0489033e-06
0.013514551
2.8276141e-06
0.013515463
2.6184948e-06
0.013516302
2.4206856e-06
0.013517073
2.2334548e-06
0.01351778
2.0561613e-06
0.013518425
1.8882896e-06
0.013519012
1.7293981e-06
0.013519544
1.5791555e-06
0.013520025
1.4372811e-06
0.013520457
1.3035771e-06
0.013520844
1.1778715e-06
0.013521188
1.060039e-06
0.013521493
9.4995794e-07
0.013521762
8.4751588e-07
0.013521998
7.5258788e-07
0.013522203
6.6502848e-07
0.01352238
5.8466682e-07
0.013522533
5.112961e-07
0.013522664
4.4468009e-07
0.013522775
3.8454019e-07
0.013522869
3.3058865e-07
0.013522947
2.8247197e-07
0.013523013
2.3989506e-07
0.013523068
2.0241313e-07
0.013523112
1.6979337e-07
0.013523148
1.4142832e-07
0.013523178
1.1729057e-07
0.013523201
9.6381564e-08
0.013523219
7.9263762e-08
0.013523233
6.3947661e-08
0.013523245
5.2616709e-08
0.013523254
4.0825953e-08
0.013523261
3.4765168e-08
2.4616601e-08
0.010067887
4.7835408e-13
0.010263444
6.5563873e-13
0.010541913
5.123652e-13
0.010847304
1.5260916e-14
0.011153236
-8.1038824e-13
0.011449511
-1.8441194e-12
0.011728852
-2.7180532e-12
0.011985295
-3.0356441e-12
0.012216287
-2.5719743e-12
0.012422582
-1.0227713e-12
0.012606662
1.1767016e-12
0.012771343
3.7426615e-12
0.012919249
5.9904021e-12
0.013052719
7.3041064e-12
0.013173783
7.3775859e-12
0.01328415
5.7989856e-12
0.013385219
3.0369122e-12
0.013478123
-5.6665697e-13
0.013563779
-4.1075307e-12
0.013642939
-6.7538734e-12
0.013716228
-7.8330081e-12
0.013784176
-6.8786765e-12
0.013847238
-4.0886776e-12
0.013905811
2.719241e-13
0.01396025
5.5450841e-12
0.014010869
1.0569896e-11
0.014057955
1.4639464e-11
0.01410177
1.7103614e-11
0.014142551
1.7389227e-11
0.014180519
1.5731489e-11
0.014215876
1.2778086e-11
0.014248807
9.1745345e-12
0.014279485
6.1507093e-12
0.01430807
4.769916e-12
0.014334708
5.7428736e-12
0.014359536
9.8685495e-12
0.01438268
1.6625421e-11
0.014404258
2.583272e-11
0.014424377
3.5847798e-11
0.01444314
4.5536621e-11
0.014460639
5.3230128e-11
0.014476961
5.7986697e-11
0.014492186
5.9536856e-11
0.014506391
5.8281815e-11
0.014519643
5.5626236e-11
0.014532008
5.3520422e-11
0.014543547
5.3792307e-11
0.014554314
5.8811441e-11
0.014564363
6.8830869e-11
0.014573742
8.4526162e-11
0.014582494
1.0365141e-10
0.014590664
1.2428485e-10
0.014598289
1.4288291e-10
0.014605405
1.5617572e-10
0.014612047
1.6221153e-10
0.014618245
1.5854764e-10
0.014624029
1.4668019e-10
0.014629426
1.2661849e-10
0.014634459
1.0298508e-10
0.014639153
7.7447575e-11
0.014643529
5.4981053e-11
0.014647606
3.6222987e-11
0.014651402
2.4813531e-11
0.014654934
1.9861757e-11
0.014658217
1.7685038e-11
0.014661266
1.4612333e-11
0.014664093
1.3616432e-11
0.014666712
1.8537978e-12
0.014669132
-1.3569414e-11
0.014671366
-4.2790785e-11
0.014673422
-7.8763566e-11
0.014675311
-1.276986e-10
0.01467704
-1.7842891e-10
0.01467862
-2.3397657e-10
0.014680057
-2.8091952e-10
0.014681361
-3.1776014e-10
0.01468254
-3.3350286e-10
0.0146836
-3.2666412e-10
0.01468455
-2.9494808e-10
0.014685398
-2.4293779e-10
0.014686151
-1.7896661e-10
0.014686816
-1.1576224e-10
0.014687401
-6.442304e-11
0.014687912
-3.8145554e-11
0.014688356
-3.864932e-11
0.014688741
-6.527613e-11
0.014689071
-1.056414e-10
0.014689354
-1.4353632e-10
0.014689594
-1.6338763e-10
0.014689797
-1.5184156e-10
0.014689968
-1.1232045e-10
0.01469011
-4.5746072e-11
0.014690227
2.7255636e-11
0.014690323
9.4116025e-11
0.014690402
1.3540221e-10
0.014690465
1.4798436e-10
0.014690517
1.4201085e-10
0.014690558
1.2138902e-10
0.014690592
1.1667052e-10
1.0435195e-10
0.010067887
-6.7887459e-05
0.010263444
-0.00019555688
0.010541913
-0.00027846872
0.010847304
-0.00030539076
0.011153236
-0.00030593223
0.011449511
-0.00029627538
0.011728852
-0.00027934034
0.011985295
-0.00025644287
0.012216287
-0.00023099242
0.012422582
-0.00020629519
0.012606662
-0.00018407978
0.012771343
-0.00016468134
0.012919249
-0.00014790566
0.013052719
-0.00013346963
0.013173783
-0.00012106423
0.01328415
-0.00011036698
0.013385219
-0.00010106928
0.013478123
-9.2903868e-05
0.013563779
-8.5655974e-05
0.013642939
-7.9159848e-05
0.013716228
-7.3289236e-05
0.013784176
-6.7947853e-05
0.013847238
-6.3061775e-05
0.013905811
-5.8573645e-05
0.01396025
-5.4438261e-05
0.014010869
-5.0619223e-05
0.014057955
-4.7086482e-05
0.01410177
-4.3814595e-05
0.014142551
-4.0781536e-05
0.014180519
-3.7967893e-05
0.014215876
-3.5356318e-05
0.014248807
-3.2931162e-05
0.014279485
-3.0678201e-05
0.01430807
-2.8584451e-05
0.014334708
-2.6638018e-05
0.014359536
-2.4827979e-05
0.01438268
-2.3144296e-05
0.014404258
-2.1577725e-05
0.014424378
-2.0119751e-05
0.01444314
-1.8762523e-05
0.014460639
-1.7498794e-05
0.014476961
-1.6321874e-05
0.014492186
-1.5225578e-05
0.014506391
-1.4204188e-05
0.014519643
-1.3252411e-05
0.014532008
-1.2365348e-05
0.014543547
-1.1538456e-05
0.014554315
-1.0767526e-05
0.014564363
-1.0048649e-05
0.014573742
-9.3781938e-06
0.014582495
-8.7527854e-06
0.014590664
-8.1692761e-06
0.014598289
-7.6247327e-06
0.014605405
-7.1164106e-06
0.014612047
-6.6417419e-06
0.014618246
-6.1983194e-06
0.01462403
-5.7838816e-06
0.014629426
-5.3963096e-06
0.01463446
-5.0336075e-06
0.014639154
-4.6939114e-06
0.014643529
-4.3754673e-06
0.014647606
-4.0766463e-06
0.014651402
-3.7959231e-06
0.014654934
-3.531895e-06
0.014658217
-3.2832613e-06
0.014661266
-3.048843e-06
0.014664094
-2.8275598e-06
0.014666712
-2.6184617e-06
0.014669133
-2.4206889e-06
0.014671366
-2.2335169e-06
0.014673422
-2.0562992e-06
0.014675311
-1.8885233e-06
0.01467704
-1.7297336e-06
0.01467862
-1.5795967e-06
0.014680057
-1.4378107e-06
0.014681361
-1.3041718e-06
0.01468254
-1.1784894e-06
0.0146836
-1.0606362e-06
0.01468455
-9.5048817e-07
0.014685398
-8.4794434e-07
0.014686151
-7.5289847e-07
0.014686816
-6.6522748e-07
0.014687401
-5.8478535e-07
0.014687912
-5.1138139e-07
0.014688356
-4.4478363e-07
0.014688741
-3.8470397e-07
0.014689071
-3.3082783e-07
0.014689354
-2.8277304e-07
0.014689594
-2.4021401e-07
0.014689797
-2.0269267e-07
0.014689968
-1.6998093e-07
0.014690109
-1.4148702e-07
0.014690227
-1.1721857e-07
0.014690323
-9.6199069e-08
0.014690402
-7.9020091e-08
0.014690465
-6.3686181e-08
0.014690517
-5.2377129e-08
0.014690558
-4.06092e-08
0.014690592
-3.4556199e-08
-2.4438756e-08
0.010094914
-0.00016280099
0.010340233
-0.00044087647
0.01065185
-0.00059008571
0.010969203
-0.00062274377
0.011273712
-0.00061044159
0.01155641
-0.00057897246
0.011809194
-0.0005321246
0.012028326
-0.00047557512
0.012214936
-0.00041760214
0.012372692
-0.00036405133
0.012505836
-0.0003172236
0.012618428
-0.00027727349
0.012714101
-0.00024357851
0.012795956
-0.00021532526
0.012866554
-0.00019166163
0.01292795
-0.00017176286
0.012981772
-0.00015489118
0.0130293
-0.00014043212
0.013071543
-0.00012789906
0.0131093
-0.00011691719
0.013143212
-0.00010720077
0.013173796
-9.8531956e-05
0.013201478
-9.0743667e-05
0.013226611
-8.3706539e-05
0.013249491
-7.7319012e-05
0.013270372
-7.1499965e-05
0.013289469
-6.6183308e-05
0.013306968
-6.1314128e-05
0.013323033
-5.684597e-05
0.013337804
-5.2738944e-05
0.013351406
-4.8958382e-05
0.013363949
-4.5473867e-05
0.013375529
-4.225852e-05
0.013386233
-3.9288451e-05
0.013396137
-3.6542334e-05
0.013405311
-3.4001062e-05
0.013413814
-3.1647464e-05
0.013421702
-2.9466073e-05
0.013429025
-2.7442915e-05
0.013435828
-2.5565346e-05
0.013442151
-2.3821893e-05
0.013448031
-2.2202127e-05
0.013453502
-2.0696549e-05
0.013458594
-1.929649e-05
0.013463336
-1.7994026e-05
0.013467753
-1.6781899e-05
0.013471868
-1.565345e-05
0.013475703
-1.4602562e-05
0.013479278
-1.3623599e-05
0.013482611
-1.2711367e-05
0.013485719
-1.1861058e-05
0.013488618
-1.106822e-05
0.013491322
-1.0328717e-05
0.013493844
-9.6386975e-06
0.013496197
-8.9945694e-06
0.013498392
-8.3929716e-06
0.013500438
-7.8307669e-06
0.013502347
-7.3050069e-06
0.013504126
-6.8129444e-06
0.013505785
-6.3519949e-06
0.013507329
-5.9197603e-06
0.013508766
-5.5139909e-06
0.013510103
-5.1326155e-06
0.013511345
-4.7737048e-06
0.013512497
-4.4355075e-06
0.013513565
-4.1164099e-06
0.013514552
-3.8149844e-06
0.013515463
-3.5299352e-06
0.013516303
-3.2601626e-06
0.013517074
-3.0046829e-06
0.01351778
-2.7627115e-06
0.013518425
-2.5335539e-06
0.013519012
-2.3167003e-06
0.013519545
-2.111696e-06
0.013520025
-1.9182365e-06
0.013520457
-1.7360432e-06
0.013520844
-1.5649368e-06
0.013521188
-1.4047453e-06
0.013521493
-1.2553393e-06
0.013521762
-1.1165802e-06
0.013521997
-9.8831948e-07
0.013522203
-8.7036902e-07
0.01352238
-7.6249735e-07
0.013522533
-6.6439247e-07
0.013522663
-5.7569944e-07
0.013522774
-4.9596153e-07
0.013522868
-4.2471792e-07
0.013522947
-3.6141905e-07
0.013523013
-3.05583e-07
0.013523067
-2.5662222e-07
0.013523112
-2.1413733e-07
0.013523148
-1.774287e-07
0.013523177
-1.4629366e-07
0.0135232
-1.1963389e-07
0.013523219
-9.7792179e-08
0.013523233
-7.8651812e-08
0.013523244
-6.4216485e-08
0.013523254
-4.9826604e-08
0.013523261
-4.1963854e-08
-2.9581011e-08
0.010181464
-0.00034426525
0.010521798
-0.00078121018
0.010842482
-0.00091076959
0.011112769
-0.0008930309
0.01133602
-0.00083369229
0.011508579
-0.0007515321
0.011630744
-0.0006542893
0.011709907
-0.00055473799
0.011755697
-0.00046339255
0.011776644
-0.000384998
0.011779503
-0.0003200822
0.011769652
-0.00026742266
0.01175133
-0.00022525659
0.011727726
-0.00019172159
0.011701127
-0.00016506247
0.011673116
-0.00014375197
0.011644765
-0.00012654002
0.011616781
-0.00011244778
0.011589614
-0.00010073205
0.011563536
-9.0839873e-05
0.0115387
-8.2364448e-05
0.011515175
-7.5007422e-05
0.011492981
-6.8549255e-05
0.011472102
-6.2827006e-05
0.011452501
-5.7718111e-05
0.011434129
-5.3128754e-05
0.011416932
-4.8985622e-05
0.011400848
-4.5230179e-05
0.011385816
-4.1814702e-05
0.011371777
-3.8699578e-05
0.01135867
-3.5851415e-05
0.011346438
-3.3241721e-05
0.011335025
-3.0845944e-05
0.01132438
-2.8642761e-05
0.011314451
-2.661354e-05
0.011305192
-2.4741911e-05
0.011296558
-2.301343e-05
0.011288507
-2.1415301e-05
0.011281
-1.9936146e-05
0.011274001
-1.8565809e-05
0.011267474
-1.72952e-05
0.011261388
-1.6116151e-05
0.011255713
-1.5021302e-05
0.01125042
-1.4004003e-05
0.011245484
-1.3058227e-05
0.011240881
-1.2178497e-05
0.011236587
-1.1359822e-05
0.011232583
-1.0597645e-05
0.011228847
-9.8877875e-06
0.011225362
-9.2264122e-06
0.011222111
-8.6099807e-06
0.011219078
-8.035222e-06
0.011216248
-7.4991014e-06
0.011213608
-6.9987973e-06
0.011211145
-6.5316789e-06
0.011208847
-6.0952898e-06
0.011206704
-5.6873332e-06
0.011204704
-5.3056602e-06
0.01120284
-4.9482626e-06
0.011201101
-4.6132625e-06
0.01119948
-4.2989101e-06
0.01119797
-4.0035762e-06
0.011196563
-3.7257548e-06
0.011195254
-3.4640561e-06
0.011194035
-3.2172125e-06
0.011192903
-2.9840751e-06
0.011191851
-2.7636211e-06
0.011190876
-2.5549491e-06
0.011189973
-2.3572836e-06
0.011189138
-2.1699662e-06
0.011188368
-1.9924577e-06
0.011187659
-1.8243192e-06
0.011187008
-1.6652094e-06
0.011186411
-1.514861e-06
0.011185866
-1.3730769e-06
0.01118537
-1.2397038e-06
0.01118492
-1.1146302e-06
0.011184513
-9.9776114e-07
0.011184147
-8.8901396e-07
0.011183819
-7.8829363e-07
0.011183526
-6.9548439e-07
0.011183265
-6.1042796e-07
0.011183035
-5.3291659e-07
0.011182833
-4.6268105e-07
0.011182657
-3.9940351e-07
0.011182503
-3.4271108e-07
0.011182371
-2.9222565e-07
0.011182258
-2.4753246e-07
0.011182161
-2.0827735e-07
0.011182079
-1.7404282e-07
0.01118201
-1.4453032e-07
0.011181951
-1.1924558e-07
0.011181903
-9.7941787e-08
0.011181863
-7.9889443e-08
0.011181829
-6.50571e-08
0.011181802
-5.2271619e-08
0.01118178
-4.2338431e-08
0.011181764
-3.2977448e-08
0.011181749
-2.7323047e-08
-1.9339123e-08
0.010341662
-0.00068592735
0.010578184
-0.0010177326
0.010615671
-0.00094825625
0.010553945
-0.00083130473
0.010425822
-0.00070556886
0.010248587
-0.00057429755
0.010044962
-0.00045066426
0.0098354604
-0.00034523641
0.0096327827
-0.00026071489
0.0094437308
-0.00019594606
0.0092713466
-0.00014769798
0.009116574
-0.00011265008
0.0089789731
-8.7655674e-05
0.0088572402
-6.9988771e-05
0.0087496634
-5.7485618e-05
0.0086544455
-4.8534132e-05
0.0085698899
-4.1984441e-05
0.0084944844
-3.7042267e-05
0.0084269262
-3.3173821e-05
0.0083661157
-3.0029282e-05
0.0083111354
-2.7384156e-05
0.0082612243
-2.5096335e-05
0.0082157512
-2.3076179e-05
0.0081741908
-2.1266622e-05
0.0081361031
-1.9630402e-05
0.0081011164
-1.8142102e-05
0.0080689141
-1.6783316e-05
0.0080392237
-1.5539803e-05
0.0080118088
-1.4399875e-05
0.0079864628
-1.3353515e-05
0.0079630033
-1.2391904e-05
0.0079412688
-1.1507167e-05
0.0079211151
-1.0692231e-05
0.0079024131
-9.9407326e-06
0.0078850466
-9.2469516e-06
0.0078689104
-8.6057487e-06
0.0078539095
-8.0125137e-06
0.0078399573
-7.4631093e-06
0.0078269749
-6.9538239e-06
0.0078148903
-6.4813219e-06
0.0078036377
-6.0426026e-06
0.0077931565
-5.6349612e-06
0.0077833911
-5.255953e-06
0.0077742905
-4.9033663e-06
0.0077658075
-4.5751917e-06
0.0077578987
-4.2696026e-06
0.0077505238
-3.9849312e-06
0.0077436459
-3.7196513e-06
0.0077372305
-3.4723617e-06
0.0077312458
-3.2417703e-06
0.0077256625
-3.0266835e-06
0.0077204532
-2.8259922e-06
0.0077155926
-2.6386652e-06
0.0077110575
-2.4637411e-06
0.007706826
-2.3003195e-06
0.0077028783
-2.1475625e-06
0.0076991956
-2.0046794e-06
0.007695761
-1.8709382e-06
0.0076925585
-1.7456437e-06
0.0076895734
-1.628155e-06
0.0076867925
-1.5178618e-06
0.0076842032
-1.4142047e-06
0.0076817941
-1.316652e-06
0.0076795547
-1.2247221e-06
0.0076774754
-1.1379616e-06
0.0076755472
-1.0559729e-06
0.0076737619
-9.78386e-07
0.0076721118
-9.0489429e-07
0.0076705897
-8.3521457e-07
0.0076691889
-7.6913298e-07
0.0076679029
-7.0644934e-07
0.0076667257
-6.4703126e-07
0.0076656514
-5.9074828e-07
0.0076646743
-5.3752893e-07
0.0076637887
-4.8729707e-07
0.0076629893
-4.4001963e-07
0.0076622705
-3.9565932e-07
0.007661627
-3.5419917e-07
0.0076610536
-3.1561822e-07
0.007660545
-2.7988957e-07
0.0076600962
-2.4697446e-07
0.0076597022
-2.1680961e-07
0.0076593582
-1.8930998e-07
0.0076590596
-1.6436741e-07
0.0076588019
-1.4185723e-07
0.007658581
-1.2164944e-07
0.0076583928
-1.0362296e-07
0.0076582335
-8.7653052e-08
0.0076580994
-7.3651145e-08
0.0076579872
-6.1482598e-08
0.0076578937
-5.1063341e-08
0.0076578164
-4.2188017e-08
0.0076577526
-3.4747217e-08
0.0076577006
-2.8436201e-08
0.0076576582
-2.320261e-08
0.0076576244
-1.8686376e-08
0.0076575972
-1.5045396e-08
0.0076575764
-1.182135e-08
0.0076575589
-9.5269577e-09
-7.1236489e-09
0.0093140727
0.0082963401
0.0073480838
0.0065167791
0.0058112102
0.0052369127
0.0047862485
0.004441012
0.0041802972
0.0039843511
0.0038366531
0.003724003
0.0036363473
0.0035663585
0.0035088729
0.0034603388
0.0034183544
0.0033813121
0.0033481383
0.003318109
0.0032907249
0.0032656285
0.0032425523
0.0032212857
0.0032016553
0.0031835132
0.0031667298
0.00315119
0.0031367902
0.0031234367
0.0031110448
0.0030995377
0.0030888454
0.0030789047
0.0030696578
0.003061052
0.0030530395
0.0030455763
0.0030386225
0.0030321411
0.0030260985
0.0030204636
0.0030152076
0.0030103043
0.0030057291
0.0030014596
0.0029974747
0.002993755
0.0029902826
0.0029870408
0.0029840141
0.0029811881
0.0029785493
0.0029760856
0.0029737852
0.0029716377
0.0029696331
0.0029677622
0.0029660166
0.0029643885
0.0029628706
0.0029614564
0.0029601397
0.002958915
0.0029577769
0.0029567209
0.0029557425
0.0029548376
0.0029540023
0.0029532332
0.0029525268
0.0029518798
0.0029512891
0.0029507517
0.0029502644
0.0029498244
0.0029494287
0.0029490744
0.0029487587
0.0029484786
0.0029482313
0.0029480143
0.0029478248
0.0029476604
0.0029475186
0.0029473972
0.0029472938
0.0029472064
0.0029471328
0.0029470713
0.00294702
0.0029469775
0.0029469424
0.0029469137
0.0029468904
0.0029468718
0.0029468569
0.0029468453
0.0029468359
)
;

boundaryField
{
    top
    {
        type            calculated;
        value           uniform 0;
    }
    bottom
    {
        type            calculated;
        value           uniform 0;
    }
    inlet
    {
        type            calculated;
        value           nonuniform List<scalar> 10(-0.01 -0.01 -0.01 -0.01 -0.01 -0.01 -0.01 -0.01 -0.01 -0.01);
    }
    outlet
    {
        type            calculated;
        value           nonuniform List<scalar> 10(0.0029468289 0.0076575468 0.011181739 0.013523266 0.014690617 0.014690617 0.013523266 0.011181739 0.0076575467 0.0029468287);
    }
    front
    {
        type            empty;
    }
    back
    {
        type            empty;
    }
}


// ************************************************************************* //
