/*--------------------------------*- C++ -*----------------------------------*\
  =========                 |
  \\      /  F ield         | OpenFOAM: The Open Source CFD Toolbox
   \\    /   O peration     | Website:  https://openfoam.org
    \\  /    A nd           | Version:  13
     \\/     M anipulation  |
\*---------------------------------------------------------------------------*/
FoamFile
{
    format      ascii;
    class       volVectorField;
    location    "8";
    object      U;
}
// * * * * * * * * * * * * * * * * * * * * * * * * * * * * * * * * * * * * * //

dimensions      [0 1 -1 0 0 0 0];

internalField   nonuniform List<vector> 
1000
(
(0.92074242 0.03382768 0)
(0.8635379 0.056684191 0)
(0.78799127 0.052753994 0)
(0.69766161 0.041237061 0)
(0.61471542 0.03020314 0)
(0.54875554 0.020988077 0)
(0.49827309 0.013660659 0)
(0.45949312 0.0082997553 0)
(0.42978721 0.0047358839 0)
(0.4072852 0.0025321839 0)
(0.39034402 0.0012497964 0)
(0.37751559 0.0005618032 0)
(0.36764107 0.00024261449 0)
(0.35985945 0.00013663738 0)
(0.35355677 0.00013976127 0)
(0.34830594 0.00018761051 0)
(0.34381544 0.00024452994 0)
(0.33988918 0.00029351245 0)
(0.33639623 0.00032844041 0)
(0.33324896 0.00034888333 0)
(0.33038779 0.0003569366 0)
(0.32777097 0.00035546609 0)
(0.32536798 0.00034724045 0)
(0.32315538 0.00033457875 0)
(0.32111429 0.00031926799 0)
(0.31922887 0.00030260467 0)
(0.31748536 0.0002854825 0)
(0.31587162 0.00026848743 0)
(0.31437678 0.00025198268 0)
(0.31299102 0.00023617738 0)
(0.31170546 0.00022117812 0)
(0.31051204 0.00020702581 0)
(0.30940345 0.00019372099 0)
(0.30837305 0.00018124054 0)
(0.3074148 0.00016954855 0)
(0.30652319 0.00015860308 0)
(0.30569321 0.00014836015 0)
(0.30492027 0.00013877617 0)
(0.3042002 0.0001298091 0)
(0.30352916 0.0001214191 0)
(0.30290361 0.00011356871 0)
(0.30232033 0.00010622292 0)
(0.30177634 9.9349091e-05 0)
(0.30126888 9.2916783e-05 0)
(0.30079543 8.6897649e-05 0)
(0.30035362 8.1265277e-05 0)
(0.29994129 7.5994996e-05 0)
(0.29955643 7.1063767e-05 0)
(0.29919717 6.6449967e-05 0)
(0.29886178 6.2133307e-05 0)
(0.29854864 5.8094659e-05 0)
(0.29825628 5.4315963e-05 0)
(0.29798329 5.078016e-05 0)
(0.2977284 4.7471088e-05 0)
(0.29749041 4.4373526e-05 0)
(0.29726822 4.1473019e-05 0)
(0.2970608 3.8755995e-05 0)
(0.29686719 3.620958e-05 0)
(0.29668652 3.3821691e-05 0)
(0.29651797 3.1580823e-05 0)
(0.2963608 2.9476163e-05 0)
(0.29621432 2.7497367e-05 0)
(0.29607788 2.5634785e-05 0)
(0.29595091 2.3879133e-05 0)
(0.29583287 2.2221966e-05 0)
(0.29572326 2.065522e-05 0)
(0.29562163 1.9171926e-05 0)
(0.29552755 1.7765552e-05 0)
(0.29544062 1.6430849e-05 0)
(0.29536049 1.5163081e-05 0)
(0.29528679 1.3958778e-05 0)
(0.29521919 1.2814915e-05 0)
(0.29515738 1.172951e-05 0)
(0.29510104 1.0700841e-05 0)
(0.29504987 9.7279082e-06 0)
(0.29500356 8.8098395e-06 0)
(0.29496184 7.946224e-06 0)
(0.2949244 7.1366463e-06 0)
(0.29489095 6.380897e-06 0)
(0.29486122 5.6786147e-06 0)
(0.29483492 5.0293602e-06 0)
(0.29481177 4.4321945e-06 0)
(0.29479151 3.8859179e-06 0)
(0.29477388 3.3885113e-06 0)
(0.29475863 2.937849e-06 0)
(0.29474551 2.5311324e-06 0)
(0.2947343 2.1661129e-06 0)
(0.29472479 1.8404986e-06 0)
(0.29471676 1.5529769e-06 0)
(0.29471003 1.3017288e-06 0)
(0.29470441 1.0859853e-06 0)
(0.29469975 9.0218554e-07 0)
(0.29469589 7.4895989e-07 0)
(0.29469273 6.1897587e-07 0)
(0.29469015 5.1161298e-07 0)
(0.29468807 4.1770849e-07 0)
(0.2946864 3.4010393e-07 0)
(0.29468507 2.755445e-07 0)
(0.29468407 2.1133896e-07 0)
(0.29468298 1.9073571e-07 0)
(1.0019381 0.052732953 0)
(1.0365395 0.10225274 0)
(1.0602516 0.11315449 0)
(1.0635369 0.1090466 0)
(1.0522935 0.099516705 0)
(1.0346516 0.087114674 0)
(1.0147897 0.073373125 0)
(0.99415463 0.059906706 0)
(0.97358849 0.047880415 0)
(0.95388174 0.037787615 0)
(0.93564763 0.029665823 0)
(0.91918057 0.02332968 0)
(0.90451503 0.018503101 0)
(0.89154102 0.014887717 0)
(0.88008798 0.012203273 0)
(0.86996961 0.010210174 0)
(0.86100573 0.0087174151 0)
(0.85303279 0.0075805263 0)
(0.84590822 0.0066945203 0)
(0.83951094 0.0059853878 0)
(0.8337398 0.0054021107 0)
(0.82851093 0.004910041 0)
(0.82375499 0.0044858253 0)
(0.81941449 0.0041137181 0)
(0.81544149 0.0037830018 0)
(0.81179572 0.0034862338 0)
(0.80844305 0.003218085 0)
(0.80535423 0.0029745899 0)
(0.802504 0.0027526732 0)
(0.79987035 0.0025498573 0)
(0.79743392 0.002364081 0)
(0.79517763 0.0021935895 0)
(0.79308626 0.002036863 0)
(0.79114619 0.0018925713 0)
(0.7893452 0.0017595421 0)
(0.78767226 0.0016367371 0)
(0.7861174 0.0015232342 0)
(0.78467155 0.0014182124 0)
(0.78332647 0.0013209388 0)
(0.78207463 0.0012307579 0)
(0.78090915 0.0011470817 0)
(0.77982372 0.0010693818 0)
(0.77881255 0.00099718156 0)
(0.77787031 0.00093005039 0)
(0.77699211 0.00086759783 0)
(0.77617342 0.00080946895 0)
(0.77541007 0.00075534016 0)
(0.77469819 0.00070491549 0)
(0.77403423 0.00065792343 0)
(0.77341488 0.00061411403 0)
(0.77283708 0.00057325651 0)
(0.77229801 0.00053513706 0)
(0.77179503 0.000499557 0)
(0.77132573 0.00046633129 0)
(0.77088784 0.00043528717 0)
(0.77047929 0.00040626311 0)
(0.77009814 0.00037910796 0)
(0.76974262 0.00035368021 0)
(0.76941108 0.00032984747 0)
(0.76910199 0.00030748598 0)
(0.76881396 0.00028648041 0)
(0.7685457 0.00026672356 0)
(0.76829601 0.00024811648 0)
(0.7680638 0.00023056832 0)
(0.76784806 0.00021399664 0)
(0.76764788 0.00019832743 0)
(0.76746238 0.00018349539 0)
(0.76729078 0.0001694438 0)
(0.76713233 0.00015612459 0)
(0.76698635 0.00014349792 0)
(0.76685216 0.00013153172 0)
(0.76672915 0.00012020082 0)
(0.76661672 0.00010948607 0)
(0.76651428 9.9373095e-05 0)
(0.76642128 8.9851289e-05 0)
(0.76633715 8.0912412e-05 0)
(0.76626136 7.2549835e-05 0)
(0.76619336 6.4757072e-05 0)
(0.76613264 5.7527346e-05 0)
(0.76607866 5.0852231e-05 0)
(0.76603092 4.4721368e-05 0)
(0.7659889 3.9121329e-05 0)
(0.76595212 3.4035613e-05 0)
(0.7659201 2.9443894e-05 0)
(0.76589239 2.5323054e-05 0)
(0.76586855 2.1646587e-05 0)
(0.76584817 1.8387664e-05 0)
(0.76583086 1.5517175e-05 0)
(0.76581624 1.3009184e-05 0)
(0.76580398 1.0833904e-05 0)
(0.76579374 8.9681626e-06 0)
(0.76578525 7.3779726e-06 0)
(0.76577824 6.042692e-06 0)
(0.7657725 4.9173905e-06 0)
(0.76576781 3.9911904e-06 0)
(0.76576402 3.2032831e-06 0)
(0.76576102 2.5786696e-06 0)
(0.76575854 2.0193613e-06 0)
(0.76575686 1.6539763e-06 0)
(0.76575477 1.2027747e-06 0)
(1.0002467 0.026719375 0)
(1.0283936 0.06255548 0)
(1.0646999 0.077616155 0)
(1.0979952 0.080476474 0)
(1.1240764 0.078058279 0)
(1.1435812 0.07291683 0)
(1.1579044 0.065986855 0)
(1.1678877 0.0582047 0)
(1.1741544 0.050495786 0)
(1.1774192 0.043467201 0)
(1.1784517 0.037361305 0)
(1.1779313 0.032190659 0)
(1.1763807 0.027868333 0)
(1.1741779 0.024277407 0)
(1.1715897 0.021298544 0)
(1.1688025 0.018820817 0)
(1.1659442 0.01674707 0)
(1.1630997 0.014996289 0)
(1.1603237 0.013503444 0)
(1.1576498 0.012217607 0)
(1.155097 0.011099375 0)
(1.1526749 0.010118338 0)
(1.1503869 0.0092509596 0)
(1.1482324 0.0084788989 0)
(1.1462083 0.0077877244 0)
(1.1443101 0.0071659435 0)
(1.1425324 0.0066042754 0)
(1.1408692 0.006095116 0)
(1.1393144 0.005632148 0)
(1.1378619 0.0052100576 0)
(1.1365056 0.0048243278 0)
(1.1352396 0.0044710843 0)
(1.1340583 0.0041469785 0)
(1.1329564 0.0038490984 0)
(1.1319285 0.003574897 0)
(1.13097 0.0033221363 0)
(1.1300761 0.0030888415 0)
(1.1292426 0.0028732628 0)
(1.1284655 0.0026738446 0)
(1.1277408 0.0024891986 0)
(1.1270651 0.0023180824 0)
(1.1264351 0.0021593799 0)
(1.1258475 0.0020120863 0)
(1.1252997 0.0018752936 0)
(1.1247887 0.0017481793 0)
(1.1243122 0.0016299965 0)
(1.1238678 0.001520065 0)
(1.1234532 0.0014177633 0)
(1.1230665 0.0013225228 0)
(1.1227058 0.0012338211 0)
(1.1223693 0.0011511773 0)
(1.1220554 0.0010741471 0)
(1.1217625 0.0010023194 0)
(1.1214893 0.00093531243 0)
(1.1212344 0.00087277082 0)
(1.1209965 0.00081436345 0)
(1.1207747 0.00075978102 0)
(1.1205677 0.0007087345 0)
(1.1203746 0.00066095357 0)
(1.1201946 0.00061618568 0)
(1.1200268 0.00057419499 0)
(1.1198704 0.00053476209 0)
(1.1197246 0.00049768332 0)
(1.1195889 0.00046277114 0)
(1.1194626 0.00042985373 0)
(1.1193452 0.00039877576 0)
(1.1192361 0.00036939798 0)
(1.1191349 0.00034159797 0)
(1.1190411 0.00031526952 0)
(1.1189543 0.00029032284 0)
(1.1188741 0.00026668331 0)
(1.1188002 0.00024429081 0)
(1.1187323 0.00022309794 0)
(1.1186699 0.00020306834 0)
(1.1186129 0.00018417469 0)
(1.1185609 0.0001663964 0)
(1.1185137 0.00014971771 0)
(1.1184709 0.00013412521 0)
(1.1184323 0.00011960628 0)
(1.1183976 0.00010614684 0)
(1.1183666 9.3730191e-05 0)
(1.1183391 8.233513e-05 0)
(1.1183146 7.1935522e-05 0)
(1.1182931 6.2498693e-05 0)
(1.1182742 5.3987097e-05 0)
(1.1182577 4.6355982e-05 0)
(1.1182435 3.9559253e-05 0)
(1.1182312 3.3543308e-05 0)
(1.1182207 2.8259959e-05 0)
(1.1182118 2.3649592e-05 0)
(1.1182043 1.9668632e-05 0)
(1.1181979 1.6246722e-05 0)
(1.1181926 1.3353534e-05 0)
(1.1181882 1.089009e-05 0)
(1.1181845 8.8668883e-06 0)
(1.1181815 7.1143804e-06 0)
(1.1181791 5.7718029e-06 0)
(1.1181771 4.4782209e-06 0)
(1.1181758 3.7340061e-06 0)
(1.118174 2.6302782e-06 0)
(1.0000321 0.01172771 0)
(1.0173964 0.030563016 0)
(1.0455868 0.040990665 0)
(1.0788323 0.044657243 0)
(1.1117703 0.044906518 0)
(1.1419849 0.043513626 0)
(1.1689322 0.04099875 0)
(1.1925678 0.037704081 0)
(1.2129268 0.03408959 0)
(1.2301852 0.030558837 0)
(1.2446903 0.027331285 0)
(1.256878 0.024473251 0)
(1.2671747 0.021977089 0)
(1.2759451 0.019810765 0)
(1.283481 0.017935177 0)
(1.290012 0.016308897 0)
(1.2957188 0.014891431 0)
(1.3007436 0.013646371 0)
(1.3051988 0.01254321 0)
(1.3091728 0.011557532 0)
(1.3127361 0.01067022 0)
(1.3159451 0.0098663829 0)
(1.3188459 0.009134372 0)
(1.3214765 0.0084649921 0)
(1.3238688 0.0078508902 0)
(1.3260498 0.0072860869 0)
(1.3280427 0.0067656236 0)
(1.3298674 0.0062853044 0)
(1.3315412 0.0058415121 0)
(1.3330791 0.0054310786 0)
(1.3344943 0.0050511951 0)
(1.3357985 0.0046993475 0)
(1.3370019 0.0043732702 0)
(1.3381138 0.0040709108 0)
(1.339142 0.0037904035 0)
(1.340094 0.0035300476 0)
(1.340976 0.0032882897 0)
(1.341794 0.0030637092 0)
(1.3425532 0.0028550048 0)
(1.3432582 0.0026609836 0)
(1.3439133 0.002480551 0)
(1.3445224 0.0023127013 0)
(1.345089 0.00215651 0)
(1.3456162 0.0020111261 0)
(1.3461071 0.001875766 0)
(1.3465642 0.0017497072 0)
(1.3469901 0.0016322827 0)
(1.347387 0.0015228765 0)
(1.3477569 0.0014209183 0)
(1.3481018 0.00132588 0)
(1.3484233 0.0012372715 0)
(1.3487232 0.001154637 0)
(1.3490029 0.0010775525 0)
(1.3492638 0.0010056224 0)
(1.3495072 0.00093847705 0)
(1.3497342 0.00087577103 0)
(1.3499459 0.0008171807 0)
(1.3501434 0.00076240296 0)
(1.3503275 0.00071115355 0)
(1.3504991 0.00066316628 0)
(1.350659 0.00061819167 0)
(1.3508079 0.00057599682 0)
(1.3509464 0.00053636441 0)
(1.3510752 0.00049909306 0)
(1.3511947 0.00046399677 0)
(1.3513056 0.00043090567 0)
(1.3514082 0.00039966562 0)
(1.351503 0.00037013907 0)
(1.3515904 0.00034220439 0)
(1.3516709 0.00031575668 0)
(1.3517446 0.00029070626 0)
(1.3518121 0.00026697916 0)
(1.3518736 0.00024451457 0)
(1.3519295 0.00022326487 0)
(1.3519801 0.00020319241 0)
(1.3520256 0.00018426888 0)
(1.3520665 0.00016647206 0)
(1.3521029 0.00014978457 0)
(1.3521353 0.00013419119 0)
(1.3521639 0.00011967719 0)
(1.3521891 0.00010622669 0)
(1.352211 9.3820542e-05 0)
(1.35223 8.2436157e-05 0)
(1.3522465 7.2045081e-05 0)
(1.3522606 6.261494e-05 0)
(1.3522726 5.4105913e-05 0)
(1.3522828 4.6477266e-05 0)
(1.3522913 3.9678293e-05 0)
(1.3522985 3.3665646e-05 0)
(1.3523044 2.8377378e-05 0)
(1.3523093 2.3776966e-05 0)
(1.3523133 1.9782461e-05 0)
(1.3523165 1.6382572e-05 0)
(1.3523191 1.3446219e-05 0)
(1.3523211 1.1036149e-05 0)
(1.3523228 8.8964254e-06 0)
(1.3523239 7.2959371e-06 0)
(1.3523251 5.6671798e-06 0)
(1.3523257 4.7947961e-06 0)
(1.3523267 3.3579238e-06 0)
(1.0001568 0.0034383906 0)
(1.0134518 0.0092557599 0)
(1.036628 0.012853242 0)
(1.0666034 0.014335343 0)
(1.0987809 0.014626052 0)
(1.1300715 0.014363697 0)
(1.1593037 0.013741451 0)
(1.1861976 0.012840159 0)
(1.2106431 0.011790373 0)
(1.2325915 0.010728734 0)
(1.2521417 0.0097376724 0)
(1.2695378 0.0088459651 0)
(1.2850832 0.0080555417 0)
(1.2990634 0.0073596123 0)
(1.3117148 0.0067486888 0)
(1.3232262 0.0062117879 0)
(1.3337497 0.005737392 0)
(1.3434089 0.0053147117 0)
(1.3523048 0.0049345704 0)
(1.3605198 0.0045896471 0)
(1.3681215 0.0042742892 0)
(1.3751666 0.0039841783 0)
(1.3817032 0.0037160113 0)
(1.3877733 0.0034672421 0)
(1.3934137 0.003235881 0)
(1.3986577 0.0030203401 0)
(1.4035351 0.0028193171 0)
(1.408073 0.0026317114 0)
(1.4122964 0.0024565659 0)
(1.416228 0.0022930277 0)
(1.4198888 0.0021403226 0)
(1.4232982 0.001997739 0)
(1.4264741 0.001864616 0)
(1.429433 0.0017403376 0)
(1.4321902 0.001624327 0)
(1.4347599 0.0015160434 0)
(1.4371552 0.0014149797 0)
(1.4393882 0.0013206604 0)
(1.4414702 0.0012326397 0)
(1.4434117 0.0011504998 0)
(1.4452223 0.0010738497 0)
(1.446911 0.0010023234 0)
(1.4484863 0.00093557882 0)
(1.4499558 0.00087329607 0)
(1.4513268 0.00081517635 0)
(1.452606 0.00076094058 0)
(1.4537996 0.00071032804 0)
(1.4549134 0.0006630952 0)
(1.4559529 0.00061901444 0)
(1.456923 0.00057787284 0)
(1.4578283 0.00053947122 0)
(1.4586733 0.0005036229 0)
(1.459462 0.00047015301 0)
(1.4601981 0.0004388974 0)
(1.4608851 0.00040970209 0)
(1.4615263 0.00038242241 0)
(1.4621247 0.00035692248 0)
(1.462683 0.00033307459 0)
(1.4632038 0.00031075875 0)
(1.4636896 0.00028986219 0)
(1.4641425 0.00027027903 0)
(1.4645646 0.0002519099 0)
(1.4649578 0.00023466192 0)
(1.4653237 0.00021844835 0)
(1.4656641 0.00020318888 0)
(1.4659803 0.00018880946 0)
(1.4662738 0.00017524259 0)
(1.4665458 0.00016242742 0)
(1.4667975 0.0001503098 0)
(1.4670299 0.00013884231 0)
(1.4672441 0.00012798421 0)
(1.4674411 0.00011770128 0)
(1.4676218 0.00010796519 0)
(1.467787 9.8753299e-05 0)
(1.4679376 9.0047575e-05 0)
(1.4680745 8.1834257e-05 0)
(1.4681984 7.4102485e-05 0)
(1.4683101 6.6843696e-05 0)
(1.4684105 6.0050443e-05 0)
(1.4685002 5.3715599e-05 0)
(1.46858 4.7831739e-05 0)
(1.4686507 4.2390163e-05 0)
(1.468713 3.7381129e-05 0)
(1.4687676 3.2792758e-05 0)
(1.4688152 2.8612229e-05 0)
(1.4688565 2.4824086e-05 0)
(1.468892 2.1413222e-05 0)
(1.4689226 1.8360038e-05 0)
(1.4689486 1.5649041e-05 0)
(1.4689706 1.3254056e-05 0)
(1.4689891 1.1163078e-05 0)
(1.4690046 9.3372265e-06 0)
(1.4690174 7.7783201e-06 0)
(1.4690281 6.4189252e-06 0)
(1.4690366 5.3031271e-06 0)
(1.4690439 4.2945989e-06 0)
(1.4690492 3.5489643e-06 0)
(1.4690544 2.7653114e-06 0)
(1.4690571 2.3605296e-06 0)
(1.4690617 1.6576966e-06 0)
(1.0001568 -0.0034383906 0)
(1.0134518 -0.0092557598 0)
(1.036628 -0.012853241 0)
(1.0666034 -0.014335343 0)
(1.0987809 -0.014626052 0)
(1.1300715 -0.014363698 0)
(1.1593037 -0.013741451 0)
(1.1861976 -0.01284016 0)
(1.2106431 -0.011790373 0)
(1.2325915 -0.010728734 0)
(1.2521417 -0.0097376722 0)
(1.2695378 -0.0088459643 0)
(1.2850832 -0.0080555405 0)
(1.2990634 -0.0073596109 0)
(1.3117148 -0.0067486874 0)
(1.3232262 -0.0062117869 0)
(1.3337497 -0.0057373915 0)
(1.3434089 -0.0053147119 0)
(1.3523048 -0.0049345712 0)
(1.3605198 -0.0045896485 0)
(1.3681215 -0.0042742908 0)
(1.3751666 -0.0039841796 0)
(1.3817032 -0.003716012 0)
(1.3877733 -0.0034672419 0)
(1.3934137 -0.0032358799 0)
(1.3986577 -0.0030203379 0)
(1.4035351 -0.0028193142 0)
(1.408073 -0.0026317081 0)
(1.4122964 -0.0024565625 0)
(1.416228 -0.0022930247 0)
(1.4198888 -0.0021403202 0)
(1.4232982 -0.0019977373 0)
(1.4264741 -0.0018646149 0)
(1.429433 -0.0017403368 0)
(1.4321902 -0.0016243258 0)
(1.4347599 -0.0015160414 0)
(1.4371552 -0.0014149763 0)
(1.4393882 -0.0013206552 0)
(1.4414702 -0.0012326325 0)
(1.4434117 -0.0011504908 0)
(1.4452223 -0.0010738392 0)
(1.446911 -0.0010023121 0)
(1.4484863 -0.00093556726 0)
(1.4499558 -0.0008732848 0)
(1.4513268 -0.00081516559 0)
(1.452606 -0.00076093019 0)
(1.4537996 -0.00071031747 0)
(1.4549134 -0.00066308353 0)
(1.4559529 -0.00061900061 0)
(1.456923 -0.0005778558 0)
(1.4578283 -0.00053945029 0)
(1.4586733 -0.00050359785 0)
(1.459462 -0.00047012428 0)
(1.4601981 -0.00043886606 0)
(1.4608852 -0.00040966961 0)
(1.4615264 -0.00038239064 0)
(1.4621247 -0.00035689304 0)
(1.462683 -0.00033304901 0)
(1.4632039 -0.00031073771 0)
(1.4636896 -0.00028984599 0)
(1.4641426 -0.00027026702 0)
(1.4645647 -0.0002519013 0)
(1.4649578 -0.00023465539 0)
(1.4653238 -0.00021844303 0)
(1.4656641 -0.00020318388 0)
(1.4659804 -0.00018880487 0)
(1.4662738 -0.00017523871 0)
(1.4665458 -0.00016242572 0)
(1.4667975 -0.00015031158 0)
(1.4670299 -0.00013885011 0)
(1.4672441 -0.00012799961 0)
(1.4674411 -0.00011772657 0)
(1.4676218 -0.00010800091 0)
(1.467787 -9.8800057e-05 0)
(1.4679376 -9.010372e-05 0)
(1.4680745 -8.1897513e-05 0)
(1.4681984 -7.4168681e-05 0)
(1.4683101 -6.6908242e-05 0)
(1.4684105 -6.0108545e-05 0)
(1.4685002 -5.3763349e-05 0)
(1.46858 -4.7867078e-05 0)
(1.4686507 -4.2413408e-05 0)
(1.468713 -3.7395017e-05 0)
(1.4687676 -3.2802174e-05 0)
(1.4688152 -2.8622462e-05 0)
(1.4688565 -2.4839866e-05 0)
(1.468892 -2.1436769e-05 0)
(1.4689225 -1.8390303e-05 0)
(1.4689485 -1.5682246e-05 0)
(1.4689706 -1.3284011e-05 0)
(1.4689891 -1.1184275e-05 0)
(1.4690046 -9.3449748e-06 0)
(1.4690174 -7.7720249e-06 0)
(1.4690281 -6.4003268e-06 0)
(1.4690366 -5.2769653e-06 0)
(1.4690439 -4.26609e-06 0)
(1.4690492 -3.5220108e-06 0)
(1.4690544 -2.7417637e-06 0)
(1.4690571 -2.337863e-06 0)
(1.4690617 -1.6373736e-06 0)
(1.0000321 -0.01172771 0)
(1.0173964 -0.030563016 0)
(1.0455868 -0.040990665 0)
(1.0788323 -0.044657243 0)
(1.1117703 -0.044906518 0)
(1.1419849 -0.043513626 0)
(1.1689322 -0.040998751 0)
(1.1925678 -0.037704082 0)
(1.2129268 -0.034089591 0)
(1.2301852 -0.030558837 0)
(1.2446903 -0.027331284 0)
(1.256878 -0.02447325 0)
(1.2671747 -0.021977087 0)
(1.2759451 -0.019810764 0)
(1.283481 -0.017935176 0)
(1.290012 -0.016308896 0)
(1.2957188 -0.014891431 0)
(1.3007436 -0.013646372 0)
(1.3051988 -0.012543211 0)
(1.3091728 -0.011557533 0)
(1.3127361 -0.010670221 0)
(1.3159451 -0.0098663838 0)
(1.3188459 -0.0091343723 0)
(1.3214765 -0.0084649916 0)
(1.3238688 -0.0078508888 0)
(1.3260498 -0.0072860847 0)
(1.3280427 -0.0067656209 0)
(1.3298674 -0.0062853016 0)
(1.3315412 -0.0058415094 0)
(1.3330791 -0.0054310764 0)
(1.3344943 -0.0050511935 0)
(1.3357985 -0.0046993465 0)
(1.3370019 -0.0043732696 0)
(1.3381138 -0.0040709102 0)
(1.339142 -0.0037904024 0)
(1.340094 -0.0035300455 0)
(1.340976 -0.0032882863 0)
(1.341794 -0.0030637041 0)
(1.3425532 -0.0028549981 0)
(1.3432582 -0.0026609756 0)
(1.3439133 -0.002480542 0)
(1.3445224 -0.002312692 0)
(1.345089 -0.0021565008 0)
(1.3456162 -0.0020111174 0)
(1.3461071 -0.0018757578 0)
(1.3465643 -0.0017496992 0)
(1.3469902 -0.0016322743 0)
(1.347387 -0.0015228667 0)
(1.3477569 -0.0014209063 0)
(1.3481018 -0.001325865 0)
(1.3484234 -0.001237253 0)
(1.3487232 -0.0011546153 0)
(1.349003 -0.0010775281 0)
(1.3492639 -0.0010055963 0)
(1.3495072 -0.00093845079 0)
(1.3497343 -0.00087574592 0)
(1.349946 -0.00081715809 0)
(1.3501435 -0.00076238357 0)
(1.3503276 -0.00071113781 0)
(1.3504992 -0.00066315381 0)
(1.3506591 -0.00061818189 0)
(1.350808 -0.00057598862 0)
(1.3509465 -0.00053635694 0)
(1.3510753 -0.00049908544 0)
(1.3511948 -0.00046398893 0)
(1.3513057 -0.00043089775 0)
(1.3514083 -0.0003996587 0)
(1.3515031 -0.00037013429 0)
(1.3515905 -0.00034220382 0)
(1.3516709 -0.00031576188 0)
(1.3517447 -0.00029071936 0)
(1.3518122 -0.0002670011 0)
(1.3518737 -0.00024454637 0)
(1.3519295 -0.00022330586 0)
(1.3519801 -0.00020324127 0)
(1.3520256 -0.00018432265 0)
(1.3520665 -0.00016652704 0)
(1.3521029 -0.00014983653 0)
(1.3521353 -0.00013423626 0)
(1.3521639 -0.00011971276 0)
(1.352189 -0.00010625202 0)
(1.352211 -9.3837083e-05 0)
(1.35223 -8.2447453e-05 0)
(1.3522464 -7.2055544e-05 0)
(1.3522605 -6.2629057e-05 0)
(1.3522725 -5.4126431e-05 0)
(1.3522827 -4.6504282e-05 0)
(1.3522913 -3.9709353e-05 0)
(1.3522984 -3.3695633e-05 0)
(1.3523044 -2.8401281e-05 0)
(1.3523093 -2.3790169e-05 0)
(1.3523133 -1.9783698e-05 0)
(1.3523165 -1.6372542e-05 0)
(1.3523191 -1.3428537e-05 0)
(1.3523211 -1.1014811e-05 0)
(1.3523228 -8.8754562e-06 0)
(1.3523239 -7.2770885e-06 0)
(1.3523251 -5.6506023e-06 0)
(1.3523256 -4.7780292e-06 0)
(1.3523267 -3.3427719e-06 0)
(1.0002467 -0.026719375 0)
(1.0283936 -0.06255548 0)
(1.0646999 -0.077616155 0)
(1.0979952 -0.080476474 0)
(1.1240764 -0.07805828 0)
(1.1435812 -0.07291683 0)
(1.1579044 -0.065986855 0)
(1.1678877 -0.0582047 0)
(1.1741544 -0.050495786 0)
(1.1774192 -0.043467201 0)
(1.1784517 -0.037361305 0)
(1.1779313 -0.032190658 0)
(1.1763807 -0.027868332 0)
(1.1741779 -0.024277406 0)
(1.1715897 -0.021298543 0)
(1.1688025 -0.018820817 0)
(1.1659442 -0.016747071 0)
(1.1630997 -0.01499629 0)
(1.1603237 -0.013503445 0)
(1.1576498 -0.012217608 0)
(1.155097 -0.011099375 0)
(1.1526749 -0.010118338 0)
(1.1503869 -0.0092509592 0)
(1.1482324 -0.008478898 0)
(1.1462083 -0.0077877229 0)
(1.1443101 -0.0071659417 0)
(1.1425324 -0.0066042735 0)
(1.1408692 -0.0060951143 0)
(1.1393144 -0.0056321466 0)
(1.1378619 -0.0052100566 0)
(1.1365056 -0.0048243274 0)
(1.1352396 -0.0044710841 0)
(1.1340583 -0.0041469784 0)
(1.1329564 -0.0038490979 0)
(1.1319285 -0.0035748958 0)
(1.13097 -0.0033221342 0)
(1.1300761 -0.0030888382 0)
(1.1292426 -0.0028732584 0)
(1.1284655 -0.0026738393 0)
(1.1277408 -0.0024891928 0)
(1.1270651 -0.0023180764 0)
(1.1264351 -0.0021593743 0)
(1.1258476 -0.0020120812 0)
(1.1252997 -0.001875289 0)
(1.1247888 -0.0017481751 0)
(1.1243122 -0.0016299921 0)
(1.1238678 -0.0015200597 0)
(1.1234533 -0.0014177566 0)
(1.1230666 -0.001322514 0)
(1.1227059 -0.0012338101 0)
(1.1223694 -0.001151164 0)
(1.1220555 -0.0010741321 0)
(1.1217626 -0.0010023034 0)
(1.1214894 -0.0009352964 0)
(1.1212344 -0.00087275581 0)
(1.1209966 -0.00081435013 0)
(1.1207747 -0.00075976999 0)
(1.1205678 -0.00070872566 0)
(1.1203748 -0.00066094679 0)
(1.1201947 -0.00061618013 0)
(1.1200269 -0.00057419012 0)
(1.1198705 -0.00053475694 0)
(1.1197248 -0.00049767767 0)
(1.1195891 -0.00046276465 0)
(1.1194628 -0.000429847 0)
(1.1193453 -0.00039876914 0)
(1.1192362 -0.00036939287 0)
(1.119135 -0.00034159522 0)
(1.1190412 -0.00031527105 0)
(1.1189544 -0.00029032933 0)
(1.1188742 -0.0002666964 0)
(1.1188003 -0.00024431036 0)
(1.1187323 -0.00022312447 0)
(1.11867 -0.00020310021 0)
(1.1186129 -0.00018421053 0)
(1.118561 -0.0001664331 0)
(1.1185137 -0.00014975251 0)
(1.1184709 -0.00013415512 0)
(1.1184323 -0.00011962941 0)
(1.1183976 -0.00010616279 0)
(1.1183666 -9.3740228e-05 0)
(1.118339 -8.2342027e-05 0)
(1.1183146 -7.1942953e-05 0)
(1.118293 -6.250976e-05 0)
(1.1182741 -5.4003886e-05 0)
(1.1182576 -4.6378059e-05 0)
(1.1182434 -3.9584058e-05 0)
(1.1182311 -3.3566856e-05 0)
(1.1182207 -2.8277517e-05 0)
(1.1182118 -2.3658641e-05 0)
(1.1182042 -1.9667879e-05 0)
(1.1181979 -1.6238701e-05 0)
(1.1181926 -1.3340882e-05 0)
(1.1181882 -1.0877105e-05 0)
(1.1181845 -8.8554008e-06 0)
(1.1181815 -7.1055198e-06 0)
(1.1181791 -5.7643678e-06 0)
(1.118177 -4.4711188e-06 0)
(1.1181757 -3.7257598e-06 0)
(1.118174 -2.6221233e-06 0)
(1.0019381 -0.052732953 0)
(1.0365395 -0.10225274 0)
(1.0602516 -0.11315449 0)
(1.0635369 -0.1090466 0)
(1.0522935 -0.099516705 0)
(1.0346516 -0.087114674 0)
(1.0147897 -0.073373125 0)
(0.99415463 -0.059906706 0)
(0.97358849 -0.047880415 0)
(0.95388174 -0.037787615 0)
(0.93564763 -0.029665822 0)
(0.91918058 -0.02332968 0)
(0.90451503 -0.018503101 0)
(0.89154102 -0.014887717 0)
(0.88008798 -0.012203273 0)
(0.86996961 -0.010210174 0)
(0.86100573 -0.0087174156 0)
(0.85303279 -0.0075805268 0)
(0.84590822 -0.0066945208 0)
(0.83951094 -0.0059853881 0)
(0.8337398 -0.0054021107 0)
(0.82851094 -0.0049100407 0)
(0.823755 -0.0044858247 0)
(0.81941449 -0.0041137173 0)
(0.81544149 -0.0037830009 0)
(0.81179573 -0.003486233 0)
(0.80844305 -0.0032180843 0)
(0.80535423 -0.0029745894 0)
(0.802504 -0.002752673 0)
(0.79987035 -0.0025498572 0)
(0.79743392 -0.0023640811 0)
(0.79517763 -0.0021935895 0)
(0.79308626 -0.0020368628 0)
(0.79114619 -0.0018925707 0)
(0.78934521 -0.001759541 0)
(0.78767227 -0.0016367354 0)
(0.78611741 -0.0015232321 0)
(0.78467157 -0.0014182099 0)
(0.78332649 -0.0013209362 0)
(0.78207465 -0.0012307554 0)
(0.78090917 -0.0011470796 0)
(0.77982374 -0.0010693801 0)
(0.77881257 -0.00099718028 0)
(0.77787033 -0.0009300493 0)
(0.77699213 -0.00086759659 0)
(0.77617345 -0.00080946722 0)
(0.7754101 -0.00075533759 0)
(0.77469823 -0.00070491185 0)
(0.77403427 -0.00065791869 0)
(0.77341493 -0.00061410834 0)
(0.77283714 -0.00057325022 0)
(0.77229807 -0.00053513065 0)
(0.77179509 -0.00049955094 0)
(0.77132579 -0.00046632606 0)
(0.7708879 -0.00043528296 0)
(0.77047935 -0.00040626009 0)
(0.77009821 -0.00037910585 0)
(0.76974269 -0.00035367879 0)
(0.76941115 -0.00032984617 0)
(0.76910207 -0.00030748448 0)
(0.76881405 -0.00028647824 0)
(0.76854579 -0.00026672068 0)
(0.7682961 -0.00024811283 0)
(0.76806389 -0.0002305643 0)
(0.76784815 -0.00021399255 0)
(0.76764797 -0.000198324 0)
(0.76746246 -0.00018349308 0)
(0.76729085 -0.00016944357 0)
(0.76713239 -0.00015612684 0)
(0.7669864 -0.00014350346 0)
(0.7668522 -0.00013154051 0)
(0.76672918 -0.00012021307 0)
(0.76661674 -0.00010950088 0)
(0.76651429 -9.9389594e-05 0)
(0.76642128 -8.9867733e-05 0)
(0.76633716 -8.0927224e-05 0)
(0.76626136 -7.256147e-05 0)
(0.76619337 -6.4764701e-05 0)
(0.76613264 -5.7531214e-05 0)
(0.76607865 -5.0853546e-05 0)
(0.7660309 -4.4722273e-05 0)
(0.76598886 -3.9124128e-05 0)
(0.76595206 -3.4042e-05 0)
(0.76592003 -2.9454462e-05 0)
(0.76589231 -2.5336625e-05 0)
(0.76586847 -2.1660757e-05 0)
(0.76584809 -1.8399433e-05 0)
(0.76583079 -1.5523835e-05 0)
(0.76581619 -1.3009947e-05 0)
(0.76580394 -1.0829398e-05 0)
(0.76579371 -8.9612126e-06 0)
(0.76578522 -7.3712452e-06 0)
(0.76577821 -6.0386022e-06 0)
(0.76577246 -4.9162384e-06 0)
(0.76576777 -3.9920315e-06 0)
(0.76576399 -3.2039731e-06 0)
(0.76576099 -2.5779129e-06 0)
(0.76575852 -2.0154487e-06 0)
(0.76575684 -1.6488864e-06 0)
(0.76575476 -1.1992033e-06 0)
(0.92074242 -0.03382768 0)
(0.8635379 -0.056684191 0)
(0.78799127 -0.052753994 0)
(0.69766161 -0.041237061 0)
(0.61471542 -0.03020314 0)
(0.54875554 -0.020988077 0)
(0.49827309 -0.013660659 0)
(0.45949312 -0.0082997552 0)
(0.42978722 -0.0047358838 0)
(0.4072852 -0.0025321837 0)
(0.39034402 -0.0012497962 0)
(0.37751559 -0.00056180307 0)
(0.36764107 -0.00024261445 0)
(0.35985945 -0.00013663744 0)
(0.35355677 -0.00013976141 0)
(0.34830594 -0.0001876107 0)
(0.34381544 -0.00024453012 0)
(0.33988918 -0.00029351257 0)
(0.33639623 -0.00032844044 0)
(0.33324896 -0.00034888326 0)
(0.33038779 -0.00035693645 0)
(0.32777097 -0.00035546587 0)
(0.32536798 -0.00034724023 0)
(0.32315538 -0.00033457855 0)
(0.3211143 -0.00031926785 0)
(0.31922887 -0.00030260461 0)
(0.31748536 -0.00028548252 0)
(0.31587162 -0.00026848753 0)
(0.31437678 -0.00025198282 0)
(0.31299102 -0.00023617754 0)
(0.31170546 -0.00022117822 0)
(0.31051204 -0.00020702584 0)
(0.30940346 -0.00019372088 0)
(0.30837306 -0.00018124028 0)
(0.3074148 -0.00016954816 0)
(0.3065232 -0.00015860258 0)
(0.30569321 -0.00014835964 0)
(0.30492028 -0.00013877572 0)
(0.30420021 -0.0001298088 0)
(0.30352916 -0.00012141899 0)
(0.30290362 -0.00011356882 0)
(0.30232034 -0.00010622321 0)
(0.30177635 -9.9349435e-05 0)
(0.30126889 -9.2917083e-05 0)
(0.30079544 -8.6897755e-05 0)
(0.30035363 -8.1265093e-05 0)
(0.29994131 -7.5994473e-05 0)
(0.29955645 -7.1062908e-05 0)
(0.29919719 -6.6448886e-05 0)
(0.2988618 -6.2132121e-05 0)
(0.29854867 -5.8093559e-05 0)
(0.2982563 -5.4315092e-05 0)
(0.29798332 -5.0779604e-05 0)
(0.29772842 -4.7470919e-05 0)
(0.29749043 -4.4373613e-05 0)
(0.29726824 -4.1473334e-05 0)
(0.29706081 -3.8756245e-05 0)
(0.29686721 -3.6209721e-05 0)
(0.29668654 -3.382143e-05 0)
(0.296518 -3.1580217e-05 0)
(0.29636083 -2.9475042e-05 0)
(0.29621435 -2.7495957e-05 0)
(0.29607792 -2.5633033e-05 0)
(0.29595095 -2.387739e-05 0)
(0.29583291 -2.2220167e-05 0)
(0.2957233 -2.0653807e-05 0)
(0.29562166 -1.9170768e-05 0)
(0.29552757 -1.7765161e-05 0)
(0.29544064 -1.6430968e-05 0)
(0.2953605 -1.5164211e-05 0)
(0.29528679 -1.3960478e-05 0)
(0.29521919 -1.2817488e-05 0)
(0.29515738 -1.1732216e-05 0)
(0.29510104 -1.0703619e-05 0)
(0.29504987 -9.7299264e-06 0)
(0.29500357 -8.8109058e-06 0)
(0.29496185 -7.9459655e-06 0)
(0.29492441 -7.135279e-06 0)
(0.29489096 -6.3789706e-06 0)
(0.29486123 -5.6769439e-06 0)
(0.29483492 -5.0288885e-06 0)
(0.29481176 -4.4335963e-06 0)
(0.29479149 -3.8892301e-06 0)
(0.29477384 -3.3932882e-06 0)
(0.29475858 -2.9427864e-06 0)
(0.29474546 -2.5349317e-06 0)
(0.29473426 -2.1676651e-06 0)
(0.29472476 -1.8393059e-06 0)
(0.29471675 -1.5499445e-06 0)
(0.29471002 -1.2978479e-06 0)
(0.29470441 -1.0833333e-06 0)
(0.29469974 -9.0141374e-07 0)
(0.29469588 -7.5070892e-07 0)
(0.29469272 -6.2191944e-07 0)
(0.29469013 -5.1477035e-07 0)
(0.29468805 -4.1957651e-07 0)
(0.29468639 -3.4043425e-07 0)
(0.29468506 -2.7385469e-07 0)
(0.29468406 -2.0927818e-07 0)
(0.29468297 -1.8984142e-07 0)
)
;

boundaryField
{
    top
    {
        type            fixedValue;
        value           uniform (0 0 0);
    }
    bottom
    {
        type            fixedValue;
        value           uniform (0 0 0);
    }
    inlet
    {
        type            fixedValue;
        value           uniform (1 0 0);
    }
    outlet
    {
        type            zeroGradient;
    }
    front
    {
        type            empty;
    }
    back
    {
        type            empty;
    }
}


// ************************************************************************* //
