/*--------------------------------*- C++ -*----------------------------------*\
  =========                 |
  \\      /  F ield         | OpenFOAM: The Open Source CFD Toolbox
   \\    /   O peration     | Website:  https://openfoam.org
    \\  /    A nd           | Version:  13
     \\/     M anipulation  |
\*---------------------------------------------------------------------------*/
FoamFile
{
    format      ascii;
    class       volScalarField;
    location    "14";
    object      p;
}
// * * * * * * * * * * * * * * * * * * * * * * * * * * * * * * * * * * * * * //

dimensions      [0 2 -2 0 0 0 0];

internalField   nonuniform List<scalar> 
1000
(
1.6803193
1.560321
1.4644464
1.4005788
1.3519821
1.3093854
1.2715545
1.2388439
1.2107358
1.1861473
1.1640603
1.1437129
1.1245748
1.1062892
1.0886247
1.0714367
1.054637
1.038172
1.022008
1.006122
0.99049637
0.97511625
0.95996783
0.94503787
0.93031346
0.91578209
0.90143164
0.88725051
0.8732277
0.8593528
0.84561605
0.83200829
0.81852099
0.80514618
0.79187643
0.77870483
0.76562493
0.75263071
0.73971659
0.72687732
0.71410803
0.70140417
0.68876147
0.67617598
0.66364397
0.65116198
0.63872675
0.62633526
0.61398466
0.60167231
0.58939571
0.57715255
0.56494065
0.55275799
0.54060266
0.52847287
0.51636697
0.50428341
0.49222072
0.48017756
0.46815264
0.45614479
0.44415287
0.43217586
0.42021277
0.40826269
0.39632476
0.38439821
0.37248228
0.3605763
0.3486796
0.33679157
0.32491166
0.31303931
0.30117402
0.28931534
0.27746283
0.2656161
0.25377476
0.24193847
0.23010691
0.21827974
0.20645669
0.19463747
0.18282183
0.17100953
0.15920035
0.14739411
0.1355906
0.12378965
0.11199108
0.10019475
0.088400527
0.076608262
0.064817801
0.053029003
0.041241807
0.029456018
0.017671896
0.0058888572
1.5585791
1.5038362
1.442676
1.3908469
1.3478247
1.3095279
1.2745259
1.2430397
1.2151078
1.1902084
1.167609
1.1466815
1.1269783
1.1081945
1.0901206
1.0726118
1.0555683
1.0389209
1.0226213
1.0066342
0.99093233
0.97549371
0.96029941
0.94533257
0.93057779
0.91602083
0.90164841
0.88744814
0.87340844
0.85951851
0.84576828
0.83214838
0.8186501
0.80526531
0.79198649
0.77880661
0.76571915
0.75271801
0.73979752
0.72695241
0.71417774
0.70146893
0.68882166
0.67623195
0.66369604
0.65121043
0.63877186
0.62637726
0.61402379
0.60170876
0.58942968
0.57718422
0.56497018
0.55278552
0.54062833
0.52849682
0.51638931
0.50430424
0.49224016
0.4801957
0.46816958
0.45616059
0.44416763
0.43218963
0.42022562
0.40827468
0.39633596
0.38440866
0.37249204
0.36058541
0.34868811
0.33679953
0.32491909
0.31304624
0.3011805
0.28932138
0.27746847
0.26562136
0.25377968
0.24194307
0.2301112
0.21828376
0.20646044
0.19464097
0.1828251
0.17101258
0.1592032
0.14739676
0.13559308
0.12379197
0.11199324
0.10019678
0.088402425
0.076610047
0.064819468
0.053030516
0.0412432
0.029457197
0.017672959
0.0058894463
1.4970637
1.470707
1.4325514
1.3918511
1.353309
1.3173114
1.2834948
1.2520437
1.2232434
1.1970455
1.1731022
1.1509794
1.1302906
1.1107303
1.0920642
1.0741143
1.0567473
1.0398644
1.0233927
1.0072786
0.99148144
0.9759695
0.96071732
0.94570357
0.93090982
0.91631979
0.90191882
0.88769358
0.87363183
0.85972229
0.84595454
0.83231892
0.8188065
0.80540897
0.79211862
0.7789283
0.76583135
0.75282158
0.73989323
0.72704093
0.7142597
0.70154486
0.68889207
0.67629728
0.66375669
0.65126677
0.63882422
0.62642594
0.61406907
0.6017509
0.58946891
0.57722075
0.56500421
0.55281723
0.54065787
0.52852435
0.51641497
0.50432816
0.49226247
0.48021651
0.468189
0.45617872
0.44418454
0.43220541
0.42024034
0.4082884
0.39634876
0.38442061
0.3725032
0.36059584
0.34869786
0.33680863
0.32492758
0.31305417
0.30118788
0.28932827
0.2774749
0.26562737
0.2537853
0.24194833
0.23011612
0.21828835
0.20646473
0.19464497
0.18282883
0.17101606
0.15920643
0.14739978
0.1355959
0.12379462
0.11199573
0.10019912
0.088404608
0.076612095
0.064821338
0.053032236
0.041244746
0.029458673
0.017674141
0.0058904128
1.4680477
1.4522019
1.4255489
1.3921888
1.3569489
1.3224387
1.2894499
1.2582744
1.2291835
1.2023138
1.1775652
1.1546679
1.1333007
1.1131697
1.094035
1.0757087
1.058045
1.0409311
1.0242805
1.0080271
0.99212063
0.97652189
0.9611998
0.94612887
0.93128763
0.91665757
0.90222241
0.88796763
0.87388011
0.85994792
0.84616013
0.83250669
0.81897835
0.80556653
0.79226333
0.7790614
0.76595395
0.75293464
0.73999761
0.72713741
0.71434894
0.7016275
0.68896865
0.67636829
0.66382259
0.65132796
0.63888105
0.62647877
0.61411819
0.60179659
0.58951144
0.57726034
0.56504108
0.55285156
0.54068985
0.52855414
0.51644273
0.50435405
0.49228661
0.48023903
0.46821001
0.45619832
0.44420283
0.43222246
0.42025623
0.40830322
0.39636259
0.38443353
0.37251528
0.36060712
0.3487084
0.33681847
0.32493675
0.31306271
0.30119585
0.28933571
0.27748185
0.26563387
0.25379138
0.24195402
0.23012143
0.21829331
0.20646935
0.19464928
0.18283284
0.17101981
0.15920994
0.14740304
0.13559892
0.12379747
0.11199844
0.10020171
0.088406993
0.076614264
0.064823249
0.053034091
0.041246438
0.029460474
0.017675563
0.0058919841
1.4555001
1.443258
1.4211847
1.3913809
1.3580178
1.3243872
1.2919307
1.2610705
1.2320218
1.2049593
1.1799014
1.1566743
1.1350002
1.114597
1.0952271
1.0767029
1.0588769
1.0416322
1.024877
1.00854
0.99256611
0.97691251
0.96154524
0.9464366
0.93156347
0.91690608
0.90244723
0.88817171
0.87406588
0.86011743
0.84631511
0.83264865
0.81910857
0.80568617
0.79237339
0.77916276
0.7660474
0.75302089
0.74007729
0.72721108
0.71441712
0.70169064
0.68902717
0.67642256
0.66387295
0.65137471
0.63892448
0.62651912
0.61415571
0.60183149
0.58954391
0.57729057
0.56506922
0.55287776
0.54071425
0.52857687
0.51646391
0.5043738
0.49230503
0.48025622
0.46822604
0.45621327
0.44421675
0.43223544
0.42026833
0.40831451
0.39637314
0.38444338
0.37252449
0.36061573
0.34871643
0.33682595
0.32494372
0.3130692
0.30120191
0.28934137
0.27748715
0.26563883
0.25379602
0.24195835
0.23012547
0.21829708
0.20647286
0.19465255
0.18283589
0.17102267
0.15921261
0.14740553
0.13560122
0.12379964
0.11200054
0.10020374
0.088408787
0.076615832
0.064824629
0.053035526
0.04124779
0.029461949
0.017676764
0.0058933935
1.4555001
1.443258
1.4211848
1.3913809
1.3580178
1.3243872
1.2919307
1.2610705
1.2320218
1.2049593
1.1799014
1.1566743
1.1350002
1.114597
1.0952271
1.076703
1.0588769
1.0416322
1.024877
1.00854
0.9925661
0.97691251
0.96154524
0.9464366
0.93156347
0.91690608
0.90244723
0.88817171
0.87406588
0.86011743
0.84631511
0.83264865
0.81910858
0.80568618
0.79237339
0.77916277
0.7660474
0.75302088
0.74007728
0.72721108
0.71441712
0.70169064
0.68902717
0.67642256
0.66387294
0.6513747
0.63892447
0.62651912
0.61415571
0.6018315
0.58954392
0.57729057
0.56506921
0.55287775
0.54071424
0.52857686
0.51646391
0.50437381
0.49230505
0.48025623
0.46822605
0.45621326
0.44421674
0.43223542
0.42026831
0.40831451
0.39637315
0.38444341
0.37252451
0.36061574
0.34871642
0.33682593
0.32494369
0.31306918
0.3012019
0.28934137
0.27748717
0.26563886
0.25379604
0.24195836
0.23012547
0.21829707
0.20647284
0.19465253
0.18283588
0.17102267
0.15921261
0.14740553
0.13560122
0.12379967
0.1120006
0.10020376
0.088408735
0.076615739
0.064824573
0.053035549
0.041247857
0.029462003
0.017676772
0.0058933829
1.4680477
1.4522019
1.4255489
1.3921888
1.3569489
1.3224387
1.2894499
1.2582744
1.2291835
1.2023138
1.1775652
1.1546679
1.1333007
1.1131697
1.094035
1.0757087
1.058045
1.0409311
1.0242805
1.0080271
0.99212063
0.97652189
0.9611998
0.94612887
0.93128764
0.91665758
0.90222241
0.88796763
0.8738801
0.85994791
0.84616012
0.83250669
0.81897835
0.80556654
0.79226334
0.77906141
0.76595394
0.75293463
0.73999761
0.7271374
0.71434895
0.7016275
0.68896866
0.67636829
0.66382258
0.65132795
0.63888105
0.62647877
0.6141182
0.60179661
0.58951145
0.57726034
0.56504107
0.55285154
0.54068983
0.52855413
0.51644274
0.50435407
0.49228665
0.48023907
0.46821003
0.45619831
0.44420279
0.43222241
0.4202562
0.40830322
0.39636262
0.38443357
0.37251532
0.36060715
0.34870839
0.33681843
0.3249367
0.31306266
0.30119583
0.28933572
0.27748188
0.26563391
0.25379142
0.24195404
0.23012143
0.21829329
0.20646931
0.19464924
0.18283282
0.1710198
0.15920993
0.14740304
0.13559895
0.12379756
0.11199855
0.10020174
0.08840687
0.076614074
0.064823151
0.053034146
0.041246568
0.029460567
0.017675577
0.0058919662
1.4970637
1.470707
1.4325514
1.3918511
1.353309
1.3173114
1.2834948
1.2520437
1.2232434
1.1970455
1.1731022
1.1509794
1.1302906
1.1107303
1.0920642
1.0741143
1.0567473
1.0398644
1.0233927
1.0072786
0.99148143
0.97596949
0.96071732
0.94570357
0.93090983
0.9163198
0.90191882
0.88769358
0.87363182
0.85972228
0.84595453
0.83231892
0.8188065
0.80540897
0.79211863
0.7789283
0.76583135
0.75282158
0.73989322
0.72704093
0.7142597
0.70154486
0.68889207
0.67629727
0.66375668
0.65126676
0.63882421
0.62642595
0.61406908
0.60175091
0.58946892
0.57722075
0.5650042
0.5528172
0.54065785
0.52852433
0.51641497
0.50432819
0.4922625
0.48021654
0.46818901
0.45617871
0.44418451
0.43220537
0.4202403
0.4082884
0.39634878
0.38442065
0.37250325
0.36059587
0.34869786
0.3368086
0.32492754
0.31305412
0.30118786
0.28932827
0.27747493
0.26562741
0.25378534
0.24194836
0.23011612
0.21828833
0.20646469
0.19464493
0.18282879
0.17101604
0.15920642
0.14739979
0.13559595
0.12379471
0.11199581
0.10019912
0.088404506
0.076611959
0.064821267
0.053032262
0.041244821
0.029458732
0.017674156
0.005890409
1.5585792
1.5038362
1.442676
1.3908469
1.3478247
1.3095279
1.2745259
1.2430397
1.2151078
1.1902084
1.167609
1.1466815
1.1269783
1.1081945
1.0901206
1.0726118
1.0555683
1.0389209
1.0226213
1.0066342
0.99093232
0.97549371
0.96029941
0.94533257
0.93057779
0.91602083
0.90164842
0.88744815
0.87340844
0.85951851
0.84576828
0.83214838
0.8186501
0.80526532
0.7919865
0.77880662
0.76571915
0.75271801
0.73979752
0.72695241
0.71417774
0.70146893
0.68882166
0.67623195
0.66369604
0.65121043
0.63877186
0.62637727
0.61402379
0.60170877
0.58942969
0.57718422
0.56497017
0.55278551
0.54062832
0.52849681
0.51638931
0.50430426
0.49224018
0.48019572
0.46816958
0.45616059
0.44416761
0.43218961
0.4202256
0.40827467
0.39633597
0.38440868
0.37249207
0.36058543
0.34868812
0.33679952
0.32491906
0.31304621
0.30118047
0.28932137
0.27746848
0.26562139
0.25377971
0.2419431
0.23011122
0.21828375
0.20646042
0.19464094
0.18282506
0.17101255
0.15920319
0.14739678
0.13559313
0.12379203
0.11199328
0.10019677
0.088402383
0.076609995
0.064819427
0.053030494
0.041243197
0.029457208
0.017672974
0.0058894564
1.6803193
1.560321
1.4644465
1.4005788
1.3519821
1.3093854
1.2715545
1.2388439
1.2107358
1.1861473
1.1640603
1.1437129
1.1245748
1.1062892
1.0886247
1.0714367
1.054637
1.038172
1.022008
1.006122
0.99049637
0.97511625
0.95996783
0.94503787
0.93031347
0.91578209
0.90143164
0.88725051
0.8732277
0.8593528
0.84561604
0.83200829
0.81852099
0.80514618
0.79187643
0.77870483
0.76562493
0.75263071
0.73971659
0.72687732
0.71410803
0.70140416
0.68876147
0.67617598
0.66364397
0.65116198
0.63872675
0.62633526
0.61398467
0.60167231
0.58939571
0.57715255
0.56494065
0.55275798
0.54060265
0.52847287
0.51636697
0.50428342
0.49222073
0.48017757
0.46815265
0.45614479
0.44415286
0.43217584
0.42021275
0.40826268
0.39632476
0.38439822
0.3724823
0.36057632
0.34867961
0.33679157
0.32491164
0.31303928
0.301174
0.28931533
0.27746284
0.26561612
0.25377479
0.2419385
0.23010692
0.21827974
0.20645667
0.19463744
0.1828218
0.1710095
0.15920035
0.14739413
0.13559063
0.12378968
0.1119911
0.10019476
0.088400523
0.076608244
0.064817764
0.053028956
0.041241773
0.02945601
0.017671908
0.0058888688
)
;

boundaryField
{
    top
    {
        type            zeroGradient;
    }
    bottom
    {
        type            zeroGradient;
    }
    inlet
    {
        type            zeroGradient;
    }
    outlet
    {
        type            fixedValue;
        value           uniform 0;
    }
    front
    {
        type            empty;
    }
    back
    {
        type            empty;
    }
}


// ************************************************************************* //
