/*--------------------------------*- C++ -*----------------------------------*\
  =========                 |
  \\      /  F ield         | OpenFOAM: The Open Source CFD Toolbox
   \\    /   O peration     | Website:  https://openfoam.org
    \\  /    A nd           | Version:  13
     \\/     M anipulation  |
\*---------------------------------------------------------------------------*/
FoamFile
{
    format      ascii;
    class       surfaceScalarField;
    location    "14";
    object      phi;
}
// * * * * * * * * * * * * * * * * * * * * * * * * * * * * * * * * * * * * * //

dimensions      [0 3 -1 0 0 0 0];

internalField   nonuniform List<scalar> 
1890
(
0.0093140727
0.00068592734
0.0082963401
0.0010177326
0.0073480838
0.00094825625
0.0065167791
0.00083130473
0.0058112103
0.00070556886
0.0052369127
0.00057429754
0.0047862484
0.00045066426
0.004441012
0.00034523641
0.0041802971
0.0002607149
0.0039843511
0.00019594607
0.0038366531
0.00014769799
0.003724003
0.00011265009
0.0036363473
8.7655673e-05
0.0035663586
6.9988766e-05
0.0035088729
5.748561e-05
0.0034603388
4.8534122e-05
0.0034183544
4.1984434e-05
0.0033813121
3.7042263e-05
0.0033481383
3.3173823e-05
0.003318109
3.0029289e-05
0.0032907248
2.7384166e-05
0.0032656285
2.5096347e-05
0.0032425523
2.3076191e-05
0.0032212857
2.1266631e-05
0.0032016553
1.9630407e-05
0.0031835132
1.8142101e-05
0.0031667299
1.6783307e-05
0.0031511901
1.5539787e-05
0.0031367902
1.4399854e-05
0.0031234367
1.3353495e-05
0.0031110448
1.239189e-05
0.0030995377
1.1507165e-05
0.0030888454
1.0692242e-05
0.0030789047
9.9407562e-06
0.0030696577
9.2469806e-06
0.0030610519
8.6057751e-06
0.0030530394
8.0125292e-06
0.0030455763
7.4631097e-06
0.0030386225
6.9538079e-06
0.0030321412
6.481292e-06
0.0030260986
6.0425626e-06
0.0030204637
5.6349142e-06
0.0030152078
5.2559021e-06
0.0030103045
4.9033136e-06
0.0030057293
4.5751414e-06
0.0030014598
4.2695608e-06
0.0029974749
3.984907e-06
0.0029937552
3.7196563e-06
0.0029902828
3.4724095e-06
0.0029870409
3.2418788e-06
0.0029840141
3.0268789e-06
0.0029811877
2.8263187e-06
0.0029785485
2.6391946e-06
0.0029760839
2.4645827e-06
0.0029737823
2.3016298e-06
0.0029716328
2.149543e-06
0.0029696252
2.0075834e-06
0.0029677502
1.8750586e-06
0.0029659989
1.7513232e-06
0.0029643631
1.6357774e-06
0.0029628352
1.527868e-06
0.0029614081
1.4270879e-06
0.0029600751
1.3329703e-06
0.00295883
1.245083e-06
0.002957667
1.1630199e-06
0.0029565806
1.0863939e-06
0.0029555658
1.0148368e-06
0.0029546179
9.4799688e-07
0.0029537323
8.8554903e-07
0.0029529051
8.2719408e-07
0.0029521324
7.7266688e-07
0.0029514106
7.2172443e-07
0.0029507364
6.7415212e-07
0.0029501067
6.2973283e-07
0.0029495185
5.8827267e-07
0.002948969
5.4955386e-07
0.0029484556
5.1339954e-07
0.002947976
4.795983e-07
0.002947528
4.4801909e-07
0.0029471095
4.1847112e-07
0.0029467186
3.9089013e-07
0.0029463534
3.6508211e-07
0.0029460124
3.4104466e-07
0.0029456938
3.185256e-07
0.0029453963
2.976112e-07
0.0029451183
2.7795975e-07
0.0029448586
2.5979349e-07
0.002944616
2.4258318e-07
0.0029443893
2.2676717e-07
0.0029441777
2.1159473e-07
0.0029439798
1.9791109e-07
0.0029437951
1.8456044e-07
0.0029436223
1.7275655e-07
0.0029434613
1.6086965e-07
0.0029433106
1.5072099e-07
0.0029431701
1.4060006e-07
0.0029430382
1.3207128e-07
0.0029429135
1.2483947e-07
0.0029427969
1.1662194e-07
1.1723339e-07
0.010341662
0.00034426525
0.010578184
0.00078121018
0.010615671
0.00091076959
0.010553945
0.0008930309
0.010425822
0.00083369229
0.010248587
0.00075153209
0.010044962
0.0006542893
0.0098354604
0.00055473799
0.0096327827
0.00046339255
0.0094437308
0.000384998
0.0092713466
0.00032008221
0.009116574
0.00026742267
0.0089789731
0.0002252566
0.0088572402
0.0001917216
0.0087496634
0.00016506247
0.0086544455
0.00014375196
0.00856989
0.00012654001
0.0084944844
0.00011244777
0.0084269262
0.00010073204
0.0083661156
9.0839869e-05
0.0083111354
8.2364452e-05
0.0082612243
7.5007435e-05
0.0082157512
6.8549277e-05
0.0081741908
6.2827032e-05
0.0081361031
5.7718137e-05
0.0081011164
5.3128771e-05
0.0080689141
4.8985623e-05
0.0080392237
4.5230161e-05
0.0080118089
4.181467e-05
0.0079864628
3.8699541e-05
0.0079630033
3.5851386e-05
0.0079412688
3.3241711e-05
0.0079211151
3.0845958e-05
0.0079024131
2.8642796e-05
0.0078850465
2.6613585e-05
0.0078689103
2.4741955e-05
0.0078539093
2.3013464e-05
0.0078399571
2.1415324e-05
0.0078269747
1.9936159e-05
0.0078148902
1.8565819e-05
0.0078036376
1.729521e-05
0.0077931563
1.6116164e-05
0.0077833909
1.5021321e-05
0.0077742902
1.4004036e-05
0.007765807
1.3058293e-05
0.007757898
1.2178632e-05
0.0077505228
1.1360078e-05
0.0077436444
1.0598085e-05
0.0077372283
9.8884886e-06
0.0077312427
9.2274682e-06
0.0077256581
8.6115151e-06
0.007720447
8.0374077e-06
0.0077155839
7.502187e-06
0.0077110454
7.0031306e-06
0.0077068093
6.5377231e-06
0.0077028553
6.1036334e-06
0.0076991642
5.6986917e-06
0.0076957184
5.3208762e-06
0.0076925014
4.9683103e-06
0.0076894979
4.6392552e-06
0.0076866936
4.3321122e-06
0.0076840752
4.0454095e-06
0.0076816304
3.7777916e-06
0.0076793475
3.5279939e-06
0.0076772157
3.2948323e-06
0.007675225
3.0771804e-06
0.0076733659
2.8739772e-06
0.0076716297
2.6842182e-06
0.0076700083
2.5069869e-06
0.007668494
2.3414342e-06
0.0076670797
2.1868087e-06
0.007665759
2.0424058e-06
0.0076645255
1.9075939e-06
0.0076633736
1.7817371e-06
0.0076622977
1.6642627e-06
0.0076612928
1.5545553e-06
0.0076603541
1.4521096e-06
0.0076594774
1.3563551e-06
0.0076586584
1.2669179e-06
0.0076578935
1.1832798e-06
0.0076571791
1.1052268e-06
0.0076565119
1.0322265e-06
0.0076558887
9.6422771e-07
0.0076553067
9.005531e-07
0.007654763
8.4136424e-07
0.0076542553
7.8574275e-07
0.0076537809
7.3429012e-07
0.0076533378
6.8561947e-07
0.0076529237
6.4094955e-07
0.0076525374
5.9801612e-07
0.0076521759
5.5935417e-07
0.0076518389
5.2128899e-07
0.0076515229
4.8835515e-07
0.0076512296
4.5409894e-07
0.0076509539
4.2685164e-07
0.0076506994
3.9547573e-07
0.0076504569
3.7471288e-07
0.0076502372
3.4434315e-07
0.0076500218
3.319469e-07
3.0218483e-07
0.010181464
0.00016280099
0.010521798
0.00044087647
0.010842482
0.00059008571
0.011112769
0.00062274377
0.01133602
0.00061044158
0.011508579
0.00057897245
0.011630744
0.0005321246
0.011709907
0.00047557512
0.011755697
0.00041760214
0.011776644
0.00036405134
0.011779503
0.00031722361
0.011769652
0.0002772735
0.01175133
0.00024357852
0.011727726
0.00021532526
0.011701127
0.00019166163
0.011673116
0.00017176285
0.011644765
0.00015489117
0.011616781
0.00014043211
0.011589614
0.00012789904
0.011563536
0.00011691717
0.0115387
0.00010720077
0.011515175
9.8531963e-05
0.011492981
9.0743689e-05
0.011472102
8.3706571e-05
0.011452501
7.7319046e-05
0.011434129
7.1499989e-05
0.011416932
6.6183314e-05
0.011400848
6.1314112e-05
0.011385816
5.6845939e-05
0.011371777
5.2738912e-05
0.01135867
4.8958363e-05
0.011346438
4.547387e-05
0.011335025
4.2258544e-05
0.01132438
3.9288489e-05
0.011314451
3.6542374e-05
0.011305192
3.4001096e-05
0.011296558
3.1647493e-05
0.011288507
2.9466101e-05
0.011281
2.7442954e-05
0.011274001
2.5565401e-05
0.011267474
2.3821965e-05
0.011261388
2.2202212e-05
0.011255712
2.0696645e-05
0.01125042
1.9296608e-05
0.011245484
1.7994195e-05
0.01124088
1.6782171e-05
0.011236587
1.5653898e-05
0.011232581
1.460327e-05
0.011228845
1.362467e-05
0.01122536
1.271292e-05
0.011222108
1.1863256e-05
0.011219074
1.1071291e-05
0.011216243
1.0332982e-05
0.011213602
9.6445953e-06
0.011211137
9.0026708e-06
0.011208837
8.4039892e-06
0.01120669
7.8455516e-06
0.011204686
7.3245687e-06
0.011202816
6.8384521e-06
0.01120107
6.3848141e-06
0.011199441
5.9614547e-06
0.01119792
5.5663481e-06
0.0111965
5.1976151e-06
0.011195175
4.8534972e-06
0.011193937
4.5323355e-06
0.011192782
4.23256e-06
0.011191703
3.952694e-06
0.011190696
3.6913613e-06
0.011189756
3.4473076e-06
0.011188878
3.2193842e-06
0.011188058
3.0065621e-06
0.011187292
2.807865e-06
0.011186578
2.6224048e-06
0.01118591
2.4492766e-06
0.011185287
2.2876714e-06
0.011184705
2.1367312e-06
0.011184161
1.9957718e-06
0.011183653
1.8640197e-06
0.011183179
1.7409908e-06
0.011182736
1.6259702e-06
0.011182323
1.518677e-06
0.011181937
1.4183295e-06
0.011181576
1.3248905e-06
0.011181239
1.2373623e-06
0.011180925
1.1560706e-06
0.011180631
1.0795375e-06
0.011180357
1.0088298e-06
0.0111801
9.4174701e-07
0.011179861
8.8062561e-07
0.011179637
8.2142272e-07
0.011179428
7.6865508e-07
0.011179234
7.1547044e-07
0.01117905
6.7109803e-07
0.011178881
6.2294848e-07
0.011178722
5.876935e-07
0.011178576
5.4184612e-07
0.011178434
5.1621603e-07
0.011178309
4.6886702e-07
0.011178186
4.547164e-07
4.0591892e-07
0.010094914
6.7887459e-05
0.010340233
0.00019555688
0.01065185
0.00027846872
0.010969203
0.00030539076
0.011273712
0.00030593222
0.01155641
0.00029627538
0.011809194
0.00027934034
0.012028326
0.00025644286
0.012214936
0.00023099242
0.012372692
0.00020629519
0.012505836
0.00018407978
0.012618428
0.00016468134
0.012714101
0.00014790567
0.012795956
0.00013346964
0.012866554
0.00012106423
0.01292795
0.00011036698
0.012981772
0.00010106928
0.0130293
9.2903859e-05
0.013071543
8.5655961e-05
0.0131093
7.9159836e-05
0.013143212
7.3289231e-05
0.013173796
6.7947859e-05
0.013201478
6.3061792e-05
0.013226611
5.857367e-05
0.013249491
5.4438284e-05
0.013270372
5.0619236e-05
0.013289469
4.708648e-05
0.013306968
4.3814582e-05
0.013323033
4.0781521e-05
0.013337804
3.7967887e-05
0.013351406
3.5356328e-05
0.013363949
3.2931186e-05
0.013375529
3.0678232e-05
0.013386233
2.8584478e-05
0.013396137
2.6638035e-05
0.01340531
2.4827988e-05
0.013413814
2.3144306e-05
0.013421702
2.157775e-05
0.013429025
2.0119799e-05
0.013435828
1.8762595e-05
0.013442151
1.7498883e-05
0.013448031
1.6321971e-05
0.013453502
1.5225679e-05
0.013458595
1.4204304e-05
0.013463336
1.3252567e-05
0.013467753
1.2365585e-05
0.013471868
1.1538823e-05
0.013475703
1.0768077e-05
0.013479278
1.0049444e-05
0.013482612
9.3793123e-06
0.013485721
8.7543373e-06
0.013488621
8.1714265e-06
0.013491326
7.6277106e-06
0.01349385
7.1205199e-06
0.013496205
6.6473615e-06
0.013498404
6.2059041e-06
0.013500455
5.7939713e-06
0.01350237
5.4095388e-06
0.013504158
5.0507373e-06
0.013505826
4.7158429e-06
0.013507385
4.4032687e-06
0.013508839
4.111541e-06
0.013510198
3.8392812e-06
0.013511466
3.5851806e-06
0.013512651
3.3480032e-06
0.013513757
3.1265714e-06
0.01351479
2.9198004e-06
0.013515754
2.7266891e-06
0.013516655
2.5463414e-06
0.013517496
2.3779333e-06
0.013518282
2.2207212e-06
0.013519016
2.0739795e-06
0.013519702
1.9370318e-06
0.013520342
1.8091792e-06
0.01352094
1.6898067e-06
0.013521499
1.5782695e-06
0.01352202
1.4740822e-06
0.013522507
1.3766902e-06
0.013522962
1.285771e-06
0.013523387
1.2007918e-06
0.013523784
1.121567e-06
0.013524155
1.0474628e-06
0.013524502
9.7850026e-07
0.013524826
9.1386352e-07
0.013525128
8.5388577e-07
0.01352541
7.9728119e-07
0.013525674
7.4507073e-07
0.01352592
6.9539621e-07
0.01352615
6.5045341e-07
0.013526365
6.0651351e-07
0.013526565
5.6767476e-07
0.013526753
5.2782827e-07
0.013526929
4.9567659e-07
0.013527093
4.5975397e-07
0.013527246
4.348326e-07
0.013527388
3.9979544e-07
0.013527522
3.8174613e-07
0.013527645
3.4480004e-07
0.013527765
3.3487921e-07
2.9833988e-07
0.010067887
-9.298277e-13
0.010263444
-1.6721121e-12
0.010541913
-2.1284551e-12
0.010847304
-2.1509237e-12
0.011153236
-1.1205767e-12
0.011449511
5.6749756e-13
0.011728852
2.2471987e-12
0.011985295
3.0122891e-12
0.012216287
2.4499802e-12
0.012422582
1.0998575e-12
0.012606662
1.3755677e-13
0.012771343
-7.3406683e-13
0.012919249
-8.8207583e-13
0.013052719
-7.4032743e-13
0.013173783
-1.2928922e-12
0.01328415
-2.6448938e-12
0.013385219
-4.0209243e-12
0.013478123
-4.1991495e-12
0.013563779
-1.9524929e-12
0.013642939
2.9394983e-12
0.013716228
8.2847464e-12
0.013784176
1.2202916e-11
0.013847238
1.1483536e-11
0.013905811
4.798598e-12
0.01396025
-5.554805e-12
0.014010869
-1.5679783e-11
0.014057955
-2.0229421e-11
0.01410177
-1.5829283e-11
0.014142552
-4.1336576e-12
0.014180519
9.4370479e-12
0.014215876
2.0067839e-11
0.014248807
2.0918598e-11
0.014279485
1.2246273e-11
0.01430807
-9.5739039e-13
0.014334708
-1.0257812e-11
0.014359536
-1.6255183e-11
0.01438268
-1.1553041e-11
0.014404258
-1.9891436e-12
0.014424378
4.963102e-12
0.01444314
7.627373e-12
0.014460639
3.6137127e-12
0.014476961
-4.5682262e-12
0.014492187
-8.2206826e-12
0.014506391
-5.799519e-12
0.014519644
4.1865041e-12
0.014532009
1.7307857e-11
0.014543548
2.4679917e-11
0.014554316
1.9498645e-11
0.014564365
1.1434854e-12
0.014573745
-2.3940701e-11
0.014582499
-4.2494859e-11
0.01459067
-4.2402304e-11
0.014598298
-2.0001742e-11
0.014605419
1.6824815e-11
0.014612066
5.2654303e-11
0.014618272
7.0113154e-11
0.014624066
5.6031475e-11
0.014629475
1.4291692e-11
0.014634526
-3.8409935e-11
0.014639242
-8.2447619e-11
0.014643645
-9.0785953e-11
0.014647757
-5.7732673e-11
0.014651596
3.8850959e-12
0.014655182
7.036019e-11
0.01465853
1.1461677e-10
0.014661656
1.0729308e-10
0.014664576
5.3158896e-11
0.014667302
-2.632841e-11
0.014669848
-9.2324232e-11
0.014672226
-1.2624516e-10
0.014674447
-1.009635e-10
0.014676522
-3.1372225e-11
0.014678459
5.011917e-11
0.014680268
1.1508269e-10
0.014681958
1.3384967e-10
0.014683536
9.8980805e-11
0.014685009
3.1438969e-11
0.014686386
-3.6768793e-11
0.014687672
-9.1164074e-11
0.014688873
-1.0839998e-10
0.014689994
-9.0043812e-11
0.014691042
-4.35536e-11
0.014692021
1.8184491e-11
0.014692935
8.1452904e-11
0.014693788
1.0993251e-10
0.014694585
9.0759039e-11
0.014695331
8.0105916e-11
0.014696026
1.0281381e-10
0.014696676
6.3174785e-11
0.014697282
-1.1315915e-10
0.014697849
-3.2039649e-10
0.014698378
-3.1525591e-10
0.014698876
-3.1337172e-11
0.014699336
2.8957425e-10
0.01469977
3.7852348e-10
0.014700168
2.1834921e-10
0.014700549
-2.1692542e-11
0.014700894
-1.1257586e-10
0.014701229
-1.3149259e-10
-6.1828042e-11
0.010067887
-6.7887461e-05
0.010263444
-0.00019555689
0.010541913
-0.00027846872
0.010847304
-0.00030539076
0.011153236
-0.00030593223
0.011449511
-0.00029627538
0.011728852
-0.00027934034
0.011985295
-0.00025644286
0.012216287
-0.00023099242
0.012422582
-0.00020629519
0.012606662
-0.00018407978
0.012771343
-0.00016468134
0.012919249
-0.00014790567
0.013052719
-0.00013346964
0.013173783
-0.00012106424
0.01328415
-0.00011036698
0.013385219
-0.00010106928
0.013478123
-9.2903864e-05
0.013563779
-8.5655962e-05
0.013642939
-7.9159831e-05
0.013716228
-7.3289218e-05
0.013784176
-6.7947842e-05
0.013847238
-6.3061777e-05
0.013905811
-5.8573665e-05
0.01396025
-5.4438293e-05
0.014010869
-5.0619258e-05
0.014057955
-4.7086507e-05
0.01410177
-4.3814603e-05
0.014142552
-4.0781527e-05
0.014180519
-3.7967875e-05
0.014215876
-3.5356303e-05
0.014248807
-3.2931159e-05
0.014279485
-3.0678214e-05
0.01430807
-2.8584476e-05
0.014334708
-2.6638045e-05
0.014359536
-2.4828005e-05
0.01438268
-2.3144321e-05
0.014404258
-2.1577756e-05
0.014424378
-2.0119798e-05
0.01444314
-1.8762591e-05
0.014460639
-1.7498883e-05
0.014476961
-1.6321977e-05
0.014492187
-1.5225687e-05
0.014506391
-1.4204304e-05
0.014519644
-1.3252554e-05
0.014532009
-1.2365558e-05
0.014543548
-1.1538792e-05
0.014554316
-1.0768057e-05
0.014564365
-1.0049451e-05
0.014573745
-9.3793492e-06
0.014582499
-8.7543936e-06
0.01459067
-8.1714774e-06
0.014598298
-7.6277294e-06
0.014605419
-7.1204914e-06
0.014612066
-6.6472903e-06
0.014618272
-6.2058154e-06
0.014624066
-5.793903e-06
0.014629475
-5.4095246e-06
0.014634526
-5.0507899e-06
0.014639242
-4.7159457e-06
0.014643645
-4.4033803e-06
0.014647757
-4.1116105e-06
0.014651597
-3.8392723e-06
0.014655182
-3.5850897e-06
0.01465853
-3.3478599e-06
0.014661656
-3.1264363e-06
0.014664575
-2.9197315e-06
0.014667302
-2.7267159e-06
0.014669848
-2.5464541e-06
0.014672226
-2.3780853e-06
0.014674447
-2.2208475e-06
0.014676522
-2.0740253e-06
0.014678459
-1.9369755e-06
0.014680268
-1.809042e-06
0.014681958
-1.6896384e-06
0.014683535
-1.5781322e-06
0.014685009
-1.4740214e-06
0.014686386
-1.3767204e-06
0.014687672
-1.285877e-06
0.014688873
-1.2009349e-06
0.014689995
-1.1216983e-06
0.014691042
-1.0475383e-06
0.014692021
-9.7848924e-07
0.014692935
-9.137677e-07
0.014693788
-8.5373508e-07
0.014694585
-7.9711728e-07
0.014695331
-7.4490519e-07
0.014696026
-6.9524355e-07
0.014696676
-6.504202e-07
0.014697282
-6.0672246e-07
0.014697849
-5.6808315e-07
0.014698378
-5.2815824e-07
0.014698876
-4.956554e-07
0.014699336
-4.5940517e-07
0.014699769
-4.3443837e-07
0.014700167
-3.9957496e-07
0.014700548
-3.8171666e-07
0.014700894
-3.4485606e-07
0.01470123
-3.3495604e-07
-2.9839977e-07
0.010094914
-0.00016280099
0.010340233
-0.00044087647
0.01065185
-0.00059008571
0.010969203
-0.00062274377
0.011273712
-0.00061044159
0.01155641
-0.00057897246
0.011809194
-0.0005321246
0.012028326
-0.00047557512
0.012214936
-0.00041760214
0.012372692
-0.00036405133
0.012505836
-0.0003172236
0.012618428
-0.0002772735
0.012714101
-0.00024357852
0.012795956
-0.00021532527
0.012866554
-0.00019166164
0.01292795
-0.00017176286
0.012981772
-0.00015489118
0.0130293
-0.00014043211
0.013071543
-0.00012789904
0.0131093
-0.00011691717
0.013143212
-0.00010720076
0.013173796
-9.853196e-05
0.013201478
-9.0743689e-05
0.013226611
-8.3706572e-05
0.013249491
-7.7319048e-05
0.013270372
-7.1499991e-05
0.013289469
-6.6183315e-05
0.013306969
-6.1314115e-05
0.013323033
-5.6845945e-05
0.013337804
-5.2738919e-05
0.013351406
-4.8958368e-05
0.013363949
-4.547387e-05
0.013375529
-4.2258537e-05
0.013386233
-3.9288475e-05
0.013396137
-3.6542358e-05
0.01340531
-3.4001085e-05
0.013413814
-3.1647492e-05
0.013421702
-2.9466113e-05
0.013429025
-2.7442974e-05
0.013435828
-2.5565421e-05
0.013442151
-2.3821976e-05
0.013448031
-2.2202209e-05
0.013453502
-2.0696629e-05
0.013458595
-1.9296587e-05
0.013463336
-1.7994178e-05
0.013467753
-1.6782165e-05
0.013471868
-1.5653904e-05
0.013475703
-1.4603285e-05
0.013479278
-1.3624685e-05
0.013482612
-1.2712928e-05
0.013485721
-1.1863253e-05
0.013488621
-1.1071281e-05
0.013491326
-1.0332971e-05
0.01349385
-9.6445909e-06
0.013496205
-9.0026741e-06
0.013498403
-8.4039969e-06
0.013500455
-7.8455569e-06
0.01350237
-7.3245651e-06
0.013504158
-6.8384387e-06
0.013505827
-6.3847946e-06
0.013507385
-5.96144e-06
0.01350884
-5.5663465e-06
0.013510198
-5.1976304e-06
0.013511466
-4.8535234e-06
0.013512651
-4.5323608e-06
0.013513757
-4.232567e-06
0.01351479
-3.9526744e-06
0.013515754
-3.6913181e-06
0.013516655
-3.4472587e-06
0.013517497
-3.2193504e-06
0.013518282
-3.0065614e-06
0.013519016
-2.8078996e-06
0.013519702
-2.622459e-06
0.013520342
-2.4493236e-06
0.01352094
-2.2876836e-06
0.013521498
-2.1366957e-06
0.01352202
-1.9956999e-06
0.013522507
-1.863942e-06
0.013522962
-1.7409416e-06
0.013523388
-1.6259705e-06
0.013523785
-1.5187231e-06
0.013524155
-1.4183949e-06
0.013524502
-1.3249487e-06
0.013524825
-1.2373913e-06
0.013525128
-1.1560469e-06
0.01352541
-1.0794449e-06
0.013525674
-1.0087073e-06
0.01352592
-9.416921e-07
0.01352615
-8.8068821e-07
0.013526364
-8.2150762e-07
0.013526565
-7.6861866e-07
0.013526754
-7.1531786e-07
0.01352693
-6.7102761e-07
0.013527093
-6.2310604e-07
0.013527245
-5.8797386e-07
0.013527387
-5.4195807e-07
0.013527522
-5.160314e-07
0.013527646
-4.6850171e-07
0.013527766
-4.5443943e-07
-4.0587485e-07
0.010181464
-0.00034426525
0.010521798
-0.00078121018
0.010842482
-0.00091076959
0.011112769
-0.0008930309
0.01133602
-0.00083369229
0.011508579
-0.00075153209
0.011630744
-0.0006542893
0.011709907
-0.00055473799
0.011755697
-0.00046339255
0.011776644
-0.000384998
0.011779503
-0.00032008221
0.011769652
-0.00026742267
0.01175133
-0.0002252566
0.011727726
-0.0001917216
0.011701127
-0.00016506247
0.011673116
-0.00014375196
0.011644765
-0.00012654001
0.011616781
-0.00011244777
0.011589614
-0.00010073203
0.011563536
-9.0839867e-05
0.0115387
-8.2364454e-05
0.011515175
-7.500744e-05
0.011492981
-6.8549283e-05
0.011472101
-6.2827034e-05
0.011452501
-5.7718132e-05
0.011434129
-5.312876e-05
0.011416932
-4.8985613e-05
0.011400848
-4.5230157e-05
0.011385816
-4.1814677e-05
0.011371777
-3.8699558e-05
0.01135867
-3.5851405e-05
0.011346438
-3.3241722e-05
0.011335025
-3.0845954e-05
0.01132438
-2.8642777e-05
0.011314451
-2.661356e-05
0.011305192
-2.4741936e-05
0.011296558
-2.3013461e-05
0.011288507
-2.1415338e-05
0.011281
-1.9936184e-05
0.011274001
-1.8565842e-05
0.011267474
-1.7295219e-05
0.011261388
-1.6116154e-05
0.011255712
-1.5021298e-05
0.01125042
-1.4004013e-05
0.011245484
-1.3058284e-05
0.01124088
-1.2178641e-05
0.011236587
-1.13601e-05
0.011232581
-1.0598107e-05
0.011228845
-9.8884956e-06
0.01122536
-9.2274526e-06
0.011222108
-8.6114825e-06
0.011219074
-8.0373755e-06
0.011216243
-7.5021749e-06
0.011213602
-7.0031491e-06
0.011211137
-6.5377677e-06
0.011208837
-6.1036834e-06
0.01120669
-5.6987204e-06
0.011204686
-5.3208644e-06
0.011202816
-4.9682561e-06
0.01120107
-4.6391792e-06
0.011199441
-4.3320484e-06
0.01119792
-4.0453906e-06
0.0111965
-3.7778316e-06
0.011195175
-3.5280809e-06
0.011193937
-3.2949284e-06
0.011192782
-3.0772395e-06
0.011191703
-2.8739663e-06
0.011190696
-2.6841372e-06
0.011189756
-2.5068667e-06
0.011188878
-2.3413283e-06
0.011188058
-2.1867651e-06
0.011187292
-2.0424455e-06
0.011186578
-1.9076994e-06
0.01118591
-1.7818602e-06
0.011185287
-1.6643468e-06
0.011184705
-1.5545629e-06
0.011184161
-1.4520394e-06
0.011183653
-1.3562404e-06
0.011183179
-1.2668082e-06
0.011182737
-1.183217e-06
0.011182323
-1.1052267e-06
0.011181937
-1.0322809e-06
0.011181576
-9.6431034e-07
0.011181239
-9.0062994e-07
0.011180925
-8.4139811e-07
0.011180631
-7.8572379e-07
0.011180357
-7.3425994e-07
0.0111801
-6.8562469e-07
0.01117986
-6.4095768e-07
0.011179637
-5.9792217e-07
0.011179429
-5.5912166e-07
0.011179234
-5.2107739e-07
0.011179051
-4.884087e-07
0.011178881
-4.5446183e-07
0.011178721
-4.2726898e-07
0.011178575
-3.9561421e-07
0.011178434
-3.7448165e-07
0.011178309
-3.4390778e-07
0.011178186
-3.3162263e-07
-3.0211334e-07
0.010341662
-0.00068592735
0.010578184
-0.0010177326
0.010615671
-0.00094825625
0.010553945
-0.00083130473
0.010425822
-0.00070556886
0.010248587
-0.00057429754
0.010044962
-0.00045066426
0.0098354604
-0.00034523641
0.0096327827
-0.0002607149
0.0094437308
-0.00019594607
0.0092713466
-0.00014769799
0.009116574
-0.00011265009
0.0089789731
-8.7655674e-05
0.0088572402
-6.9988767e-05
0.0087496634
-5.7485611e-05
0.0086544455
-4.8534122e-05
0.00856989
-4.1984432e-05
0.0084944844
-3.7042261e-05
0.0084269262
-3.3173821e-05
0.0083661157
-3.0029289e-05
0.0083111354
-2.738417e-05
0.0082612243
-2.5096352e-05
0.0082157512
-2.3076194e-05
0.0081741908
-2.1266631e-05
0.0081361031
-1.9630402e-05
0.0081011164
-1.8142093e-05
0.0080689141
-1.67833e-05
0.0080392237
-1.5539785e-05
0.0080118089
-1.439986e-05
0.0079864628
-1.3353505e-05
0.0079630033
-1.23919e-05
0.0079412688
-1.150717e-05
0.0079211151
-1.0692239e-05
0.007902413
-9.9407456e-06
0.0078850465
-9.2469679e-06
0.0078689103
-8.6057666e-06
0.0078539093
-8.0125293e-06
0.0078399571
-7.463118e-06
0.0078269747
-6.9538199e-06
0.0078148902
-6.481301e-06
0.0078036376
-6.0425637e-06
0.0077931563
-5.634907e-06
0.0077833909
-5.255891e-06
0.0077742902
-4.9033054e-06
0.007765807
-4.5751417e-06
0.007757898
-4.2695701e-06
0.0077505228
-3.9849202e-06
0.0077436444
-3.7196648e-06
0.0077372283
-3.4724064e-06
0.0077312427
-3.2418632e-06
0.0077256581
-3.0268572e-06
0.007720447
-2.8263023e-06
0.007715584
-2.639194e-06
0.0077110454
-2.4646015e-06
0.0077068093
-2.3016613e-06
0.0077028552
-2.149573e-06
0.0076991641
-2.0075956e-06
0.0076957183
-1.8750439e-06
0.0076925014
-1.7512843e-06
0.0076894979
-1.6357295e-06
0.0076866937
-1.5278331e-06
0.0076840753
-1.4270837e-06
0.0076816305
-1.3330024e-06
0.0076793475
-1.2451397e-06
0.0076772157
-1.1630768e-06
0.0076752249
-1.0864241e-06
0.0076733658
-1.0148241e-06
0.0076716297
-9.4794389e-07
0.0076700083
-8.8547767e-07
0.007668494
-8.2713476e-07
0.0076670799
-7.7264688e-07
0.0076657591
-7.217522e-07
0.0076645256
-6.7421557e-07
0.0076633736
-6.2980382e-07
0.0076622976
-5.8832071e-07
0.0076612926
-5.4955982e-07
0.007660354
-5.1336303e-07
0.0076594773
-4.7953649e-07
0.0076586584
-4.4795739e-07
0.0076578936
-4.1843081e-07
0.0076571793
-3.9088283e-07
0.0076565121
-3.6510647e-07
0.0076558888
-3.4108935e-07
0.0076553068
-3.1857129e-07
0.0076547631
-2.9763941e-07
0.0076542553
-2.7797242e-07
0.0076537808
-2.5981012e-07
0.0076533377
-2.4259708e-07
0.0076529236
-2.267261e-07
0.0076525375
-2.1146708e-07
0.0076521762
-1.9776279e-07
0.0076518392
-1.8451855e-07
0.0076515232
-1.7288024e-07
0.0076512298
-1.6107409e-07
0.0076509539
-1.5086855e-07
0.0076506993
-1.4061005e-07
0.0076504567
-1.3195686e-07
0.0076502372
-1.2466246e-07
0.0076500219
-1.1647668e-07
-1.1718659e-07
0.0093140727
0.0082963401
0.0073480838
0.0065167791
0.0058112103
0.0052369127
0.0047862484
0.004441012
0.0041802971
0.0039843511
0.0038366531
0.003724003
0.0036363473
0.0035663586
0.0035088729
0.0034603388
0.0034183544
0.0033813121
0.0033481383
0.003318109
0.0032907248
0.0032656285
0.0032425523
0.0032212857
0.0032016553
0.0031835132
0.0031667299
0.0031511901
0.0031367902
0.0031234367
0.0031110448
0.0030995377
0.0030888454
0.0030789047
0.0030696577
0.0030610519
0.0030530394
0.0030455763
0.0030386225
0.0030321412
0.0030260986
0.0030204637
0.0030152078
0.0030103045
0.0030057293
0.0030014598
0.0029974749
0.0029937552
0.0029902828
0.0029870409
0.0029840141
0.0029811878
0.0029785486
0.002976084
0.0029737823
0.0029716327
0.0029696252
0.0029677501
0.0029659988
0.0029643631
0.0029628352
0.0029614082
0.0029600752
0.00295883
0.002957667
0.0029565805
0.0029555657
0.0029546178
0.0029537323
0.0029529051
0.0029521325
0.0029514107
0.0029507365
0.0029501067
0.0029495184
0.0029489689
0.0029484555
0.002947976
0.002947528
0.0029471096
0.0029467187
0.0029463536
0.0029460125
0.0029456939
0.0029453963
0.0029451183
0.0029448585
0.0029446159
0.0029443893
0.0029441778
0.0029439799
0.0029437953
0.0029436224
0.0029434615
0.0029433107
0.0029431701
0.002943038
0.0029429133
0.0029427969
)
;

boundaryField
{
    top
    {
        type            calculated;
        value           uniform 0;
    }
    bottom
    {
        type            calculated;
        value           uniform 0;
    }
    inlet
    {
        type            calculated;
        value           nonuniform List<scalar> 10(-0.01 -0.01 -0.01 -0.01 -0.01 -0.01 -0.01 -0.01 -0.01 -0.01);
    }
    outlet
    {
        type            calculated;
        value           nonuniform List<scalar> 10(0.0029426796 0.0076498367 0.011178082 0.013527873 0.014701528 0.014701528 0.013527873 0.011178082 0.007649837 0.0029426797);
    }
    front
    {
        type            empty;
    }
    back
    {
        type            empty;
    }
}


// ************************************************************************* //
