/*--------------------------------*- C++ -*----------------------------------*\
  =========                 |
  \\      /  F ield         | OpenFOAM: The Open Source CFD Toolbox
   \\    /   O peration     | Website:  https://openfoam.org
    \\  /    A nd           | Version:  13
     \\/     M anipulation  |
\*---------------------------------------------------------------------------*/
FoamFile
{
    format      ascii;
    class       volVectorField;
    location    "14";
    object      U;
}
// * * * * * * * * * * * * * * * * * * * * * * * * * * * * * * * * * * * * * //

dimensions      [0 1 -1 0 0 0 0];

internalField   nonuniform List<vector> 
1000
(
(0.92074242 0.03382768 0)
(0.8635379 0.056684191 0)
(0.78799127 0.052753994 0)
(0.69766161 0.041237061 0)
(0.61471542 0.03020314 0)
(0.54875554 0.020988077 0)
(0.49827309 0.013660659 0)
(0.45949312 0.0082997553 0)
(0.42978721 0.004735884 0)
(0.4072852 0.002532184 0)
(0.39034402 0.0012497965 0)
(0.37751559 0.00056180322 0)
(0.36764107 0.00024261441 0)
(0.35985945 0.00013663719 0)
(0.35355677 0.00013976102 0)
(0.34830594 0.00018761027 0)
(0.34381545 0.00024452977 0)
(0.33988918 0.0002935124 0)
(0.33639623 0.00032844051 0)
(0.33324896 0.00034888354 0)
(0.33038779 0.0003569369 0)
(0.32777097 0.00035546642 0)
(0.32536798 0.00034724075 0)
(0.32315538 0.00033457898 0)
(0.32111429 0.00031926807 0)
(0.31922887 0.00030260453 0)
(0.31748536 0.00028548209 0)
(0.31587163 0.00026848675 0)
(0.31437679 0.00025198182 0)
(0.31299102 0.00023617652 0)
(0.31170546 0.00022117751 0)
(0.31051204 0.00020702566 0)
(0.30940346 0.00019372135 0)
(0.30837306 0.0001812413 0)
(0.3074148 0.00016954942 0)
(0.30652319 0.0001586037 0)
(0.30569321 0.00014836024 0)
(0.30492027 0.00013877559 0)
(0.30420021 0.00012980789 0)
(0.30352916 0.00012141738 0)
(0.30290362 0.00011356664 0)
(0.30232035 0.00010622057 0)
(0.30177636 9.9346436e-05 0)
(0.30126891 9.2913749e-05 0)
(0.30079546 8.6894187e-05 0)
(0.30035366 8.1261411e-05 0)
(0.29994133 7.599082e-05 0)
(0.29955648 7.105935e-05 0)
(0.29919722 6.64453e-05 0)
(0.29886183 6.2128236e-05 0)
(0.29854869 5.8089021e-05 0)
(0.2982563 5.4309823e-05 0)
(0.29798328 5.0774135e-05 0)
(0.29772833 4.7466674e-05 0)
(0.29749024 4.4373204e-05 0)
(0.29726789 4.1480271e-05 0)
(0.29706022 3.8775068e-05 0)
(0.29686627 3.6245285e-05 0)
(0.29668512 3.3879273e-05 0)
(0.29651592 3.1666125e-05 0)
(0.29635788 2.9595867e-05 0)
(0.29621027 2.7659518e-05 0)
(0.29607239 2.5848924e-05 0)
(0.2959436 2.4156579e-05 0)
(0.29582331 2.2575276e-05 0)
(0.29571094 2.1097865e-05 0)
(0.29560598 1.9717297e-05 0)
(0.29550793 1.8426581e-05 0)
(0.29541634 1.7219307e-05 0)
(0.29533078 1.6089669e-05 0)
(0.29525085 1.5032899e-05 0)
(0.2951762 1.4044725e-05 0)
(0.29510646 1.3121718e-05 0)
(0.29504132 1.2259898e-05 0)
(0.29498048 1.1455944e-05 0)
(0.29492365 1.070506e-05 0)
(0.29487055 1.0003992e-05 0)
(0.29482095 9.3475706e-06 0)
(0.29477461 8.734002e-06 0)
(0.29473132 8.1584594e-06 0)
(0.29469089 7.6215926e-06 0)
(0.29465312 7.1179455e-06 0)
(0.29461784 6.6504416e-06 0)
(0.29458489 6.2106474e-06 0)
(0.29455411 5.8049398e-06 0)
(0.29452537 5.4209642e-06 0)
(0.2944985 5.0706015e-06 0)
(0.29447342 4.733529e-06 0)
(0.29444996 4.4288918e-06 0)
(0.29442808 4.1282334e-06 0)
(0.29440761 3.8654004e-06 0)
(0.29438851 3.6015559e-06 0)
(0.29437064 3.3741261e-06 0)
(0.29435395 3.1415377e-06 0)
(0.29433844 2.9330408e-06 0)
(0.29432375 2.7705506e-06 0)
(0.29431049 2.5538023e-06 0)
(0.2942969 2.6005452e-06 0)
(0.29428638 2.0748543e-06 0)
(0.294269 2.9348334e-06 0)
(1.0019381 0.052732953 0)
(1.0365395 0.10225274 0)
(1.0602516 0.11315449 0)
(1.0635369 0.1090466 0)
(1.0522935 0.099516705 0)
(1.0346516 0.087114674 0)
(1.0147897 0.073373124 0)
(0.99415463 0.059906706 0)
(0.97358849 0.047880415 0)
(0.95388174 0.037787615 0)
(0.93564763 0.029665823 0)
(0.91918057 0.02332968 0)
(0.90451503 0.018503101 0)
(0.89154102 0.014887717 0)
(0.88008798 0.012203272 0)
(0.86996961 0.010210173 0)
(0.86100573 0.0087174145 0)
(0.85303279 0.007580526 0)
(0.84590822 0.0066945204 0)
(0.83951094 0.0059853882 0)
(0.83373979 0.0054021114 0)
(0.82851093 0.004910042 0)
(0.82375499 0.0044858264 0)
(0.81941448 0.0041137191 0)
(0.81544149 0.0037830024 0)
(0.81179572 0.0034862337 0)
(0.80844305 0.0032180838 0)
(0.80535423 0.0029745877 0)
(0.802504 0.0027526704 0)
(0.79987035 0.0025498544 0)
(0.79743393 0.0023640791 0)
(0.79517764 0.002193589 0)
(0.79308626 0.0020368642 0)
(0.79114619 0.0018925736 0)
(0.7893452 0.0017595446 0)
(0.78767226 0.0016367388 0)
(0.7861174 0.0015232344 0)
(0.78467155 0.001418211 0)
(0.78332647 0.0013209361 0)
(0.78207463 0.0012307545 0)
(0.78090916 0.0011470784 0)
(0.77982373 0.0010693789 0)
(0.77881255 0.00099717949 0)
(0.77787031 0.00093004977 0)
(0.7769921 0.00086759994 0)
(0.77617339 0.00080947611 0)
(0.77541002 0.00075535583 0)
(0.77469811 0.00070494436 0)
(0.7740341 0.00065797153 0)
(0.77341468 0.00061418919 0)
(0.77283678 0.00057336933 0)
(0.77229756 0.00053530242 0)
(0.77179438 0.00049979585 0)
(0.7713248 0.00046667227 0)
(0.77088652 0.00043576777 0)
(0.77047743 0.00040693018 0)
(0.77009557 0.00038001779 0)
(0.76973909 0.00035489827 0)
(0.7694063 0.00033144865 0)
(0.76909559 0.00030955487 0)
(0.76880549 0.00028911192 0)
(0.76853463 0.00027002319 0)
(0.76828172 0.0002521996 0)
(0.76804557 0.00023555814 0)
(0.76782506 0.00022002087 0)
(0.76761915 0.00020551362 0)
(0.76742685 0.00019196632 0)
(0.76724727 0.00017931256 0)
(0.76707955 0.00016749152 0)
(0.76692292 0.00015644703 0)
(0.76677664 0.00014612926 0)
(0.76664002 0.00013649175 0)
(0.76651244 0.00012749279 0)
(0.76639329 0.00011909045 0)
(0.76628201 0.00011124683 0)
(0.76617807 0.00010392108 0)
(0.76608099 9.7079471e-05 0)
(0.76599031 9.0683926e-05 0)
(0.7659056 8.4709281e-05 0)
(0.7658265 7.9121312e-05 0)
(0.76575259 7.3905479e-05 0)
(0.76568359 6.9027163e-05 0)
(0.76561912 6.4481957e-05 0)
(0.76555894 6.0226541e-05 0)
(0.76550269 5.6269652e-05 0)
(0.76545021 5.2553888e-05 0)
(0.7654011 4.9112514e-05 0)
(0.76535533 4.5861633e-05 0)
(0.76531244 4.2869284e-05 0)
(0.76527254 4.0007658e-05 0)
(0.76523511 3.7410673e-05 0)
(0.76520028 3.4883535e-05 0)
(0.76516764 3.2650012e-05 0)
(0.76513712 3.0405649e-05 0)
(0.76510902 2.851837e-05 0)
(0.76508178 2.6525608e-05 0)
(0.76505854 2.4992888e-05 0)
(0.76503227 2.3209561e-05 0)
(0.76501645 2.2138002e-05 0)
(0.76498454 2.0702681e-05 0)
(1.0002467 0.026719375 0)
(1.0283936 0.06255548 0)
(1.0646999 0.077616155 0)
(1.0979952 0.080476474 0)
(1.1240764 0.078058279 0)
(1.1435812 0.07291683 0)
(1.1579044 0.065986855 0)
(1.1678877 0.0582047 0)
(1.1741544 0.050495786 0)
(1.1774192 0.043467201 0)
(1.1784517 0.037361306 0)
(1.1779313 0.032190659 0)
(1.1763807 0.027868333 0)
(1.1741779 0.024277407 0)
(1.1715897 0.021298543 0)
(1.1688025 0.018820816 0)
(1.1659442 0.016747069 0)
(1.1630997 0.014996288 0)
(1.1603237 0.013503443 0)
(1.1576498 0.012217608 0)
(1.155097 0.011099375 0)
(1.1526749 0.010118339 0)
(1.1503869 0.0092509615 0)
(1.1482324 0.0084789009 0)
(1.1462083 0.0077877259 0)
(1.1443101 0.0071659437 0)
(1.1425324 0.0066042738 0)
(1.1408692 0.0060951125 0)
(1.1393144 0.0056321434 0)
(1.1378619 0.0052100532 0)
(1.1365056 0.004824325 0)
(1.1352396 0.0044710838 0)
(1.1340583 0.0041469803 0)
(1.1329564 0.0038491015 0)
(1.1319285 0.0035749001 0)
(1.13097 0.0033221381 0)
(1.1300761 0.0030888414 0)
(1.1292426 0.002873261 0)
(1.1284655 0.0026738419 0)
(1.1277408 0.0024891959 0)
(1.1270651 0.0023180802 0)
(1.1264351 0.0021593788 0)
(1.1258476 0.0020120866 0)
(1.1252997 0.0018752963 0)
(1.1247887 0.001748187 0)
(1.1243122 0.0016300131 0)
(1.1238677 0.0015200963 0)
(1.1234532 0.0014178167 0)
(1.1230665 0.0013226075 0)
(1.1227057 0.0012339489 0)
(1.1223692 0.0011513644 0)
(1.1220552 0.001074417 0)
(1.1217622 0.0010027053 0)
(1.1214888 0.00093585968 0)
(1.1212338 0.00087353893 0)
(1.1209957 0.00081542678 0)
(1.1207736 0.00076122937 0)
(1.1205662 0.00071067374 0)
(1.1203727 0.00066350692 0)
(1.1201921 0.00061949525 0)
(1.1200235 0.00057842362 0)
(1.1198661 0.00054009385 0)
(1.1197192 0.00050432268 0)
(1.1195821 0.00047093903 0)
(1.119454 0.00043978237 0)
(1.1193345 0.0004107008 0)
(1.1192229 0.00038355172 0)
(1.1191187 0.00035820152 0)
(1.1190214 0.00033452817 0)
(1.1189306 0.00031241905 0)
(1.1188457 0.00029177344 0)
(1.1187665 0.00027249622 0)
(1.1186926 0.0002545013 0)
(1.1186235 0.00023770201 0)
(1.1185591 0.00022202066 0)
(1.1184989 0.00020737526 0)
(1.1184426 0.00019369905 0)
(1.1183901 0.00018091741 0)
(1.118341 0.00016898115 0)
(1.1182952 0.0001578218 0)
(1.1182524 0.00014740943 0)
(1.1182125 0.00013767204 0)
(1.1181752 0.00012860129 0)
(1.1181404 0.00012010744 0)
(1.1181078 0.00011221261 0)
(1.1180775 0.00010479078 0)
(1.118049 9.7923965e-05 0)
(1.1180226 9.1424653e-05 0)
(1.1179976 8.547304e-05 0)
(1.1179747 7.9744911e-05 0)
(1.1179529 7.4600828e-05 0)
(1.117933 6.9490837e-05 0)
(1.1179138 6.5127866e-05 0)
(1.1178964 6.0517485e-05 0)
(1.11788 5.6985083e-05 0)
(1.1178645 5.2671407e-05 0)
(1.117851 5.0029623e-05 0)
(1.1178357 4.5680436e-05 0)
(1.117827 4.4106447e-05 0)
(1.1178087 3.960119e-05 0)
(1.0000321 0.01172771 0)
(1.0173964 0.030563016 0)
(1.0455868 0.040990665 0)
(1.0788323 0.044657243 0)
(1.1117703 0.044906517 0)
(1.1419849 0.043513625 0)
(1.1689322 0.04099875 0)
(1.1925678 0.037704081 0)
(1.2129268 0.034089591 0)
(1.2301852 0.030558837 0)
(1.2446903 0.027331285 0)
(1.256878 0.024473251 0)
(1.2671747 0.021977088 0)
(1.2759451 0.019810764 0)
(1.283481 0.017935176 0)
(1.290012 0.016308896 0)
(1.2957188 0.01489143 0)
(1.3007436 0.013646371 0)
(1.3051988 0.01254321 0)
(1.3091728 0.011557532 0)
(1.3127361 0.010670221 0)
(1.3159451 0.0098663845 0)
(1.3188459 0.0091343743 0)
(1.3214765 0.0084649944 0)
(1.3238688 0.0078508917 0)
(1.3260498 0.0072860866 0)
(1.3280427 0.0067656212 0)
(1.3298674 0.0062853002 0)
(1.3315412 0.0058415071 0)
(1.3330791 0.0054310743 0)
(1.3344943 0.0050511928 0)
(1.3357985 0.0046993476 0)
(1.3370019 0.0043732722 0)
(1.3381138 0.0040709135 0)
(1.339142 0.0037904055 0)
(1.340094 0.0035300479 0)
(1.340976 0.0032882883 0)
(1.341794 0.0030637065 0)
(1.3425532 0.0028550018 0)
(1.3432582 0.002660981 0)
(1.3439133 0.0024805489 0)
(1.3445224 0.0023126995 0)
(1.345089 0.0021565087 0)
(1.3456163 0.0020111264 0)
(1.3461071 0.0018757704 0)
(1.3465643 0.0017497196 0)
(1.3469902 0.0016323081 0)
(1.347387 0.0015229207 0)
(1.347757 0.0014209883 0)
(1.3481019 0.0013259849 0)
(1.3484235 0.0012374246 0)
(1.3487234 0.0011548583 0)
(1.3490033 0.001077871 0)
(1.3492643 0.0010060776 0)
(1.3495079 0.0009391206 0)
(1.3497353 0.00087666669 0)
(1.3499474 0.00081840539 0)
(1.3501455 0.00076404773 0)
(1.3503303 0.00071332588 0)
(1.3505029 0.00066599239 0)
(1.350664 0.0006218189 0)
(1.3508144 0.0005805943 0)
(1.3509548 0.00054212227 0)
(1.351086 0.00050621827 0)
(1.3512085 0.00047270882 0)
(1.3513228 0.00044142976 0)
(1.3514296 0.00041222772 0)
(1.3515293 0.00038496004 0)
(1.3516224 0.00035949725 0)
(1.3517094 0.0003357199 0)
(1.3517906 0.00031352041 0)
(1.3518665 0.00029279587 0)
(1.3519374 0.00027345238 0)
(1.3520036 0.00025539429 0)
(1.3520654 0.00023853702 0)
(1.3521232 0.00022279121 0)
(1.3521771 0.0002080868 0)
(1.3522274 0.00019434371 0)
(1.3522744 0.00018151272 0)
(1.3523184 0.00016951797 0)
(1.3523594 0.00015833137 0)
(1.3523978 0.00014786777 0)
(1.3524336 0.00013812695 0)
(1.3524672 0.00012899912 0)
(1.3524982 0.00012052568 0)
(1.3525276 0.00011254007 0)
(1.3525546 0.00010517081 0)
(1.3525805 9.8167467e-05 0)
(1.3526037 9.1806819e-05 0)
(1.3526266 8.5615112e-05 0)
(1.3526465 8.012951e-05 0)
(1.352667 7.4555806e-05 0)
(1.3526837 6.9980638e-05 0)
(1.3527025 6.4923241e-05 0)
(1.3527159 6.1300995e-05 0)
(1.3527338 5.6445975e-05 0)
(1.3527436 5.383127e-05 0)
(1.3527615 4.8849968e-05 0)
(1.3527672 4.7373827e-05 0)
(1.3527872 4.1997055e-05 0)
(1.0001568 0.0034383905 0)
(1.0134518 0.0092557597 0)
(1.036628 0.012853241 0)
(1.0666034 0.014335342 0)
(1.0987809 0.014626052 0)
(1.1300715 0.014363697 0)
(1.1593037 0.013741451 0)
(1.1861976 0.01284016 0)
(1.2106431 0.011790373 0)
(1.2325915 0.010728735 0)
(1.2521417 0.0097376725 0)
(1.2695378 0.0088459648 0)
(1.2850832 0.0080555411 0)
(1.2990634 0.0073596115 0)
(1.3117148 0.0067486879 0)
(1.3232262 0.0062117871 0)
(1.3337497 0.0057373913 0)
(1.3434089 0.0053147112 0)
(1.3523048 0.0049345703 0)
(1.3605198 0.0045896476 0)
(1.3681215 0.0042742905 0)
(1.3751666 0.0039841801 0)
(1.3817032 0.0037160132 0)
(1.3877733 0.0034672435 0)
(1.3934137 0.0032358811 0)
(1.3986577 0.0030203385 0)
(1.4035351 0.0028193139 0)
(1.408073 0.0026317075 0)
(1.4122964 0.0024565623 0)
(1.416228 0.0022930254 0)
(1.4198888 0.0021403221 0)
(1.4232982 0.0019977398 0)
(1.4264741 0.0018646174 0)
(1.429433 0.0017403385 0)
(1.4321902 0.0016243267 0)
(1.4347599 0.0015160417 0)
(1.4371552 0.0014149771 0)
(1.4393882 0.0013206574 0)
(1.4414702 0.0012326365 0)
(1.4434117 0.0011504965 0)
(1.4452223 0.001073846 0)
(1.4469111 0.0010023191 0)
(1.4484863 0.00093557409 0)
(1.4499558 0.00087329194 0)
(1.4513269 0.00081517442 0)
(1.4526061 0.00076094266 0)
(1.4537997 0.00071033574 0)
(1.4549136 0.00066310982 0)
(1.4559531 0.00061903744 0)
(1.4569232 0.00057790686 0)
(1.4578287 0.00053952127 0)
(1.4586739 0.00050369765 0)
(1.4594628 0.00047026513 0)
(1.4601993 0.00043906372 0)
(1.4608868 0.00040994329 0)
(1.4615286 0.00038276289 0)
(1.4621278 0.00035739085 0)
(1.4626872 0.00033370486 0)
(1.4632096 0.00031159211 0)
(1.4636972 0.00029094858 0)
(1.4641526 0.00027167842 0)
(1.4645778 0.00025369171 0)
(1.4649749 0.00023690367 0)
(1.4653456 0.00022123354 0)
(1.4656919 0.00020660446 0)
(1.4660152 0.00019294371 0)
(1.4663171 0.000180185 0)
(1.466599 0.00016826767 0)
(1.4668623 0.00015713767 0)
(1.4671082 0.0001467452 0)
(1.4673378 0.00013704497 0)
(1.4675523 0.00012799179 0)
(1.4677527 0.00011954306 0)
(1.4679397 0.00011165477 0)
(1.4681144 0.0001042882 0)
(1.4682776 9.7403552e-05 0)
(1.46843 9.0971665e-05 0)
(1.4685724 8.4958619e-05 0)
(1.4687053 7.9345812e-05 0)
(1.4688295 7.4100184e-05 0)
(1.4689454 6.921129e-05 0)
(1.4690539 6.4638761e-05 0)
(1.4691549 6.0385623e-05 0)
(1.4692496 5.639816e-05 0)
(1.4693376 5.2698789e-05 0)
(1.4694204 4.9203057e-05 0)
(1.4694969 4.5983714e-05 0)
(1.4695695 4.2916269e-05 0)
(1.4696359 4.0144113e-05 0)
(1.4696997 3.7417087e-05 0)
(1.4697567 3.5017488e-05 0)
(1.4698135 3.2557456e-05 0)
(1.469862 3.0599342e-05 0)
(1.4699136 2.8384584e-05 0)
(1.4699532 2.6841987e-05 0)
(1.4700015 2.4667006e-05 0)
(1.4700312 2.3553029e-05 0)
(1.47008 2.1320402e-05 0)
(1.4700974 2.0704891e-05 0)
(1.4701523 1.827899e-05 0)
(1.0001568 -0.0034383907 0)
(1.0134518 -0.00925576 0)
(1.036628 -0.012853242 0)
(1.0666034 -0.014335343 0)
(1.0987809 -0.014626052 0)
(1.1300715 -0.014363697 0)
(1.1593037 -0.013741451 0)
(1.1861976 -0.012840159 0)
(1.2106431 -0.011790373 0)
(1.2325915 -0.010728734 0)
(1.2521417 -0.0097376724 0)
(1.2695378 -0.0088459649 0)
(1.2850832 -0.0080555413 0)
(1.2990634 -0.0073596117 0)
(1.3117148 -0.0067486882 0)
(1.3232262 -0.0062117876 0)
(1.3337497 -0.0057373919 0)
(1.3434089 -0.0053147119 0)
(1.3523048 -0.0049345705 0)
(1.3605198 -0.0045896471 0)
(1.3681215 -0.0042742891 0)
(1.3751666 -0.0039841781 0)
(1.3817032 -0.0037160113 0)
(1.3877733 -0.0034672426 0)
(1.3934137 -0.0032358819 0)
(1.3986577 -0.0030203409 0)
(1.4035351 -0.0028193172 0)
(1.408073 -0.0026317103 0)
(1.4122964 -0.0024565634 0)
(1.416228 -0.0022930242 0)
(1.4198888 -0.0021403191 0)
(1.4232982 -0.0019977364 0)
(1.4264741 -0.001864615 0)
(1.429433 -0.001740338 0)
(1.4321902 -0.0016243281 0)
(1.4347599 -0.0015160441 0)
(1.4371552 -0.0014149792 0)
(1.4393882 -0.0013206583 0)
(1.4414702 -0.0012326362 0)
(1.4434117 -0.0011504956 0)
(1.4452223 -0.0010738454 0)
(1.4469111 -0.0010023194 0)
(1.4484863 -0.00093557508 0)
(1.4499558 -0.00087329261 0)
(1.4513269 -0.00081517368 0)
(1.4526061 -0.00076094006 0)
(1.4537997 -0.00071033209 0)
(1.4549136 -0.00066310694 0)
(1.4559531 -0.00061903729 0)
(1.4569232 -0.00057791044 0)
(1.4578287 -0.00053952773 0)
(1.4586739 -0.00050370428 0)
(1.4594628 -0.00047026853 0)
(1.4601993 -0.00043906153 0)
(1.4608868 -0.0004099354 0)
(1.4615286 -0.00038275196 0)
(1.4621278 -0.00035738151 0)
(1.4626872 -0.00033370166 0)
(1.4632096 -0.00031159732 0)
(1.4636973 -0.00029096095 0)
(1.4641526 -0.00027169289 0)
(1.4645778 -0.00025370191 0)
(1.4649749 -0.00023690458 0)
(1.4653457 -0.00022122357 0)
(1.4656919 -0.00020658693 0)
(1.4660152 -0.00019292596 0)
(1.466317 -0.00018017461 0)
(1.466599 -0.00016826926 0)
(1.4668623 -0.00015715096 0)
(1.4671082 -0.00014676487 0)
(1.4673379 -0.00013706251 0)
(1.4675524 -0.00012799953 0)
(1.4677527 -0.00011953755 0)
(1.4679397 -0.00011163782 0)
(1.4681144 -0.00010426647 0)
(1.4682776 -9.7385226e-05 0)
(1.46843 -9.0962998e-05 0)
(1.4685724 -8.4962049e-05 0)
(1.4687053 -7.9359334e-05 0)
(1.4688295 -7.4118509e-05 0)
(1.4689454 -6.9228285e-05 0)
(1.4690539 -6.4648859e-05 0)
(1.4691549 -6.0384944e-05 0)
(1.4692496 -5.6386129e-05 0)
(1.4693376 -5.2680318e-05 0)
(1.4694204 -4.9184739e-05 0)
(1.4694969 -4.5966047e-05 0)
(1.4695695 -4.2898574e-05 0)
(1.4696359 -4.0135731e-05 0)
(1.4696997 -3.7436798e-05 0)
(1.4697567 -3.5066505e-05 0)
(1.4698135 -3.2604514e-05 0)
(1.4698621 -3.0605904e-05 0)
(1.4699137 -2.8345767e-05 0)
(1.4699532 -2.6789147e-05 0)
(1.4700015 -2.463188e-05 0)
(1.4700312 -2.3542418e-05 0)
(1.47008 -2.132865e-05 0)
(1.4700974 -2.0722478e-05 0)
(1.4701523 -1.8292469e-05 0)
(1.0000321 -0.01172771 0)
(1.0173964 -0.030563016 0)
(1.0455868 -0.040990665 0)
(1.0788323 -0.044657243 0)
(1.1117703 -0.044906518 0)
(1.1419849 -0.043513626 0)
(1.1689322 -0.04099875 0)
(1.1925678 -0.037704081 0)
(1.2129268 -0.03408959 0)
(1.2301852 -0.030558837 0)
(1.2446903 -0.027331285 0)
(1.256878 -0.024473251 0)
(1.2671747 -0.021977088 0)
(1.2759451 -0.019810765 0)
(1.283481 -0.017935176 0)
(1.290012 -0.016308896 0)
(1.2957188 -0.014891431 0)
(1.3007436 -0.013646371 0)
(1.3051988 -0.01254321 0)
(1.3091728 -0.011557531 0)
(1.3127361 -0.01067022 0)
(1.3159451 -0.0098663834 0)
(1.3188459 -0.0091343734 0)
(1.3214765 -0.0084649942 0)
(1.3238688 -0.0078508922 0)
(1.3260498 -0.0072860878 0)
(1.3280427 -0.0067656227 0)
(1.3298674 -0.0062853015 0)
(1.3315412 -0.0058415077 0)
(1.3330791 -0.0054310741 0)
(1.3344943 -0.0050511918 0)
(1.3357985 -0.0046993462 0)
(1.3370019 -0.0043732709 0)
(1.3381138 -0.0040709127 0)
(1.339142 -0.0037904053 0)
(1.340094 -0.0035300482 0)
(1.340976 -0.003288289 0)
(1.341794 -0.0030637074 0)
(1.3425532 -0.0028550027 0)
(1.3432582 -0.0026609817 0)
(1.3439133 -0.0024805494 0)
(1.3445224 -0.0023126998 0)
(1.345089 -0.0021565084 0)
(1.3456163 -0.0020111255 0)
(1.3461071 -0.0018757689 0)
(1.3465643 -0.0017497178 0)
(1.3469902 -0.0016323067 0)
(1.347387 -0.0015229202 0)
(1.347757 -0.0014209892 0)
(1.3481019 -0.0013259872 0)
(1.3484235 -0.0012374274 0)
(1.3487234 -0.0011548606 0)
(1.3490033 -0.0010778716 0)
(1.3492643 -0.001006076 0)
(1.3495079 -0.00093911706 0)
(1.3497353 -0.00087666242 0)
(1.3499474 -0.00081840201 0)
(1.3501454 -0.00076404672 0)
(1.3503303 -0.0007133279 0)
(1.3505029 -0.00066599673 0)
(1.350664 -0.000621824 0)
(1.3508144 -0.00058059791 0)
(1.3509549 -0.00054212256 0)
(1.351086 -0.00050621488 0)
(1.3512084 -0.00047270275 0)
(1.3513228 -0.00044142308 0)
(1.3514296 -0.00041222311 0)
(1.3515293 -0.00038495937 0)
(1.3516224 -0.00035950077 0)
(1.3517094 -0.00033572605 0)
(1.3517907 -0.00031352674 0)
(1.3518665 -0.00029279974 0)
(1.3519374 -0.00027345192 0)
(1.3520036 -0.0002553894 0)
(1.3520654 -0.00023852904 0)
(1.3521231 -0.00022278266 0)
(1.352177 -0.00020808051 0)
(1.3522274 -0.00019434167 0)
(1.3522745 -0.00018151563 0)
(1.3523185 -0.00016952497 0)
(1.3523594 -0.00015833989 0)
(1.3523979 -0.0001478745 0)
(1.3524336 -0.00013812916 0)
(1.3524672 -0.00012899588 0)
(1.3524982 -0.00012051714 0)
(1.3525276 -0.00011252731 0)
(1.3525546 -0.00010515696 0)
(1.3525805 -9.8157838e-05 0)
(1.3526037 -9.1807462e-05 0)
(1.3526266 -8.5627162e-05 0)
(1.3526464 -8.0146889e-05 0)
(1.352667 -7.4567697e-05 0)
(1.3526838 -6.9980248e-05 0)
(1.3527025 -6.4913226e-05 0)
(1.3527159 -6.1290065e-05 0)
(1.3527336 -5.6436561e-05 0)
(1.3527435 -5.3822499e-05 0)
(1.3527615 -4.8839191e-05 0)
(1.3527673 -4.7364571e-05 0)
(1.3527873 -4.1996745e-05 0)
(1.0002467 -0.026719375 0)
(1.0283936 -0.06255548 0)
(1.0646999 -0.077616155 0)
(1.0979952 -0.080476474 0)
(1.1240764 -0.078058279 0)
(1.1435812 -0.07291683 0)
(1.1579044 -0.065986855 0)
(1.1678877 -0.0582047 0)
(1.1741544 -0.050495786 0)
(1.1774192 -0.043467201 0)
(1.1784517 -0.037361305 0)
(1.1779313 -0.032190659 0)
(1.1763807 -0.027868333 0)
(1.1741779 -0.024277407 0)
(1.1715897 -0.021298543 0)
(1.1688025 -0.018820816 0)
(1.1659442 -0.01674707 0)
(1.1630997 -0.014996288 0)
(1.1603237 -0.013503443 0)
(1.1576498 -0.012217607 0)
(1.155097 -0.011099375 0)
(1.1526749 -0.010118339 0)
(1.1503869 -0.0092509617 0)
(1.1482324 -0.0084789011 0)
(1.1462083 -0.0077877259 0)
(1.1443101 -0.0071659434 0)
(1.1425324 -0.0066042734 0)
(1.1408692 -0.0060951124 0)
(1.1393144 -0.0056321439 0)
(1.1378619 -0.0052100542 0)
(1.1365056 -0.0048243261 0)
(1.1352396 -0.0044710844 0)
(1.1340583 -0.0041469799 0)
(1.1329564 -0.0038491001 0)
(1.1319285 -0.0035748981 0)
(1.13097 -0.0033221366 0)
(1.1300761 -0.003088841 0)
(1.1292426 -0.0028732621 0)
(1.1284655 -0.0026738439 0)
(1.1277408 -0.002489198 0)
(1.1270651 -0.0023180814 0)
(1.1264351 -0.0021593785 0)
(1.1258476 -0.002012085 0)
(1.1252997 -0.0018752942 0)
(1.1247887 -0.0017481854 0)
(1.1243122 -0.0016300129 0)
(1.1238677 -0.0015200974 0)
(1.1234532 -0.0014178184 0)
(1.1230665 -0.0013226087 0)
(1.1227057 -0.0012339488 0)
(1.1223692 -0.001151363 0)
(1.1220552 -0.0010744151 0)
(1.1217622 -0.001002704 0)
(1.1214889 -0.00093586001 0)
(1.1212338 -0.00087354096 0)
(1.1209957 -0.00081542951 0)
(1.1207736 -0.00076123125 0)
(1.1205662 -0.00071067342 0)
(1.1203727 -0.00066350403 0)
(1.1201921 -0.00061949076 0)
(1.1200235 -0.00057841955 0)
(1.1198661 -0.00054009226 0)
(1.1197192 -0.0005043247 0)
(1.1195821 -0.00047094413 0)
(1.119454 -0.00043978835 0)
(1.1193345 -0.00041070464 0)
(1.1192229 -0.00038355117 0)
(1.1191187 -0.00035819627 0)
(1.1190214 -0.00033452012 0)
(1.1189306 -0.00031241168 0)
(1.1188458 -0.00029177015 0)
(1.1187666 -0.00027249863 0)
(1.1186926 -0.00025450833 0)
(1.1186235 -0.00023771042 0)
(1.1185591 -0.00022202634 0)
(1.1184988 -0.00020737532 0)
(1.1184426 -0.0001936933 0)
(1.1183901 -0.00018090838 0)
(1.118341 -0.00016897275 0)
(1.1182952 -0.00015781737 0)
(1.1182524 -0.00014741023 0)
(1.1182125 -0.00013767705 0)
(1.1181752 -0.00012860821 0)
(1.1181404 -0.00012011333 0)
(1.1181078 -0.00011221408 0)
(1.1180775 -0.00010478646 0)
(1.118049 -9.7917496e-05 0)
(1.1180226 -9.1422092e-05 0)
(1.1179976 -8.5474636e-05 0)
(1.1179747 -7.9742496e-05 0)
(1.1179529 -7.4588493e-05 0)
(1.1179331 -6.9476204e-05 0)
(1.1179139 -6.5127568e-05 0)
(1.1178965 -6.0537668e-05 0)
(1.1178799 -5.7013431e-05 0)
(1.1178644 -5.2685637e-05 0)
(1.117851 -5.0018764e-05 0)
(1.1178357 -4.5647159e-05 0)
(1.117827 -4.4072656e-05 0)
(1.1178088 -3.9590543e-05 0)
(1.0019381 -0.052732953 0)
(1.0365395 -0.10225274 0)
(1.0602516 -0.11315449 0)
(1.0635369 -0.1090466 0)
(1.0522935 -0.099516705 0)
(1.0346516 -0.087114674 0)
(1.0147897 -0.073373125 0)
(0.99415463 -0.059906706 0)
(0.97358849 -0.047880415 0)
(0.95388174 -0.037787615 0)
(0.93564763 -0.029665823 0)
(0.91918057 -0.02332968 0)
(0.90451503 -0.018503101 0)
(0.89154102 -0.014887717 0)
(0.88008798 -0.012203272 0)
(0.86996961 -0.010210174 0)
(0.86100573 -0.0087174145 0)
(0.85303279 -0.0075805257 0)
(0.84590822 -0.0066945201 0)
(0.83951094 -0.0059853881 0)
(0.8337398 -0.0054021117 0)
(0.82851093 -0.0049100425 0)
(0.82375499 -0.0044858269 0)
(0.81941448 -0.0041137192 0)
(0.81544148 -0.0037830019 0)
(0.81179572 -0.0034862327 0)
(0.80844305 -0.0032180829 0)
(0.80535423 -0.0029745873 0)
(0.80250401 -0.002752671 0)
(0.79987035 -0.0025498558 0)
(0.79743393 -0.0023640806 0)
(0.79517764 -0.0021935899 0)
(0.79308626 -0.0020368637 0)
(0.79114619 -0.0018925721 0)
(0.7893452 -0.0017595426 0)
(0.78767226 -0.0016367374 0)
(0.7861174 -0.0015232343 0)
(0.78467155 -0.0014182122 0)
(0.78332647 -0.0013209381 0)
(0.78207464 -0.0012307562 0)
(0.78090916 -0.0011470789 0)
(0.77982372 -0.001069378 0)
(0.77881255 -0.00099717767 0)
(0.77787031 -0.00093004808 0)
(0.7769921 -0.00086759937 0)
(0.77617339 -0.00080947701 0)
(0.77541002 -0.0007553577 0)
(0.77469811 -0.00070494604 0)
(0.7740341 -0.00065797185 0)
(0.77341468 -0.00061418768 0)
(0.77283678 -0.00057336659 0)
(0.77229757 -0.0005352999 0)
(0.77179439 -0.00049979512 0)
(0.7713248 -0.00046667409 0)
(0.77088652 -0.00043577159 0)
(0.77047743 -0.00040693422 0)
(0.77009557 -0.00038001985 0)
(0.76973909 -0.00035489692 0)
(0.76940629 -0.00033144394 0)
(0.76909559 -0.00030954862 0)
(0.7688055 -0.00028910698 0)
(0.76853464 -0.00027002212 0)
(0.76828174 -0.00025220338 0)
(0.76804558 -0.00023556549 0)
(0.76782506 -0.0002200286 0)
(0.76761914 -0.00020551802 0)
(0.76742684 -0.00019196492 0)
(0.76724726 -0.00017930553 0)
(0.76707955 -0.00016748167 0)
(0.76692292 -0.0001564387 0)
(0.76677665 -0.00014612629 0)
(0.76664004 -0.00013649554 0)
(0.76651245 -0.00012750173 0)
(0.7663933 -0.00011910048 0)
(0.766282 -0.00011125343 0)
(0.76617806 -0.00010392137 0)
(0.76608097 -9.7073521e-05 0)
(0.7659903 -9.0674546e-05 0)
(0.7659056 -8.4700493e-05 0)
(0.7658265 -7.9116396e-05 0)
(0.76575261 -7.3905727e-05 0)
(0.76568361 -6.9031801e-05 0)
(0.76561914 -6.4488824e-05 0)
(0.76555896 -6.0232817e-05 0)
(0.76550269 -5.6272581e-05 0)
(0.76545021 -5.2553029e-05 0)
(0.76540109 -4.9110886e-05 0)
(0.76535531 -4.5861752e-05 0)
(0.76531243 -4.286792e-05 0)
(0.76527254 -3.9998147e-05 0)
(0.76523513 -3.7392798e-05 0)
(0.76520031 -3.4869876e-05 0)
(0.76516767 -3.2656859e-05 0)
(0.76513714 -3.0434154e-05 0)
(0.76510903 -2.8549612e-05 0)
(0.76508178 -2.653553e-05 0)
(0.76505852 -2.4974141e-05 0)
(0.76503226 -2.3174861e-05 0)
(0.76501645 -2.2113178e-05 0)
(0.76498456 -2.0697781e-05 0)
(0.92074242 -0.03382768 0)
(0.8635379 -0.056684191 0)
(0.78799127 -0.052753994 0)
(0.69766161 -0.041237061 0)
(0.61471542 -0.03020314 0)
(0.54875554 -0.020988077 0)
(0.49827309 -0.013660659 0)
(0.45949312 -0.0082997554 0)
(0.42978721 -0.004735884 0)
(0.4072852 -0.002532184 0)
(0.39034402 -0.0012497964 0)
(0.37751559 -0.00056180321 0)
(0.36764107 -0.00024261445 0)
(0.35985945 -0.00013663727 0)
(0.35355677 -0.00013976107 0)
(0.34830594 -0.00018761025 0)
(0.34381545 -0.00024452967 0)
(0.33988918 -0.00029351226 0)
(0.33639623 -0.00032844042 0)
(0.33324896 -0.0003488836 0)
(0.33038779 -0.00035693711 0)
(0.32777097 -0.0003554667 0)
(0.32536797 -0.00034724096 0)
(0.32315538 -0.00033457898 0)
(0.32111429 -0.00031926781 0)
(0.31922887 -0.00030260412 0)
(0.31748536 -0.00028548173 0)
(0.31587163 -0.00026848664 0)
(0.31437679 -0.00025198207 0)
(0.31299103 -0.00023617703 0)
(0.31170546 -0.00022117803 0)
(0.31051204 -0.00020702591 0)
(0.30940345 -0.0001937212 0)
(0.30837305 -0.00018124081 0)
(0.3074148 -0.00016954886 0)
(0.30652319 -0.00015860335 0)
(0.30569321 -0.0001483603 0)
(0.30492028 -0.00013877601 0)
(0.30420021 -0.00012980842 0)
(0.30352916 -0.00012141773 0)
(0.30290362 -0.00011356658 0)
(0.30232035 -0.00010622014 0)
(0.30177636 -9.9345872e-05 0)
(0.30126891 -9.2913408e-05 0)
(0.30079546 -8.6894325e-05 0)
(0.30035366 -8.1262009e-05 0)
(0.29994133 -7.5991573e-05 0)
(0.29955648 -7.10598e-05 0)
(0.29919722 -6.6445091e-05 0)
(0.29886182 -6.2127345e-05 0)
(0.29854869 -5.8087815e-05 0)
(0.2982563 -5.4308919e-05 0)
(0.29798328 -5.0774079e-05 0)
(0.29772833 -4.7467641e-05 0)
(0.29749024 -4.4374849e-05 0)
(0.29726789 -4.1481854e-05 0)
(0.29706022 -3.8775766e-05 0)
(0.29686627 -3.6244622e-05 0)
(0.29668512 -3.3877375e-05 0)
(0.29651592 -3.1663745e-05 0)
(0.29635789 -2.9594093e-05 0)
(0.29621028 -2.7659238e-05 0)
(0.2960724 -2.5850433e-05 0)
(0.29594361 -2.4159314e-05 0)
(0.29582331 -2.2578062e-05 0)
(0.29571094 -2.1099391e-05 0)
(0.29560597 -1.9716776e-05 0)
(0.29550792 -1.8424129e-05 0)
(0.29541633 -1.721597e-05 0)
(0.29533078 -1.6086892e-05 0)
(0.29525086 -1.5031954e-05 0)
(0.29517621 -1.4045997e-05 0)
(0.29510647 -1.3124632e-05 0)
(0.29504133 -1.2263143e-05 0)
(0.29498048 -1.1458136e-05 0)
(0.29492364 -1.0705371e-05 0)
(0.29487054 -1.0002454e-05 0)
(0.29482094 -9.3449707e-06 0)
(0.29477461 -8.7314282e-06 0)
(0.29473133 -8.15676e-06 0)
(0.29469089 -7.6211973e-06 0)
(0.29465313 -7.1187939e-06 0)
(0.29461785 -6.6521424e-06 0)
(0.2945849 -6.2124772e-06 0)
(0.29455411 -5.8061441e-06 0)
(0.29452537 -5.4217212e-06 0)
(0.29449849 -5.0719531e-06 0)
(0.29447341 -4.7351467e-06 0)
(0.29444995 -4.4278232e-06 0)
(0.29442809 -4.1220981e-06 0)
(0.29440761 -3.8570277e-06 0)
(0.29438852 -3.59819e-06 0)
(0.29437066 -3.3802472e-06 0)
(0.29435397 -3.1529951e-06 0)
(0.29433846 -2.9410694e-06 0)
(0.29432375 -2.7698469e-06 0)
(0.29431047 -2.5463971e-06 0)
(0.29429688 -2.5921776e-06 0)
(0.29428638 -2.0698343e-06 0)
(0.29426901 -2.9335238e-06 0)
)
;

boundaryField
{
    top
    {
        type            fixedValue;
        value           uniform (0 0 0);
    }
    bottom
    {
        type            fixedValue;
        value           uniform (0 0 0);
    }
    inlet
    {
        type            fixedValue;
        value           uniform (1 0 0);
    }
    outlet
    {
        type            zeroGradient;
    }
    front
    {
        type            empty;
    }
    back
    {
        type            empty;
    }
}


// ************************************************************************* //
