/*--------------------------------*- C++ -*----------------------------------*\
  =========                 |
  \\      /  F ield         | OpenFOAM: The Open Source CFD Toolbox
   \\    /   O peration     | Website:  https://openfoam.org
    \\  /    A nd           | Version:  13
     \\/     M anipulation  |
\*---------------------------------------------------------------------------*/
FoamFile
{
    format      ascii;
    class       volScalarField;
    location    "5";
    object      p;
}
// * * * * * * * * * * * * * * * * * * * * * * * * * * * * * * * * * * * * * //

dimensions      [0 2 -2 0 0 0 0];

internalField   nonuniform List<scalar> 
1000
(
1.6829821
1.5629838
1.4671092
1.4032416
1.3546449
1.3120481
1.2742172
1.2415066
1.2133986
1.18881
1.166723
1.1463757
1.1272376
1.1089519
1.0912875
1.0740995
1.0572999
1.040835
1.0246711
1.0087852
0.99315973
0.97777987
0.96263181
0.94770234
0.93297862
0.91844819
0.90409904
0.8899197
0.87589936
0.86202783
0.84829567
0.83469411
0.82121511
0.80785128
0.79459586
0.7814427
0.76838615
0.75542104
0.74254255
0.72974619
0.71702768
0.70438288
0.69180774
0.6792982
0.6668502
0.65445963
0.64212232
0.62983405
0.61759058
0.60538767
0.59322114
0.58108693
0.56898111
0.55689997
0.54484006
0.53279818
0.52077145
0.50875729
0.49675344
0.48475793
0.47276911
0.46078557
0.44880614
0.43682989
0.42485606
0.41288404
0.40091337
0.38894369
0.37697472
0.36500626
0.35303816
0.34107031
0.32910263
0.31713507
0.30516759
0.29320016
0.28123276
0.26926539
0.25729802
0.24533067
0.23336332
0.22139598
0.20942864
0.1974613
0.18549396
0.17352662
0.16155928
0.14959194
0.1376246
0.12565726
0.11368992
0.10172259
0.089755249
0.077787913
0.065820578
0.053853248
0.04188592
0.029918578
0.017951189
0.0059837364
1.5612419
1.5064989
1.4453388
1.3935097
1.3504874
1.3121907
1.2771887
1.2457025
1.2177705
1.1928712
1.1702717
1.1493443
1.1296411
1.1108572
1.0927834
1.0752747
1.0582312
1.0415839
1.0252843
1.0092973
0.99359561
0.97815723
0.96296324
0.94799683
0.93324265
0.91868653
0.90431527
0.89011659
0.87607909
0.86219218
0.8484461
0.83483183
0.82134114
0.80796647
0.79470094
0.78153829
0.76847279
0.75549919
0.74261267
0.72980869
0.71708297
0.70443139
0.69184989
0.67933445
0.66688103
0.65448553
0.64214377
0.62985156
0.61760462
0.60539872
0.59322965
0.58109332
0.56898578
0.55690327
0.54484228
0.53279959
0.52077226
0.50875768
0.49675354
0.48475786
0.47276893
0.46078534
0.4488059
0.43682966
0.42485585
0.41288386
0.40091322
0.38894357
0.37697463
0.36500619
0.35303811
0.34107027
0.32910261
0.31713505
0.30516758
0.29320015
0.28123276
0.26926538
0.25729802
0.24533067
0.23336332
0.22139598
0.20942864
0.1974613
0.18549396
0.17352662
0.16155928
0.14959194
0.1376246
0.12565726
0.11368992
0.10172259
0.089755248
0.077787913
0.065820579
0.053853255
0.041885934
0.0299186
0.017951215
0.0059837503
1.4997264
1.4733697
1.4352142
1.3945139
1.3559718
1.3199741
1.2861576
1.2547064
1.2259062
1.1997083
1.175765
1.1536421
1.1329533
1.113393
1.094727
1.0767772
1.0594102
1.0425273
1.0260557
1.0099418
0.99414471
0.97863299
0.96338112
0.94836779
0.93357463
0.91898541
0.90458556
0.89036186
0.87630224
0.86239564
0.84863191
0.83500175
0.82149667
0.80810891
0.79483141
0.78165774
0.76858205
0.75559896
0.74270355
0.72989121
0.71715761
0.70449856
0.69191002
0.67938793
0.66692825
0.6545269
0.64217973
0.62988252
0.61763103
0.60542103
0.59324831
0.58110875
0.5689984
0.55691347
0.54485043
0.53280603
0.52077728
0.50876154
0.49675648
0.48476006
0.47277056
0.46078653
0.44880676
0.43683027
0.42485628
0.41288415
0.40091342
0.3889437
0.37697471
0.36500624
0.35303814
0.34107029
0.32910262
0.31713506
0.30516758
0.29320015
0.28123276
0.26926538
0.25729802
0.24533067
0.23336332
0.22139598
0.20942864
0.1974613
0.18549396
0.17352662
0.16155928
0.14959194
0.1376246
0.12565726
0.11368992
0.10172259
0.089755248
0.077787914
0.065820583
0.053853265
0.041885949
0.029918628
0.017951241
0.0059837536
1.4707104
1.4548647
1.4282116
1.3948515
1.3596116
1.3251014
1.2921126
1.2609371
1.2318463
1.2049765
1.1802279
1.1573307
1.1359635
1.1158325
1.0966978
1.0783715
1.0607079
1.0435941
1.0269435
1.0106903
0.99478394
0.97918544
0.96386368
0.9487932
0.93395258
0.91932338
0.90488942
0.89063629
0.87655105
0.86262198
0.84883843
0.83519072
0.82167004
0.80826835
0.79497836
0.78179344
0.76870756
0.75571518
0.74281122
0.72999095
0.71724992
0.70458385
0.69198861
0.67946009
0.66699423
0.65458691
0.64223397
0.62993122
0.61767443
0.6054594
0.59328193
0.58113795
0.56902352
0.55693487
0.54486848
0.53282108
0.52078971
0.50877169
0.49676468
0.48476661
0.47277573
0.46079057
0.44880988
0.43683265
0.42485807
0.4128855
0.40091441
0.38894442
0.37697523
0.36500661
0.3530384
0.34107047
0.32910274
0.31713514
0.30516764
0.29320019
0.28123278
0.2692654
0.25729803
0.24533067
0.23336333
0.22139598
0.20942864
0.1974613
0.18549396
0.17352662
0.16155928
0.14959194
0.1376246
0.12565726
0.11368992
0.10172259
0.089755249
0.077787917
0.065820587
0.053853276
0.041885966
0.029918653
0.017951266
0.0059837579
1.4581628
1.4459207
1.4238475
1.3940437
1.3606806
1.3270499
1.2945934
1.2637332
1.2346845
1.2076221
1.1825641
1.159337
1.1376629
1.1172598
1.0978899
1.0793658
1.0615398
1.0442952
1.0275401
1.0112032
0.99522946
0.97957612
0.9642092
0.94910104
0.93422858
0.91957212
0.90511456
0.89084081
0.87673744
0.86279233
0.84899454
0.83533414
0.82180214
0.80839033
0.79509129
0.78189824
0.76880503
0.755806
0.74289598
0.73007011
0.71732386
0.70465286
0.6920529
0.67951984
0.66704954
0.65463786
0.64228065
0.62997371
0.61771283
0.60549381
0.59331251
0.58116487
0.56904699
0.55695512
0.54488577
0.53283569
0.52080192
0.50878178
0.49677291
0.48477326
0.47278104
0.46079475
0.44881314
0.43683516
0.42485998
0.41288693
0.40091547
0.3889452
0.3769758
0.36500702
0.35303869
0.34107067
0.32910288
0.31713524
0.3051677
0.29320023
0.28123281
0.26926541
0.25729804
0.24533068
0.23336333
0.22139598
0.20942864
0.1974613
0.18549396
0.17352662
0.16155928
0.14959194
0.1376246
0.12565726
0.11368992
0.10172259
0.08975525
0.07778792
0.065820591
0.053853284
0.041885978
0.029918669
0.017951282
0.0059837606
1.4581628
1.4459207
1.4238475
1.3940437
1.3606806
1.3270499
1.2945934
1.2637332
1.2346845
1.2076221
1.1825641
1.159337
1.1376629
1.1172598
1.0978899
1.0793658
1.0615398
1.0442952
1.0275401
1.0112032
0.99522946
0.97957612
0.9642092
0.94910105
0.93422858
0.91957212
0.90511456
0.89084082
0.87673744
0.86279233
0.84899454
0.83533415
0.82180214
0.80839034
0.79509129
0.78189825
0.76880503
0.75580601
0.74289598
0.73007012
0.71732386
0.70465286
0.69205291
0.67951984
0.66704954
0.65463787
0.64228066
0.62997371
0.61771283
0.60549381
0.59331251
0.58116487
0.56904698
0.55695512
0.54488577
0.53283568
0.52080191
0.50878177
0.4967729
0.48477325
0.47278103
0.46079474
0.44881313
0.43683515
0.42485997
0.41288692
0.40091547
0.3889452
0.37697579
0.36500701
0.35303868
0.34107067
0.32910287
0.31713523
0.30516769
0.29320023
0.2812328
0.26926541
0.25729804
0.24533068
0.23336333
0.22139598
0.20942864
0.1974613
0.18549396
0.17352662
0.16155928
0.14959194
0.1376246
0.12565726
0.11368992
0.10172259
0.089755251
0.077787921
0.065820593
0.053853285
0.041885979
0.02991867
0.017951279
0.0059837584
1.4707104
1.4548647
1.4282116
1.3948515
1.3596116
1.3251014
1.2921126
1.2609371
1.2318463
1.2049765
1.1802279
1.1573307
1.1359635
1.1158325
1.0966978
1.0783716
1.0607079
1.0435941
1.0269435
1.0106903
0.99478394
0.97918544
0.96386368
0.9487932
0.93395259
0.91932339
0.90488942
0.8906363
0.87655106
0.86262199
0.84883844
0.83519074
0.82167005
0.80826836
0.79497837
0.78179345
0.76870757
0.75571519
0.74281123
0.72999097
0.71724993
0.70458386
0.69198862
0.6794601
0.66699424
0.65458691
0.64223397
0.62993122
0.61767444
0.60545939
0.59328193
0.58113794
0.5690235
0.55693485
0.54486846
0.53282106
0.52078968
0.50877167
0.49676465
0.48476658
0.47277571
0.46079054
0.44880985
0.43683263
0.42485805
0.41288548
0.40091439
0.3889444
0.37697521
0.3650066
0.35303839
0.34107046
0.32910273
0.31713514
0.30516763
0.29320018
0.28123277
0.26926539
0.25729803
0.24533067
0.23336332
0.22139598
0.20942864
0.19746129
0.18549395
0.17352661
0.16155927
0.14959194
0.1376246
0.12565726
0.11368992
0.10172259
0.089755252
0.077787922
0.065820592
0.053853283
0.041885972
0.029918652
0.01795126
0.0059837539
1.4997264
1.4733697
1.4352142
1.3945139
1.3559718
1.3199741
1.2861576
1.2547064
1.2259062
1.1997083
1.175765
1.1536421
1.1329533
1.113393
1.094727
1.0767772
1.0594102
1.0425273
1.0260557
1.0099418
0.99414471
0.97863299
0.96338113
0.9483678
0.93357464
0.91898542
0.90458557
0.89036187
0.87630226
0.86239566
0.84863192
0.83500177
0.82149669
0.80810893
0.79483144
0.78165777
0.76858207
0.75559898
0.74270357
0.72989123
0.71715763
0.70449858
0.69191004
0.67938795
0.66692827
0.65452692
0.64217974
0.62988253
0.61763104
0.60542103
0.5932483
0.58110873
0.56899837
0.55691344
0.5448504
0.53280599
0.52077724
0.5087615
0.49675643
0.48476001
0.47277052
0.46078649
0.44880672
0.43683023
0.42485624
0.41288412
0.40091339
0.38894368
0.37697469
0.36500622
0.35303812
0.34107028
0.3291026
0.31713505
0.30516757
0.29320014
0.28123275
0.26926538
0.25729802
0.24533066
0.23336332
0.22139598
0.20942863
0.19746129
0.18549395
0.17352661
0.16155928
0.14959194
0.1376246
0.12565726
0.11368992
0.10172259
0.089755254
0.077787921
0.065820591
0.053853274
0.041885956
0.029918627
0.017951233
0.0059837476
1.5612419
1.5064989
1.4453388
1.3935097
1.3504874
1.3121907
1.2771887
1.2457025
1.2177705
1.1928712
1.1702717
1.1493443
1.1296411
1.1108572
1.0927834
1.0752747
1.0582312
1.0415839
1.0252843
1.0092973
0.99359561
0.97815723
0.96296325
0.94799684
0.93324266
0.91868654
0.90431528
0.89011661
0.87607911
0.8621922
0.84844612
0.83483186
0.82134116
0.80796649
0.79470097
0.78153832
0.76847281
0.75549922
0.7426127
0.72980872
0.717083
0.70443141
0.69184991
0.67933448
0.66688105
0.65448554
0.64214379
0.62985156
0.61760462
0.60539871
0.59322964
0.5810933
0.56898575
0.55690323
0.54484224
0.53279954
0.52077221
0.50875763
0.49675349
0.4847578
0.47276888
0.46078529
0.44880585
0.43682962
0.42485581
0.41288383
0.40091319
0.38894354
0.3769746
0.36500617
0.35303809
0.34107025
0.32910259
0.31713504
0.30516756
0.29320014
0.28123275
0.26926537
0.25729802
0.24533066
0.23336332
0.22139598
0.20942863
0.19746129
0.18549395
0.17352661
0.16155928
0.14959194
0.1376246
0.12565726
0.11368993
0.10172259
0.089755255
0.07778792
0.065820588
0.053853266
0.041885943
0.029918599
0.017951205
0.0059837421
1.6829821
1.5629838
1.4671092
1.4032416
1.3546449
1.3120481
1.2742172
1.2415066
1.2133986
1.18881
1.166723
1.1463757
1.1272376
1.108952
1.0912875
1.0740995
1.0572999
1.040835
1.0246711
1.0087852
0.99315974
0.97777987
0.96263181
0.94770234
0.93297863
0.9184482
0.90409905
0.88991972
0.87589938
0.86202785
0.84829569
0.83469414
0.82121514
0.80785131
0.79459589
0.78144273
0.76838619
0.75542107
0.74254258
0.72974622
0.71702771
0.70438291
0.69180777
0.67929822
0.66685022
0.65445965
0.64212233
0.62983405
0.61759057
0.60538766
0.59322112
0.5810869
0.56898107
0.55689993
0.54484001
0.53279812
0.52077139
0.50875723
0.49675337
0.48475787
0.47276905
0.46078551
0.44880609
0.43682984
0.42485601
0.412884
0.40091333
0.38894365
0.37697469
0.36500623
0.35303814
0.34107029
0.32910262
0.31713506
0.30516758
0.29320015
0.28123275
0.26926538
0.25729802
0.24533067
0.23336332
0.22139598
0.20942863
0.19746129
0.18549395
0.17352661
0.16155928
0.14959194
0.1376246
0.12565726
0.11368993
0.10172259
0.089755255
0.077787921
0.065820588
0.053853259
0.041885924
0.029918567
0.017951174
0.0059837298
)
;

boundaryField
{
    top
    {
        type            zeroGradient;
    }
    bottom
    {
        type            zeroGradient;
    }
    inlet
    {
        type            zeroGradient;
    }
    outlet
    {
        type            fixedValue;
        value           uniform 0;
    }
    front
    {
        type            empty;
    }
    back
    {
        type            empty;
    }
}


// ************************************************************************* //
