/*--------------------------------*- C++ -*----------------------------------*\
  =========                 |
  \\      /  F ield         | OpenFOAM: The Open Source CFD Toolbox
   \\    /   O peration     | Website:  https://openfoam.org
    \\  /    A nd           | Version:  13
     \\/     M anipulation  |
\*---------------------------------------------------------------------------*/
FoamFile
{
    format      ascii;
    class       surfaceScalarField;
    location    "5";
    object      phi;
}
// * * * * * * * * * * * * * * * * * * * * * * * * * * * * * * * * * * * * * //

dimensions      [0 3 -1 0 0 0 0];

internalField   nonuniform List<scalar> 
1890
(
0.0093140727
0.00068592734
0.0082963401
0.0010177326
0.0073480839
0.00094825624
0.0065167791
0.00083130473
0.0058112103
0.00070556884
0.0052369128
0.00057429752
0.0047862485
0.00045066423
0.0044410122
0.00034523636
0.0041802973
0.00026071483
0.0039843514
0.00019594598
0.0038366535
0.00014769786
0.0037240036
0.00011264991
0.0036363481
8.7655438e-05
0.0035663597
6.9988448e-05
0.0035088745
5.7485184e-05
0.003460341
4.8533555e-05
0.0034183573
4.1983683e-05
0.003381316
3.7041276e-05
0.0033481435
3.3172528e-05
0.0033181159
3.0027592e-05
0.003290734
2.7381939e-05
0.0032656406
2.5093412e-05
0.0032425683
2.3072302e-05
0.0032213068
2.1261446e-05
0.0032016834
1.9623449e-05
0.0031835507
1.8132701e-05
0.0031667802
1.6770521e-05
0.0031512579
1.5522287e-05
0.0031368821
1.4375798e-05
0.0031235617
1.3320369e-05
0.0031112154
1.234634e-05
0.0030997706
1.1444829e-05
0.0030891629
1.0607618e-05
0.0030793358
9.8271279e-06
0.0030702393
9.0964312e-06
0.0030618299
8.40931e-06
0.0030540696
7.7603067e-06
0.0030469247
7.1448006e-06
0.0030403656
6.5590395e-06
0.0030343653
6.0001844e-06
0.0030288989
5.4662701e-06
0.0030239427
4.9561881e-06
0.003019473
4.4695603e-06
0.0030154663
4.0066505e-06
0.0030118981
3.5681712e-06
0.0030087429
3.1551551e-06
0.0030059742
2.7687282e-06
0.0030035642
2.409979e-06
0.0030014845
2.0798378e-06
0.0029997056
1.7789402e-06
0.0029981982
1.5074811e-06
0.0029969332
1.2652078e-06
0.0029958819
1.0513889e-06
0.0029950172
8.6485828e-07
0.0029943132
7.040528e-07
0.0029937463
5.6709483e-07
0.0029932945
4.5187358e-07
0.0029929385
3.5613719e-07
0.002992661
2.775845e-07
0.0029924471
2.1393789e-07
0.0029922842
1.6302227e-07
0.0029921614
1.2280323e-07
0.00299207
9.1440989e-08
0.0029920027
6.7291843e-08
0.0029919538
4.8938797e-08
0.0029919186
3.5164248e-08
0.0029918937
2.496405e-08
0.0029918761
1.7502753e-08
0.002991864
1.2121207e-08
0.0029918557
8.2851174e-09
0.0029918501
5.5925e-09
0.0029918464
3.7222194e-09
0.0029918439
2.4464186e-09
0.0029918423
1.5826856e-09
0.0029918413
1.0120453e-09
0.0029918406
6.3476108e-10
0.0029918402
3.9491019e-10
0.00299184
2.389317e-10
0.0029918398
1.4548215e-10
0.0029918398
8.40816e-11
0.0029918397
5.1361811e-11
0.0029918397
2.7455996e-11
0.0029918397
1.8830089e-11
0.0029918396
8.5296613e-12
0.0029918396
9.0862833e-12
0.0029918396
2.8965064e-12
0.0029918396
7.6330013e-12
0.0029918396
2.0894865e-12
0.0029918396
9.5078507e-12
0.0029918396
3.6403687e-12
0.0029918396
1.5278466e-11
0.0029918396
8.7845814e-12
0.0029918396
2.2552579e-11
0.0029918395
1.0318045e-11
0.0029918394
2.4822638e-12
0.0029918394
-9.1160712e-11
0.0029918397
-2.857372e-10
0.0029918407
-5.1779439e-10
0.002991842
-8.2725078e-10
-3.348875e-11
0.010341662
0.00034426525
0.010578184
0.00078121018
0.010615671
0.00091076958
0.010553945
0.00089303089
0.010425822
0.00083369227
0.010248587
0.00075153206
0.010044962
0.00065428925
0.0098354605
0.00055473791
0.0096327829
0.00046339243
0.009443731
0.00038499782
0.0092713469
0.00032008194
0.0091165746
0.00026742229
0.0089789739
0.00022525606
0.0088572416
0.00019172083
0.0087496653
0.0001650614
0.0086544484
0.00014375047
0.0085698942
0.00012653794
0.0084944905
0.00011244492
0.0084269349
0.00010072812
0.008366128
9.0834502e-05
0.0083111529
8.2357113e-05
0.0082612489
7.4997405e-05
0.0082157856
6.8535573e-05
0.0081742387
6.2808316e-05
0.0081361696
5.7692592e-05
0.0081012084
5.3093936e-05
0.0080690408
4.8938165e-05
0.0080393975
4.5165591e-05
0.0080120463
4.1727015e-05
0.0079867857
3.8580966e-05
0.0079634402
3.5691794e-05
0.0079418567
3.3028355e-05
0.0079219012
3.0563139e-05
0.0079034566
2.8271704e-05
0.0078864207
2.6132365e-05
0.007870704
2.4126024e-05
0.0078562281
2.2236145e-05
0.0078429241
2.0448756e-05
0.0078307306
1.8752511e-05
0.0078195921
1.7138645e-05
0.0078094573
1.560095e-05
0.0078002778
1.4135574e-05
0.0077920065
1.2740812e-05
0.0077845964
1.141671e-05
0.0077779998
1.0164694e-05
0.0077721679
8.9870587e-06
0.00776705
7.886532e-06
0.0077625942
6.8657658e-06
0.0077587471
5.9269726e-06
0.0077554545
5.0715384e-06
0.0077526623
4.2997946e-06
0.0077503167
3.610853e-06
0.0077483656
3.0025765e-06
0.0077467589
2.4716234e-06
0.0077454495
2.0135787e-06
0.0077443935
1.6231537e-06
0.0077435511
1.2944062e-06
0.0077428863
1.0210059e-06
0.0077423675
7.9645812e-07
0.0077419671
6.1435097e-07
0.0077416617
4.6851915e-07
0.0077414313
3.5322193e-07
0.0077412595
2.6321827e-07
0.007741133
1.938609e-07
0.0077410408
1.4109061e-07
0.0077409745
1.0146138e-07
0.0077409274
7.2078036e-08
0.0077408943
5.0578672e-08
0.0077408713
3.5047051e-08
0.0077408556
2.3978972e-08
0.007740845
1.6191532e-08
0.0077408379
1.0790203e-08
0.0077408333
7.0907279e-09
0.0077408302
4.5960238e-09
0.0077408283
2.934521e-09
0.0077408271
1.8469622e-09
0.0077408263
1.1433835e-09
0.0077408259
6.9729095e-10
0.0077408256
4.1819463e-10
0.0077408254
2.4679604e-10
0.0077408253
1.4411194e-10
0.0077408253
8.2130136e-11
0.0077408252
4.8925671e-11
0.0077408252
2.7087013e-11
0.0077408252
1.9897191e-11
0.0077408252
1.0802295e-11
0.0077408252
1.4241438e-11
0.0077408252
7.8016201e-12
0.0077408252
1.5951288e-11
0.0077408252
1.0206775e-11
0.0077408251
2.2155081e-11
0.0077408251
1.5937846e-11
0.0077408251
1.5160642e-11
0.0077408251
2.1726464e-12
0.0077408251
-4.4198006e-11
0.0077408249
-1.0505229e-10
0.0077408251
-3.8657124e-10
0.0077408258
-7.9046113e-10
0.0077408268
-1.2349803e-09
-1.6414674e-10
0.010181464
0.00016280099
0.010521798
0.00044087646
0.010842482
0.0005900857
0.011112769
0.00062274376
0.01133602
0.00061044157
0.011508579
0.00057897243
0.011630744
0.00053212456
0.011709907
0.00047557505
0.011755697
0.00041760203
0.011776644
0.00036405116
0.011779503
0.00031722334
0.011769652
0.00027727312
0.01175133
0.00024357797
0.011727726
0.00021532447
0.011701127
0.0001916605
0.011673116
0.00017176123
0.011644765
0.00015488889
0.011616781
0.0001404289
0.011589615
0.00012789457
0.011563538
0.00011691095
0.011538703
0.00010719212
0.011515181
9.8519996e-05
0.011492989
9.0727151e-05
0.011472114
8.3683764e-05
0.011452519
7.7287676e-05
0.011434156
7.1456957e-05
0.01141697
6.612445e-05
0.011400901
6.1233845e-05
0.011385891
5.6736919e-05
0.011371881
5.2591588e-05
0.011358812
4.8760532e-05
0.01134663
4.5210227e-05
0.011335283
4.191031e-05
0.011324722
3.8833172e-05
0.0113149
3.595376e-05
0.011305777
3.3249501e-05
0.011297312
3.0700354e-05
0.011289472
2.8288919e-05
0.011282224
2.6000568e-05
0.011275539
2.3823552e-05
0.011269391
2.174902e-05
0.011263756
1.9770967e-05
0.01125861
1.7886025e-05
0.011253934
1.6093183e-05
0.011249705
1.4393337e-05
0.011245903
1.2788819e-05
0.011242507
1.1282803e-05
0.011239494
9.8787616e-06
0.011236841
8.5798886e-06
0.011234524
7.3886432e-06
0.011232517
6.3063254e-06
0.011230795
5.332824e-06
0.011229331
4.4664459e-06
0.011228099
3.7039097e-06
0.011227072
3.0404284e-06
0.011226226
2.4699061e-06
0.011225535
1.9851992e-06
0.011224978
1.5784173e-06
0.011224533
1.2412515e-06
0.011224182
9.6527153e-07
0.011223909
7.4221771e-07
0.011223698
5.6421631e-07
0.011223537
4.2397641e-07
0.011223416
3.1489178e-07
0.011223326
2.3113054e-07
0.01122326
1.676347e-07
0.011223212
1.2012487e-07
0.011223177
8.5031223e-08
0.011223153
5.9449675e-08
0.011223136
4.1041378e-08
0.011223124
2.7973589e-08
0.011223116
1.881614e-08
0.01122311
1.2489817e-08
0.011223107
8.1749058e-09
0.011223104
5.277715e-09
0.011223103
3.3553997e-09
0.011223102
2.1040477e-09
0.011223101
1.2962534e-09
0.011223101
7.894187e-10
0.011223101
4.69706e-10
0.0112231
2.7958158e-10
0.0112231
1.5987395e-10
0.0112231
9.6597276e-11
0.0112231
5.2696681e-11
0.0112231
3.7670749e-11
0.0112231
1.9771409e-11
0.0112231
2.2631386e-11
0.0112231
1.1915579e-11
0.0112231
2.0798244e-11
0.0112231
1.3231936e-11
0.0112231
2.0993658e-11
0.0112231
1.4530206e-11
0.0112231
-1.4253821e-13
0.0112231
-4.1889359e-12
0.0112231
-6.9155971e-11
0.0112231
-1.1454736e-10
0.0112231
-4.323978e-10
0.011223101
-6.9921928e-10
0.011223101
-1.069839e-09
-2.1372398e-10
0.010094914
6.7887459e-05
0.010340233
0.00019555688
0.01065185
0.00027846872
0.010969203
0.00030539076
0.011273712
0.00030593222
0.01155641
0.00029627537
0.011809194
0.00027934031
0.012028326
0.00025644282
0.012214936
0.00023099236
0.012372692
0.00020629509
0.012505835
0.00018407963
0.012618427
0.00016468112
0.0127141
0.00014790535
0.012795955
0.00013346917
0.012866552
0.00012106355
0.012927948
0.00011036599
0.012981769
0.00010106787
0.013029296
9.2901868e-05
0.013071537
8.5653157e-05
0.013109292
7.91559e-05
0.0131432
7.3283724e-05
0.01317378
6.794018e-05
0.013201456
6.3051117e-05
0.013226581
5.8558876e-05
0.013249451
5.4417851e-05
0.013270317
5.0591114e-05
0.013289393
4.7047907e-05
0.013306865
4.3761878e-05
0.013322893
4.0709845e-05
0.013337613
3.7870973e-05
0.013351147
3.5226197e-05
0.0133636
3.2757855e-05
0.013375061
3.0449454e-05
0.013385608
2.828557e-05
0.01339531
2.6251821e-05
0.013404225
2.4334915e-05
0.013412403
2.252276e-05
0.013419887
2.0804588e-05
0.013426716
1.9171125e-05
0.013432925
1.7614689e-05
0.013438545
1.6129319e-05
0.013443605
1.4710748e-05
0.013448134
1.3356417e-05
0.013452162
1.2065271e-05
0.013455718
1.0837631e-05
0.013458832
9.6748277e-06
0.013461536
8.5789584e-06
0.013463862
7.5524326e-06
0.013465844
6.5977036e-06
0.013467516
5.7168319e-06
0.013468911
4.9112781e-06
0.013470062
4.181587e-06
0.013471001
3.5273107e-06
0.013471759
2.946876e-06
0.013472361
2.4376515e-06
0.013472835
1.9959955e-06
0.013473203
1.6174319e-06
0.013473485
1.2968253e-06
0.013473697
1.0285982e-06
0.013473856
8.0695594e-07
0.013473972
6.2607471e-07
0.013474056
4.8031089e-07
0.013474115
3.643139e-07
0.013474157
2.7317957e-07
0.013474186
2.0247427e-07
0.013474205
1.4832599e-07
0.013474218
1.0737332e-07
0.013474226
7.6808002e-08
0.013474231
5.4275146e-08
0.013474234
3.7889844e-08
0.013474236
2.6116875e-08
0.013474237
1.778048e-08
0.013474238
1.194359e-08
0.013474238
7.9228591e-09
0.013474238
5.1797429e-09
0.013474238
3.3449887e-09
0.013474238
2.1251259e-09
0.013474238
1.3354845e-09
0.013474238
8.2318461e-10
0.013474238
5.0435335e-10
0.013474238
3.0200124e-10
0.013474238
1.8220089e-10
0.013474238
1.0756935e-10
0.013474238
6.6342639e-11
0.013474238
4.1705065e-11
0.013474238
2.8971792e-11
0.013474238
2.2314185e-11
0.013474238
1.8359568e-11
0.013474238
1.6664885e-11
0.013474238
1.5986693e-11
0.013474238
1.0351966e-11
0.013474238
1.048913e-11
0.013474238
-1.5051307e-11
0.013474238
-1.190575e-11
0.013474237
-7.8444786e-11
0.013474237
-9.197673e-11
0.013474237
-2.7766351e-10
0.013474237
-4.1087588e-10
0.013474238
-6.058131e-10
-1.492878e-10
0.010067887
1.1483969e-13
0.010263444
3.1527204e-13
0.010541913
5.7658954e-13
0.010847304
8.8551882e-13
0.011153236
1.2375676e-12
0.011449511
1.6873124e-12
0.011728852
2.2535924e-12
0.011985295
2.964388e-12
0.012216287
3.7813408e-12
0.012422582
4.6222163e-12
0.012606662
5.4024618e-12
0.012771343
5.941837e-12
0.012919248
6.230889e-12
0.013052717
6.0268604e-12
0.013173781
5.4968739e-12
0.013284147
4.306283e-12
0.013385215
2.7686948e-12
0.013478116
1.6650837e-13
0.01356377
-2.9490925e-12
0.013642926
-7.4435962e-12
0.013716209
-1.2492672e-11
0.01378415
-1.9203458e-11
0.013847201
-2.6110584e-11
0.01390576
-3.437992e-11
0.013960177
-4.1782067e-11
0.014010769
-4.9580966e-11
0.014057817
-5.4953899e-11
0.014101579
-5.890784e-11
0.014142288
-5.8233144e-11
0.01418016
-5.3422932e-11
0.014215386
-4.1950358e-11
0.014248144
-2.3204917e-11
0.014278593
2.3945713e-12
0.014306879
3.8480912e-11
0.014333131
8.1225408e-11
0.014357465
1.3365326e-10
0.014379988
1.8871183e-10
0.014400792
2.5115822e-10
0.014419963
3.0842396e-10
0.014437577
3.678079e-10
0.014453706
4.1263073e-10
0.014468417
4.5358945e-10
0.014481772
4.7130196e-10
0.014493837
4.7958913e-10
0.014504674
4.5961131e-10
0.014514349
4.2917098e-10
0.014522927
3.7220739e-10
0.014530479
3.0818519e-10
0.014537077
2.2546828e-10
0.014542794
1.4286589e-10
0.014547705
5.4488796e-11
0.014551886
-2.6533862e-11
0.014555414
-1.0193946e-10
0.014558361
-1.6225919e-10
0.014560799
-2.101379e-10
0.014562795
-2.4209155e-10
0.014564413
-2.5975864e-10
0.01456571
-2.6562834e-10
0.014566739
-2.591292e-10
0.014567546
-2.4728776e-10
0.014568172
-2.2722875e-10
0.014568652
-2.0867167e-10
0.014569017
-1.8521031e-10
0.01456929
-1.6735164e-10
0.014569493
-1.4617723e-10
0.014569641
-1.3290827e-10
0.014569749
-1.1607699e-10
0.014569826
-1.0679569e-10
0.01456988
-9.2852437e-11
0.014569918
-8.6228313e-11
0.014569944
-7.3915937e-11
0.014569962
-6.795356e-11
0.014569974
-5.5799936e-11
0.014569982
-5.0335309e-11
0.014569987
-3.8776808e-11
0.01456999
-3.3704238e-11
0.014569992
-2.2908913e-11
0.014569994
-1.9247221e-11
0.014569995
-1.0257788e-11
0.014569995
-7.9923351e-12
0.014569995
-4.8514398e-13
0.014569996
5.2881383e-15
0.014569996
6.0404653e-12
0.014569996
5.6453703e-12
0.014569996
1.0820019e-11
0.014569996
9.5253103e-12
0.014569996
1.2976883e-11
0.014569996
1.0077393e-11
0.014569996
1.1897784e-11
0.014569996
6.2322077e-12
0.014569996
4.3430709e-12
0.014569996
-8.0947917e-12
0.014569996
-1.3705529e-11
0.014569996
-2.7082616e-11
0.014569996
-3.2295855e-11
0.014569995
-4.0181317e-11
0.014569995
-5.8838351e-11
0.014569995
-6.8922101e-11
0.014569996
-1.0696889e-11
7.0391912e-12
0.010067887
-6.7887459e-05
0.010263444
-0.00019555688
0.010541913
-0.00027846872
0.010847304
-0.00030539076
0.011153236
-0.00030593222
0.011449511
-0.00029627536
0.011728852
-0.00027934031
0.011985295
-0.00025644282
0.012216287
-0.00023099235
0.012422582
-0.00020629509
0.012606662
-0.00018407962
0.012771343
-0.00016468111
0.012919248
-0.00014790533
0.013052717
-0.00013346916
0.013173781
-0.00012106354
0.013284147
-0.00011036599
0.013385215
-0.00010106787
0.013478117
-9.2901869e-05
0.01356377
-8.5653164e-05
0.013642926
-7.9155915e-05
0.013716209
-7.3283749e-05
0.01378415
-6.7940216e-05
0.013847201
-6.3051165e-05
0.01390576
-5.8558937e-05
0.013960177
-5.4417924e-05
0.014010769
-5.0591198e-05
0.014057817
-4.7047999e-05
0.014101578
-4.3761973e-05
0.014142288
-4.0709935e-05
0.014180159
-3.7871051e-05
0.014215386
-3.5226252e-05
0.014248144
-3.2757875e-05
0.014278593
-3.0449426e-05
0.014306879
-2.828548e-05
0.01433313
-2.6251656e-05
0.014357465
-2.4334663e-05
0.014379988
-2.2522412e-05
0.014400792
-2.0804139e-05
0.014419963
-1.9170578e-05
0.014437578
-1.7614048e-05
0.014453707
-1.6128602e-05
0.014468417
-1.4709969e-05
0.014481773
-1.3355608e-05
0.014493838
-1.2064455e-05
0.014504675
-1.083685e-05
0.01451435
-9.6741062e-06
0.014522928
-8.5783351e-06
0.01453048
-7.5519255e-06
0.014537078
-6.5973387e-06
0.014542795
-5.7166126e-06
0.014547706
-4.9112111e-06
0.014551888
-4.1816588e-06
0.014555415
-3.5275096e-06
0.014558362
-2.947176e-06
0.0145608
-2.4380297e-06
0.014562796
-1.9964237e-06
0.014564414
-1.6178861e-06
0.014565711
-1.2972837e-06
0.014566739
-1.0290418e-06
0.014567546
-8.073739e-07
0.014568173
-6.2645705e-07
0.014568653
-4.8065776e-07
0.014569017
-3.6462134e-07
0.014569291
-2.7345432e-07
0.014569493
-2.0271587e-07
0.014569641
-1.485439e-07
0.014569749
-1.0756607e-07
0.014569826
-7.698399e-08
0.01456988
-5.4431482e-08
0.014569918
-3.8033642e-08
0.014569944
-2.6242909e-08
0.014569962
-1.7894326e-08
0.014569974
-1.2039877e-08
0.014569982
-8.0073307e-09
0.014569987
-5.2468095e-09
0.01456999
-3.4004997e-09
0.014569992
-2.1648505e-09
0.014569994
-1.3660886e-09
0.014569995
-8.406713e-10
0.014569995
-5.1498479e-10
0.014569995
-3.0276584e-10
0.014569996
-1.7900529e-10
0.014569996
-9.7181341e-11
0.014569996
-5.2977132e-11
0.014569996
-2.3576238e-11
0.014569996
-9.0996376e-12
0.014569996
-6.3331483e-13
0.014569996
1.9589105e-12
0.014569996
1.8925666e-12
0.014569996
-4.5151581e-12
0.014569996
-7.5876336e-12
0.014569996
-2.705479e-11
0.014569996
-1.468851e-11
0.014569996
-3.4604039e-11
0.014569996
1.4937745e-11
0.014569995
-1.7079755e-11
0.014569995
1.5300976e-10
0.014569995
3.5811369e-10
0.014569996
5.8587022e-10
1.4833463e-10
0.010094914
-0.00016280099
0.010340233
-0.00044087646
0.01065185
-0.0005900857
0.010969203
-0.00062274376
0.011273712
-0.00061044157
0.01155641
-0.00057897243
0.011809194
-0.00053212455
0.012028326
-0.00047557504
0.012214936
-0.00041760202
0.012372692
-0.00036405115
0.012505835
-0.00031722334
0.012618427
-0.00027727311
0.0127141
-0.00024357796
0.012795955
-0.00021532446
0.012866552
-0.00019166049
0.012927948
-0.00017176123
0.012981769
-0.00015488889
0.013029296
-0.0001404289
0.013071537
-0.00012789457
0.013109292
-0.00011691096
0.0131432
-0.00010719215
0.01317378
-9.8520023e-05
0.013201456
-9.0727186e-05
0.013226581
-8.3683806e-05
0.013249451
-7.7287723e-05
0.013270317
-7.1457005e-05
0.013289393
-6.6124498e-05
0.013306865
-6.1233885e-05
0.013322892
-5.6736949e-05
0.013337613
-5.25916e-05
0.013351147
-4.876052e-05
0.0133636
-4.5210183e-05
0.01337506
-4.1910225e-05
0.013385608
-3.8833043e-05
0.01339531
-3.5953576e-05
0.013404225
-3.3249264e-05
0.013412402
-3.0700051e-05
0.013419887
-2.8288563e-05
0.013426716
-2.6000148e-05
0.013432925
-2.3823092e-05
0.013438545
-2.1748512e-05
0.013443606
-1.9770447e-05
0.013448136
-1.788549e-05
0.013452164
-1.6092676e-05
0.01345572
-1.4392856e-05
0.013458834
-1.2788409e-05
0.013461538
-1.1282458e-05
0.013463865
-9.8785194e-06
0.013465847
-8.579736e-06
0.013467519
-7.3886025e-06
0.013468914
-6.3063753e-06
0.013470065
-5.3329688e-06
0.013471004
-4.466659e-06
0.013471761
-3.7041811e-06
0.013472364
-3.0407334e-06
0.013472838
-2.4702279e-06
0.013473205
-1.985522e-06
0.013473487
-1.5787237e-06
0.013473699
-1.2415381e-06
0.013473857
-9.6552398e-07
0.013473973
-7.4244522e-07
0.013474057
-5.6440691e-07
0.013474117
-4.2414721e-07
0.013474158
-3.1503155e-07
0.013474187
-2.3126083e-07
0.013474206
-1.6774198e-07
0.013474218
-1.2023036e-07
0.013474226
-8.5118834e-08
0.013474231
-5.9540068e-08
0.013474234
-4.1115623e-08
0.013474236
-2.8050458e-08
0.013474237
-1.8875932e-08
0.013474238
-1.2551588e-08
0.013474238
-8.2185873e-09
0.013474238
-5.3219477e-09
0.013474238
-3.3813124e-09
0.013474238
-2.1313731e-09
0.013474238
-1.3066705e-09
0.013474238
-8.0207619e-10
0.013474238
-4.6745443e-10
0.013474238
-2.8164361e-10
0.013474238
-1.4944727e-10
0.013474238
-9.0810506e-11
0.013474238
-3.6523002e-11
0.013474238
-2.6900851e-11
0.013474238
-3.6676091e-13
0.013474238
-1.0417616e-11
0.013474238
6.4884344e-12
0.013474238
-1.4351591e-11
0.013474238
-4.384442e-12
0.013474238
-3.1843117e-11
0.013474238
-2.6023946e-11
0.013474238
-3.6857811e-11
0.013474238
-2.3166709e-11
0.013474237
1.5183612e-11
0.013474237
4.9832061e-11
0.013474237
3.4436843e-10
0.013474237
6.0345423e-10
0.013474238
1.0567064e-09
2.3167613e-10
0.010181464
-0.00034426525
0.010521798
-0.00078121018
0.010842482
-0.00091076958
0.011112769
-0.00089303089
0.01133602
-0.00083369227
0.011508579
-0.00075153206
0.011630744
-0.00065428925
0.011709907
-0.0005547379
0.011755697
-0.00046339243
0.011776644
-0.00038499782
0.011779503
-0.00032008194
0.011769652
-0.00026742229
0.01175133
-0.00022525606
0.011727726
-0.00019172083
0.011701127
-0.0001650614
0.011673116
-0.00014375047
0.011644765
-0.00012653794
0.011616781
-0.00011244492
0.011589615
-0.00010072813
0.011563538
-9.0834513e-05
0.011538703
-8.2357127e-05
0.011515181
-7.4997421e-05
0.011492989
-6.8535592e-05
0.011472114
-6.2808334e-05
0.011452519
-5.769261e-05
0.011434156
-5.3093949e-05
0.011416969
-4.8938172e-05
0.011400901
-4.5165588e-05
0.011385891
-4.1726999e-05
0.011371881
-3.8580935e-05
0.011358812
-3.5691744e-05
0.01134663
-3.3028284e-05
0.011335283
-3.0563042e-05
0.011324721
-2.8271582e-05
0.0113149
-2.6132214e-05
0.011305777
-2.4125846e-05
0.011297313
-2.2235937e-05
0.011289473
-2.0448526e-05
0.011282225
-1.8752256e-05
0.01127554
-1.7138378e-05
0.011269392
-1.560067e-05
0.011263757
-1.4135299e-05
0.011258612
-1.2740544e-05
0.011253936
-1.1416468e-05
0.011249708
-1.016448e-05
0.011245906
-8.9868926e-06
0.01124251
-7.8864113e-06
0.011239497
-6.8657038e-06
0.011236844
-5.9269624e-06
0.011234527
-5.0715846e-06
0.011232521
-4.2998854e-06
0.011230799
-3.6109847e-06
0.011229335
-3.0027346e-06
0.011228102
-2.4717983e-06
0.011227075
-2.0137581e-06
0.011226228
-1.6233279e-06
0.011225537
-1.2945684e-06
0.01122498
-1.021148e-06
0.011224535
-7.9658046e-07
0.011224184
-6.1444971e-07
0.01122391
-4.6860034e-07
0.011223699
-3.5328279e-07
0.011223538
-2.6326795e-07
0.011223417
-1.9389793e-07
0.011223326
-1.4112456e-07
0.01122326
-1.0148826e-07
0.011223212
-7.2106142e-08
0.011223177
-5.0603334e-08
0.011223153
-3.5075097e-08
0.011223136
-2.4003259e-08
0.011223124
-1.621773e-08
0.011223116
-1.0811815e-08
0.01122311
-7.1132573e-09
0.011223107
-4.6121196e-09
0.011223104
-2.9497836e-09
0.011223103
-1.8557507e-09
0.011223102
-1.151794e-09
0.011223101
-6.9917415e-10
0.011223101
-4.1967879e-10
0.011223101
-2.431365e-10
0.0112231
-1.4145338e-10
0.0112231
-7.473026e-11
0.0112231
-4.2524699e-11
0.0112231
-1.7108141e-11
0.0112231
-1.2263965e-11
0.0112231
-3.9914198e-13
0.0112231
-7.287094e-12
0.0112231
-7.3273138e-13
0.0112231
-1.6074454e-11
0.0112231
-1.3286738e-11
0.0112231
-3.703274e-11
0.0112231
-3.4910953e-11
0.0112231
-3.5344625e-11
0.0112231
-1.2998581e-11
0.0112231
1.3610809e-11
0.0112231
5.3991401e-11
0.0112231
3.2091709e-10
0.0112231
7.8221137e-10
0.011223101
1.3060831e-09
2.2451255e-10
0.010341662
-0.00068592734
0.010578184
-0.0010177326
0.010615671
-0.00094825624
0.010553945
-0.00083130473
0.010425822
-0.00070556884
0.010248587
-0.00057429752
0.010044962
-0.00045066423
0.0098354605
-0.00034523636
0.0096327829
-0.00026071483
0.009443731
-0.00019594598
0.0092713469
-0.00014769786
0.0091165746
-0.00011264991
0.008978974
-8.7655438e-05
0.0088572416
-6.9988448e-05
0.0087496654
-5.7485185e-05
0.0086544484
-4.8533556e-05
0.0085698942
-4.1983685e-05
0.0084944905
-3.7041279e-05
0.0084269349
-3.3172532e-05
0.008366128
-3.0027595e-05
0.0083111528
-2.7381942e-05
0.0082612488
-2.5093415e-05
0.0082157855
-2.3072304e-05
0.0081742387
-2.1261447e-05
0.0081361695
-1.9623447e-05
0.0081012083
-1.8132696e-05
0.0080690406
-1.6770512e-05
0.0080393973
-1.5522275e-05
0.0080120461
-1.4375783e-05
0.0079867856
-1.332035e-05
0.0079634402
-1.2346318e-05
0.0079418568
-1.1444804e-05
0.0079219014
-1.0607592e-05
0.0079034569
-9.8270978e-06
0.0078864212
-9.0964018e-06
0.0078707046
-8.4092747e-06
0.007856229
-7.7602741e-06
0.0078429252
-7.1447591e-06
0.0078307319
-6.5590018e-06
0.0078195937
-6.0001349e-06
0.0078094592
-5.4662271e-06
0.00780028
-4.9561326e-06
0.0077920088
-4.4695142e-06
0.0077845989
-4.0065931e-06
0.0077780025
-3.5681274e-06
0.0077721706
-3.1551047e-06
0.0077670528
-2.7686943e-06
0.007762597
-2.409943e-06
0.0077587499
-2.0798185e-06
0.0077554572
-1.7789224e-06
0.0077526648
-1.5074768e-06
0.007750319
-1.2652055e-06
0.0077483677
-1.0513937e-06
0.0077467608
-8.6486417e-07
0.0077454512
-7.0405929e-07
0.007744395
-5.6710145e-07
0.0077435524
-4.5187522e-07
0.0077428874
-3.5613935e-07
0.0077423684
-2.7757927e-07
0.0077419679
-2.139356e-07
0.0077416623
-1.6301208e-07
0.0077414318
-1.2279889e-07
0.00774126
-9.1429934e-08
0.0077411334
-6.7289648e-08
0.0077410411
-4.893057e-08
0.0077409748
-3.5166242e-08
0.0077409276
-2.4960309e-08
0.0077408945
-1.7509601e-08
0.0077408715
-1.2121366e-08
0.0077408557
-8.2948237e-09
0.0077408451
-5.5945483e-09
0.007740838
-3.7328434e-09
0.0077408333
-2.4481574e-09
0.0077408303
-1.591857e-09
0.0077408283
-1.0119542e-09
0.0077408271
-6.4183171e-10
0.0077408263
-3.9250988e-10
0.0077408258
-2.4345525e-10
0.0077408256
-1.4102098e-10
0.0077408254
-8.6883653e-11
0.0077408253
-4.544808e-11
0.0077408252
-2.868782e-11
0.0077408252
-1.2018425e-11
0.0077408252
-9.2400288e-12
0.0077408252
-2.7434111e-12
0.0077408252
-4.3206131e-12
0.0077408252
-3.4476101e-12
0.0077408252
-7.4330583e-12
0.0077408252
-1.1251504e-11
0.0077408251
-1.7556522e-11
0.0077408251
-2.430475e-11
0.0077408251
-2.4789913e-11
0.0077408251
-1.8763197e-11
0.0077408251
-1.8752289e-11
0.007740825
-2.1187615e-11
0.0077408248
5.365686e-11
0.007740825
3.1671504e-10
0.0077408258
6.7666199e-10
0.0077408267
9.8681045e-10
1.0497342e-10
0.0093140727
0.0082963401
0.0073480839
0.0065167791
0.0058112103
0.0052369128
0.0047862485
0.0044410122
0.0041802973
0.0039843514
0.0038366535
0.0037240036
0.0036363482
0.0035663597
0.0035088745
0.003460341
0.0034183573
0.003381316
0.0033481435
0.0033181159
0.0032907339
0.0032656405
0.0032425682
0.0032213068
0.0032016833
0.0031835506
0.0031667801
0.0031512579
0.0031368821
0.0031235618
0.0031112155
0.0030997707
0.0030891631
0.003079336
0.0030702396
0.0030618304
0.0030540701
0.0030469253
0.0030403663
0.0030343661
0.0030288998
0.0030239436
0.0030194741
0.0030154674
0.0030118993
0.0030087441
0.0030059754
0.0030035654
0.0030014856
0.0029997067
0.0029981992
0.002996934
0.0029958827
0.0029950178
0.0029943138
0.0029937467
0.0029932949
0.0029929388
0.0029926612
0.0029924473
0.0029922843
0.0029921615
0.0029920701
0.0029920028
0.0029919538
0.0029919187
0.0029918937
0.0029918761
0.002991864
0.0029918557
0.0029918501
0.0029918463
0.0029918439
0.0029918423
0.0029918413
0.0029918406
0.0029918402
0.00299184
0.0029918398
0.0029918397
0.0029918397
0.0029918397
0.0029918396
0.0029918396
0.0029918396
0.0029918396
0.0029918396
0.0029918396
0.0029918396
0.0029918396
0.0029918395
0.0029918395
0.0029918395
0.0029918394
0.0029918393
0.0029918394
0.00299184
0.002991841
0.0029918421
)
;

boundaryField
{
    top
    {
        type            calculated;
        value           uniform 0;
    }
    bottom
    {
        type            calculated;
        value           uniform 0;
    }
    inlet
    {
        type            calculated;
        value           nonuniform List<scalar> 10(-0.01 -0.01 -0.01 -0.01 -0.01 -0.01 -0.01 -0.01 -0.01 -0.01);
    }
    outlet
    {
        type            calculated;
        value           nonuniform List<scalar> 10(0.0029918422 0.0077408272 0.011223101 0.013474238 0.014569996 0.014569996 0.013474238 0.011223101 0.007740827 0.0029918422);
    }
    front
    {
        type            empty;
    }
    back
    {
        type            empty;
    }
}


// ************************************************************************* //
