/*--------------------------------*- C++ -*----------------------------------*\
  =========                 |
  \\      /  F ield         | OpenFOAM: The Open Source CFD Toolbox
   \\    /   O peration     | Website:  https://openfoam.org
    \\  /    A nd           | Version:  13
     \\/     M anipulation  |
\*---------------------------------------------------------------------------*/
FoamFile
{
    format      ascii;
    class       volVectorField;
    location    "5";
    object      U;
}
// * * * * * * * * * * * * * * * * * * * * * * * * * * * * * * * * * * * * * //

dimensions      [0 1 -1 0 0 0 0];

internalField   nonuniform List<vector> 
1000
(
(0.92074242 0.03382768 0)
(0.8635379 0.056684191 0)
(0.78799127 0.052753994 0)
(0.69766161 0.041237061 0)
(0.61471542 0.03020314 0)
(0.54875554 0.020988076 0)
(0.4982731 0.013660658 0)
(0.45949313 0.0082997531 0)
(0.42978723 0.0047358805 0)
(0.40728522 0.0025321789 0)
(0.39034405 0.0012497894 0)
(0.37751564 0.00056179396 0)
(0.36764114 0.00024260259 0)
(0.35985954 0.00013662217 0)
(0.3535569 0.00013974195 0)
(0.34830611 0.00018758622 0)
(0.34381568 0.00024449976 0)
(0.3398895 0.00029347519 0)
(0.33639665 0.00032839423 0)
(0.33324952 0.00034882526 0)
(0.33038854 0.00035686247 0)
(0.32777196 0.00035537092 0)
(0.32536928 0.0003471189 0)
(0.32315711 0.00033442467 0)
(0.32111659 0.00031907326 0)
(0.31923193 0.00030235804 0)
(0.31748947 0.0002851688 0)
(0.31587717 0.00026808643 0)
(0.31438431 0.00025146692 0)
(0.31300129 0.00023550897 0)
(0.31171952 0.00022030543 0)
(0.31053134 0.00020588053 0)
(0.30942992 0.00019221554 0)
(0.30840924 0.00017926618 0)
(0.30746399 0.00016697435 0)
(0.30658953 0.00015527704 0)
(0.30578179 0.000144112 0)
(0.30503721 0.00013342295 0)
(0.30435265 0.00012316196 0)
(0.30372529 0.00011329267 0)
(0.30315255 0.00010379043 0)
(0.30263202 9.4644193e-05 0)
(0.30216133 8.585446e-05 0)
(0.30173812 7.7433306e-05 0)
(0.30136 6.9400443e-05 0)
(0.30102447 6.1782116e-05 0)
(0.30072893 5.4606033e-05 0)
(0.30047064 4.7899008e-05 0)
(0.30024679 4.1680197e-05 0)
(0.30005449 3.596315e-05 0)
(0.29989078 3.0755302e-05 0)
(0.29975273 2.6058436e-05 0)
(0.29963745 2.1866667e-05 0)
(0.29954214 1.8167103e-05 0)
(0.29946416 1.4939274e-05 0)
(0.29940101 1.2156373e-05 0)
(0.29935043 9.7860944e-06 0)
(0.29931034 7.7921137e-06 0)
(0.29927892 6.1357555e-06 0)
(0.29925457 4.7771147e-06 0)
(0.29923591 3.6770414e-06 0)
(0.29922178 2.7975523e-06 0)
(0.29921119 2.1037092e-06 0)
(0.29920335 1.5631509e-06 0)
(0.29919761 1.1477522e-06 0)
(0.29919346 8.3240681e-07 0)
(0.2991905 5.9645793e-07 0)
(0.29918841 4.2192229e-07 0)
(0.29918695 2.9484245e-07 0)
(0.29918595 2.0322634e-07 0)
(0.29918526 1.3840517e-07 0)
(0.2991848 9.2832652e-08 0)
(0.2991845 6.1571907e-08 0)
(0.2991843 4.0093618e-08 0)
(0.29918417 2.5901152e-08 0)
(0.29918409 1.6313679e-08 0)
(0.29918404 1.0289605e-08 0)
(0.29918401 6.2086493e-09 0)
(0.29918399 3.8755014e-09 0)
(0.29918398 2.1922412e-09 0)
(0.29918397 1.4225804e-09 0)
(0.29918397 6.9448238e-10 0)
(0.29918397 5.6866701e-10 0)
(0.29918396 1.8645574e-10 0)
(0.29918396 3.2617713e-10 0)
(0.29918396 2.7110178e-11 0)
(0.29918396 3.313281e-10 0)
(0.29918396 2.8381703e-11 0)
(0.29918396 4.736369e-10 0)
(0.29918396 1.1240982e-10 0)
(0.29918396 8.0603241e-10 0)
(0.29918396 4.0427642e-10 0)
(0.29918395 1.4730371e-09 0)
(0.29918396 6.0541931e-10 0)
(0.29918394 6.4875676e-10 0)
(0.29918395 -5.5297982e-09 0)
(0.29918395 -1.1715266e-08 0)
(0.29918402 -1.4093491e-08 0)
(0.29918414 -1.6725911e-08 0)
(0.29918422 1.6274583e-08 0)
(1.0019381 0.052732953 0)
(1.0365395 0.10225274 0)
(1.0602516 0.11315449 0)
(1.0635369 0.1090466 0)
(1.0522935 0.099516703 0)
(1.0346516 0.087114671 0)
(1.0147897 0.07337312 0)
(0.99415464 0.059906699 0)
(0.9735885 0.047880404 0)
(0.95388175 0.037787599 0)
(0.93564765 0.029665799 0)
(0.91918061 0.023329647 0)
(0.90451509 0.018503055 0)
(0.89154111 0.014887652 0)
(0.88008813 0.012203183 0)
(0.86996983 0.01021005 0)
(0.86100605 0.008717244 0)
(0.85303326 0.0075802918 0)
(0.8459089 0.0066941994 0)
(0.83951191 0.0059849491 0)
(0.83374118 0.0054015111 0)
(0.82851289 0.0049092204 0)
(0.82375775 0.0044847014 0)
(0.81941836 0.0041121793 0)
(0.81544689 0.0037808979 0)
(0.81180324 0.0034833612 0)
(0.80845346 0.0032141674 0)
(0.80536859 0.0029692562 0)
(0.80252373 0.0027454315 0)
(0.79989733 0.0025400661 0)
(0.79747064 0.0023509195 0)
(0.79522734 0.0021760301 0)
(0.79315313 0.0020136556 0)
(0.79123552 0.0018622411 0)
(0.78946359 0.001720407 0)
(0.78782782 0.0015869467 0)
(0.78631985 0.0014608303 0)
(0.78493235 0.0013412106 0)
(0.78365885 0.0012274253 0)
(0.78249354 0.0011189945 0)
(0.7814311 0.0010156105 0)
(0.78046659 0.00091712184 0)
(0.77959523 0.0008235089 0)
(0.77881234 0.00073485594 0)
(0.7781132 0.00065131814 0)
(0.77749299 0.00057308744 0)
(0.77694672 0.00050035888 0)
(0.77646927 0.00043329932 0)
(0.77605535 0.0003720198 0)
(0.77569957 0.00031655888 0)
(0.77539651 0.00026687355 0)
(0.77514074 0.00022283611 0)
(0.77492698 0.00018423577 0)
(0.77475008 0.00015078683 0)
(0.7746052 0.00012213987 0)
(0.77448776 9.7897332e-05 0)
(0.77439358 7.7629426e-05 0)
(0.77431887 6.0891411e-05 0)
(0.77426026 4.7238544e-05 0)
(0.77421478 3.6240235e-05 0)
(0.7741799 2.7490592e-05 0)
(0.77415344 2.0616949e-05 0)
(0.77413361 1.5284768e-05 0)
(0.77411891 1.1200398e-05 0)
(0.77410816 8.1112997e-06 0)
(0.77410037 5.8045175e-06 0)
(0.7740948 4.1038814e-06 0)
(0.77409087 2.8660826e-06 0)
(0.77408813 1.9768202e-06 0)
(0.77408624 1.3461888e-06 0)
(0.77408496 9.0495691e-07 0)
(0.77408409 6.0024284e-07 0)
(0.77408353 3.9277998e-07 0)
(0.77408315 2.5336262e-07 0)
(0.77408291 1.611742e-07 0)
(0.77408276 1.0092155e-07 0)
(0.77408267 6.2332877e-08 0)
(0.7740826 3.7782677e-08 0)
(0.77408257 2.2709472e-08 0)
(0.77408255 1.3286282e-08 0)
(0.77408254 7.8826713e-09 0)
(0.77408253 4.4081307e-09 0)
(0.77408252 2.8051041e-09 0)
(0.77408252 1.4761377e-09 0)
(0.77408252 1.310273e-09 0)
(0.77408252 6.1385096e-10 0)
(0.77408252 1.1084211e-09 0)
(0.77408252 4.9300294e-10 0)
(0.77408252 1.3886631e-09 0)
(0.77408252 7.4299139e-10 0)
(0.77408251 2.1048777e-09 0)
(0.77408252 1.2438363e-09 0)
(0.7740825 2.2992379e-09 0)
(0.77408252 6.970466e-10 0)
(0.77408249 -6.1935239e-10 0)
(0.77408253 -9.5980053e-09 0)
(0.77408247 -3.6571279e-08 0)
(0.77408261 -7.5899672e-08 0)
(0.7740826 -1.2746574e-07 0)
(0.77408271 -1.7526148e-08 0)
(1.0002467 0.026719375 0)
(1.0283936 0.062555479 0)
(1.0646999 0.077616154 0)
(1.0979952 0.080476473 0)
(1.1240764 0.078058278 0)
(1.1435812 0.072916827 0)
(1.1579044 0.06598685 0)
(1.1678877 0.058204692 0)
(1.1741544 0.050495774 0)
(1.1774192 0.043467182 0)
(1.1784517 0.037361279 0)
(1.1779312 0.03219062 0)
(1.1763807 0.027868278 0)
(1.1741779 0.024277328 0)
(1.1715896 0.021298432 0)
(1.1688025 0.018820661 0)
(1.1659442 0.016746851 0)
(1.1630997 0.014995984 0)
(1.1603238 0.01350302 0)
(1.1576499 0.01221702 0)
(1.1550972 0.011098562 0)
(1.1526752 0.010117213 0)
(1.1503874 0.0092494046 0)
(1.1482332 0.0084767493 0)
(1.1462096 0.0077847564 0)
(1.1443121 0.0071618526 0)
(1.1425353 0.0065986481 0)
(1.1408734 0.0060873943 0)
(1.1393203 0.0056215881 0)
(1.1378702 0.0051956834 0)
(1.1365172 0.0048048794 0)
(1.1352555 0.0044449663 0)
(1.1340799 0.0041122175 0)
(1.1329853 0.0038033165 0)
(1.131967 0.003515313 0)
(1.1310205 0.0032455982 0)
(1.1301418 0.0029918978 0)
(1.1293273 0.0027522731 0)
(1.1285736 0.0025251275 0)
(1.1278776 0.0023092074 0)
(1.1272365 0.0021035975 0)
(1.1266479 0.0019077024 0)
(1.1261094 0.0017212177 0)
(1.1256189 0.0015440878 0)
(1.1251741 0.0013764535 0)
(1.1247731 0.0012185915 0)
(1.1244137 0.0010708506 0)
(1.1240937 0.00093358864 0)
(1.1238109 0.00080711631 0)
(1.1235628 0.00069164822 0)
(1.1233471 0.00058726491 0)
(1.1231612 0.00049388927 0)
(1.1230023 0.00041127672 0)
(1.122868 0.00033901932 0)
(1.1227554 0.00027656064 0)
(1.1226622 0.00022322051 0)
(1.1225857 0.00017822483 0)
(1.1225236 0.00014073918 0)
(1.1224738 0.00010990168 0)
(1.1224343 8.485409e-05 0)
(1.1224034 6.4768085e-05 0)
(1.1223794 4.8866792e-05 0)
(1.122361 3.6439818e-05 0)
(1.122347 2.6853062e-05 0)
(1.1223366 1.9552781e-05 0)
(1.1223289 1.4065638e-05 0)
(1.1223233 9.9948779e-06 0)
(1.1223192 7.0143191e-06 0)
(1.1223163 4.8606391e-06 0)
(1.1223143 3.3250393e-06 0)
(1.1223129 2.24481e-06 0)
(1.1223119 1.4951667e-06 0)
(1.1223113 9.8215901e-07 0)
(1.1223108 6.3594751e-07 0)
(1.1223105 4.0579105e-07 0)
(1.1223103 2.5490008e-07 0)
(1.1223102 1.5768875e-07 0)
(1.1223101 9.5817228e-08 0)
(1.1223101 5.743069e-08 0)
(1.1223101 3.3633447e-08 0)
(1.1223101 1.966432e-08 0)
(1.12231 1.1026203e-08 0)
(1.12231 6.6010448e-09 0)
(1.12231 3.5066003e-09 0)
(1.12231 2.6344011e-09 0)
(1.12231 1.3132005e-09 0)
(1.12231 1.8012116e-09 0)
(1.12231 8.7408395e-10 0)
(1.12231 1.8882973e-09 0)
(1.12231 1.0896568e-09 0)
(1.12231 2.2115369e-09 0)
(1.12231 1.5430317e-09 0)
(1.12231 8.3561092e-10 0)
(1.1223101 -2.0362386e-11 0)
(1.12231 -6.2696977e-09 0)
(1.1223101 -1.0053641e-08 0)
(1.1223099 -4.2436394e-08 0)
(1.1223102 -7.4963984e-08 0)
(1.12231 -1.2055606e-07 0)
(1.1223101 -2.1038943e-08 0)
(1.0000321 0.01172771 0)
(1.0173964 0.030563016 0)
(1.0455868 0.040990665 0)
(1.0788323 0.044657242 0)
(1.1117703 0.044906516 0)
(1.1419849 0.043513623 0)
(1.1689322 0.040998747 0)
(1.1925678 0.037704075 0)
(1.2129268 0.034089581 0)
(1.2301852 0.030558824 0)
(1.2446903 0.027331265 0)
(1.2568779 0.024473222 0)
(1.2671747 0.021977046 0)
(1.275945 0.019810703 0)
(1.2834808 0.017935088 0)
(1.2900119 0.01630877 0)
(1.2957185 0.014891252 0)
(1.3007433 0.01364612 0)
(1.3051982 0.012542858 0)
(1.3091721 0.011557042 0)
(1.3127351 0.01066954 0)
(1.3159437 0.0098654403 0)
(1.318844 0.0091330668 0)
(1.3214739 0.0084631859 0)
(1.3238652 0.0078483933 0)
(1.326045 0.007282641 0)
(1.3280361 0.0067608772 0)
(1.3298584 0.0062787825 0)
(1.3315289 0.0058325797 0)
(1.3330625 0.0054189005 0)
(1.3344719 0.0050346906 0)
(1.3357683 0.0046771442 0)
(1.3369614 0.004343662 0)
(1.3380597 0.0040318278 0)
(1.3390702 0.0037394008 0)
(1.3399995 0.003464318 0)
(1.3408527 0.0032047075 0)
(1.3416346 0.0029589056 0)
(1.3423493 0.0027254791 0)
(1.3430003 0.0025032417 0)
(1.343591 0.0022912691 0)
(1.3441242 0.0020888998 0)
(1.344603 0.0018957299 0)
(1.3450301 0.0017115899 0)
(1.3454086 0.0015365161 0)
(1.3457412 0.0013707036 0)
(1.3460313 0.0012144596 0)
(1.3462819 0.0010681447 0)
(1.3464963 0.00093212159 0)
(1.346678 0.00080669951 0)
(1.3468304 0.00069209307 0)
(1.3469567 0.0005883851 0)
(1.3470602 0.00049550731 0)
(1.3471441 0.00041322856 0)
(1.3472112 0.00034115976 0)
(1.3472642 0.00027876637 0)
(1.3473056 0.00022539201 0)
(1.3473374 0.00018028662 0)
(1.3473615 0.00014263828 0)
(1.3473796 0.00011160568 0)
(1.3473929 8.6347399e-05 0)
(1.3474026 6.6049342e-05 0)
(1.3474095 4.9944388e-05 0)
(1.3474143 3.732983e-05 0)
(1.3474176 2.7575172e-05 0)
(1.3474199 2.0129343e-05 0)
(1.3474214 1.4518457e-05 0)
(1.3474224 1.0345438e-05 0)
(1.347423 7.2814599e-06 0)
(1.3474234 5.0616347e-06 0)
(1.3474236 3.4739193e-06 0)
(1.3474237 2.3538748e-06 0)
(1.3474238 1.573794e-06 0)
(1.3474238 1.038347e-06 0)
(1.3474238 6.7543479e-07 0)
(1.3474238 4.3334379e-07 0)
(1.3474238 2.7382771e-07 0)
(1.3474238 1.7058399e-07 0)
(1.3474238 1.0457218e-07 0)
(1.3474238 6.3184293e-08 0)
(1.3474238 3.7647624e-08 0)
(1.3474238 2.2092669e-08 0)
(1.3474238 1.3038037e-08 0)
(1.3474238 7.5224126e-09 0)
(1.3474238 4.8166163e-09 0)
(1.3474238 2.8842575e-09 0)
(1.3474238 2.4627137e-09 0)
(1.3474238 1.6474351e-09 0)
(1.3474237 1.8597848e-09 0)
(1.3474238 1.5651511e-09 0)
(1.3474237 1.4501843e-09 0)
(1.3474238 1.5544295e-09 0)
(1.3474237 -9.6268879e-10 0)
(1.3474238 -3.823448e-10 0)
(1.3474237 -7.8844126e-09 0)
(1.3474238 -9.4332716e-09 0)
(1.3474236 -3.562133e-08 0)
(1.3474239 -5.4907859e-08 0)
(1.3474236 -8.263828e-08 0)
(1.3474238 -2.0266606e-08 0)
(1.0001568 0.0034383906 0)
(1.0134518 0.0092557598 0)
(1.036628 0.012853241 0)
(1.0666034 0.014335342 0)
(1.0987809 0.014626052 0)
(1.1300715 0.014363697 0)
(1.1593037 0.01374145 0)
(1.1861976 0.012840158 0)
(1.2106431 0.01179037 0)
(1.2325915 0.01072873 0)
(1.2521417 0.0097376654 0)
(1.2695377 0.0088459544 0)
(1.2850831 0.0080555258 0)
(1.2990633 0.007359589 0)
(1.3117146 0.0067486551 0)
(1.3232259 0.0062117396 0)
(1.3337493 0.0057373234 0)
(1.3434084 0.0053146149 0)
(1.352304 0.0049344344 0)
(1.3605186 0.0045894571 0)
(1.3681199 0.0042740244 0)
(1.3751643 0.0039838101 0)
(1.3817 0.0037155003 0)
(1.3877688 0.0034665339 0)
(1.3934075 0.003234901 0)
(1.3986491 0.0030189868 0)
(1.4035232 0.0028174528 0)
(1.4080566 0.0026291498 0)
(1.4122739 0.0024530585 0)
(1.4161971 0.0022882477 0)
(1.4198468 0.0021338478 0)
(1.4232413 0.0019890336 0)
(1.4263974 0.0018530147 0)
(1.4293303 0.0017250326 0)
(1.4320538 0.0016043624 0)
(1.4345801 0.0014903188 0)
(1.4369203 0.0013822633 0)
(1.4390843 0.0012796153 0)
(1.4410809 0.0011818625 0)
(1.4429182 0.0010885717 0)
(1.4446036 0.00099939653 0)
(1.446144 0.00091408292 0)
(1.4475457 0.0008324693 0)
(1.4488151 0.00075448233 0)
(1.4499586 0.00068012842 0)
(1.4509825 0.00060947937 0)
(1.4518934 0.000542656 0)
(1.452698 0.00047980721 0)
(1.4534036 0.00042109045 0)
(1.4540173 0.00036664992 0)
(1.4545466 0.00031659961 0)
(1.4549992 0.00027100637 0)
(1.4553825 0.00022988029 0)
(1.4557042 0.000193167 0)
(1.4559715 0.00016074739 0)
(1.4561914 0.00013243953 0)
(1.4563704 0.00010800663 0)
(1.4565145 8.7166446e-05 0)
(1.4566294 6.9603768e-05 0)
(1.45672 5.4982917e-05 0)
(1.4567905 4.2960489e-05 0)
(1.456845 3.3197034e-05 0)
(1.4568864 2.5366656e-05 0)
(1.4569177 1.9165214e-05 0)
(1.4569409 1.4315226e-05 0)
(1.4569581 1.0569979e-05 0)
(1.4569705 7.7140528e-06 0)
(1.4569795 5.5639583e-06 0)
(1.4569858 3.9655187e-06 0)
(1.4569903 2.7924817e-06 0)
(1.4569934 1.9424199e-06 0)
(1.4569955 1.3345446e-06 0)
(1.4569969 9.0530064e-07 0)
(1.4569979 6.0635001e-07 0)
(1.4569985 4.0075602e-07 0)
(1.4569989 2.614525e-07 0)
(1.4569992 1.6824408e-07 0)
(1.4569993 1.0686182e-07 0)
(1.4569994 6.6961102e-08 0)
(1.4569995 4.147635e-08 0)
(1.4569995 2.5455897e-08 0)
(1.4569996 1.5502161e-08 0)
(1.4569996 9.5300676e-09 0)
(1.4569996 5.9101825e-09 0)
(1.4569996 3.9666736e-09 0)
(1.4569996 2.7262695e-09 0)
(1.4569996 2.1906142e-09 0)
(1.4569996 1.7201222e-09 0)
(1.4569996 1.5078739e-09 0)
(1.4569996 1.2898717e-09 0)
(1.4569995 7.0808611e-10 0)
(1.4569996 4.2002326e-10 0)
(1.4569995 -1.4782608e-09 0)
(1.4569996 -1.5668558e-09 0)
(1.4569995 -5.5748415e-09 0)
(1.4569997 -6.4693707e-09 0)
(1.4569994 -1.6480535e-08 0)
(1.4569997 -2.3989081e-08 0)
(1.4569994 -3.0127791e-08 0)
(1.4569996 -7.923334e-09 0)
(1.0001568 -0.0034383906 0)
(1.0134518 -0.0092557597 0)
(1.036628 -0.012853241 0)
(1.0666034 -0.014335342 0)
(1.0987809 -0.014626051 0)
(1.1300715 -0.014363696 0)
(1.1593037 -0.013741449 0)
(1.1861976 -0.012840157 0)
(1.2106431 -0.011790369 0)
(1.2325915 -0.010728729 0)
(1.2521417 -0.0097376644 0)
(1.2695377 -0.0088459532 0)
(1.2850831 -0.0080555245 0)
(1.2990633 -0.0073595877 0)
(1.3117146 -0.0067486539 0)
(1.3232259 -0.0062117388 0)
(1.3337493 -0.0057373228 0)
(1.3434084 -0.0053146148 0)
(1.352304 -0.0049344349 0)
(1.3605186 -0.0045894584 0)
(1.3681199 -0.0042740267 0)
(1.3751643 -0.0039838137 0)
(1.3817 -0.0037155052 0)
(1.3877688 -0.0034665403 0)
(1.3934075 -0.0032349089 0)
(1.3986491 -0.0030189961 0)
(1.4035232 -0.0028174631 0)
(1.4080566 -0.0026291608 0)
(1.4122738 -0.0024530694 0)
(1.4161971 -0.0022882576 0)
(1.4198468 -0.0021338556 0)
(1.4232413 -0.0019890379 0)
(1.4263974 -0.0018530139 0)
(1.4293303 -0.0017250249 0)
(1.4320538 -0.0016043466 0)
(1.4345801 -0.0014902929 0)
(1.4369203 -0.0013822268 0)
(1.4390843 -0.0012795667 0)
(1.4410809 -0.0011818027 0)
(1.4429182 -0.0010885003 0)
(1.4446037 -0.00099931605 0)
(1.446144 -0.00091399434 0)
(1.4475457 -0.00083237675 0)
(1.4488152 -0.00075438798 0)
(1.4499587 -0.0006800374 0)
(1.4509826 -0.00060939416 0)
(1.4518935 -0.00054258154 0)
(1.4526981 -0.0004797454 0)
(1.4534037 -0.0004210448 0)
(1.4540174 -0.00036662073 0)
(1.4545467 -0.00031658802 0)
(1.4549993 -0.00027101079 0)
(1.4553827 -0.00022989977 0)
(1.4557043 -0.00019319876 0)
(1.4559716 -0.00016078892 0)
(1.4561915 -0.00013248775 0)
(1.4563704 -0.00010805864 0)
(1.4565146 -8.7219874e-05 0)
(1.4566295 -6.9656115e-05 0)
(1.45672 -5.5033045e-05 0)
(1.4567906 -4.3006772e-05 0)
(1.456845 -3.3239645e-05 0)
(1.4568865 -2.5404652e-05 0)
(1.4569177 -1.9199603e-05 0)
(1.456941 -1.4345435e-05 0)
(1.4569581 -1.0597447e-05 0)
(1.4569705 -7.7381563e-06 0)
(1.4569795 -5.5860976e-06 0)
(1.4569858 -3.9848872e-06 0)
(1.4569903 -2.810403e-06 0)
(1.4569934 -1.9578637e-06 0)
(1.4569955 -1.3486752e-06 0)
(1.4569969 -9.170096e-07 0)
(1.4569979 -6.1684559e-07 0)
(1.4569985 -4.0892029e-07 0)
(1.4569989 -2.6849484e-07 0)
(1.4569992 -1.7312842e-07 0)
(1.4569993 -1.1092269e-07 0)
(1.4569994 -6.9192392e-08 0)
(1.4569995 -4.3187717e-08 0)
(1.4569995 -2.566676e-08 0)
(1.4569996 -1.556949e-08 0)
(1.4569996 -8.4083175e-09 0)
(1.4569996 -4.8378605e-09 0)
(1.4569996 -1.8649422e-09 0)
(1.4569996 -9.1386087e-10 0)
(1.4569996 3.5821229e-10 0)
(1.4569996 2.0926744e-10 0)
(1.4569996 7.9686422e-10 0)
(1.4569996 -1.5943842e-10 0)
(1.4569996 1.1738049e-10 0)
(1.4569996 -1.9506293e-09 0)
(1.4569995 -1.0372271e-09 0)
(1.4569996 -3.3592922e-09 0)
(1.4569995 -2.7073702e-10 0)
(1.4569997 -3.1664845e-09 0)
(1.4569994 4.3142736e-09 0)
(1.4569997 1.3655621e-08 0)
(1.4569994 2.7441213e-08 0)
(1.4569996 8.6726107e-09 0)
(1.0000321 -0.01172771 0)
(1.0173964 -0.030563016 0)
(1.0455868 -0.040990665 0)
(1.0788323 -0.044657242 0)
(1.1117703 -0.044906516 0)
(1.1419849 -0.043513623 0)
(1.1689322 -0.040998746 0)
(1.1925678 -0.037704075 0)
(1.2129268 -0.034089581 0)
(1.2301852 -0.030558823 0)
(1.2446903 -0.027331264 0)
(1.2568779 -0.024473221 0)
(1.2671747 -0.021977045 0)
(1.275945 -0.019810702 0)
(1.2834808 -0.017935087 0)
(1.2900119 -0.016308769 0)
(1.2957185 -0.014891252 0)
(1.3007433 -0.01364612 0)
(1.3051982 -0.012542859 0)
(1.3091721 -0.011557043 0)
(1.3127351 -0.010669542 0)
(1.3159437 -0.0098654435 0)
(1.318844 -0.009133071 0)
(1.3214739 -0.0084631911 0)
(1.3238652 -0.0078483994 0)
(1.326045 -0.0072826477 0)
(1.3280361 -0.0067608842 0)
(1.3298584 -0.0062787893 0)
(1.3315289 -0.0058325856 0)
(1.3330625 -0.0054189048 0)
(1.3344718 -0.0050346923 0)
(1.3357683 -0.0046771425 0)
(1.3369614 -0.0043436556 0)
(1.3380596 -0.0040318158 0)
(1.3390702 -0.0037393819 0)
(1.3399994 -0.0034642918 0)
(1.3408527 -0.0032046728 0)
(1.3416346 -0.002958863 0)
(1.3423493 -0.0027254279 0)
(1.3430004 -0.0025031837 0)
(1.343591 -0.0022912046 0)
(1.3441243 -0.0020888315 0)
(1.3446031 -0.0018956592 0)
(1.3450303 -0.0017115206 0)
(1.3454087 -0.0015364499 0)
(1.3457414 -0.0013706443 0)
(1.3460315 -0.001214409 0)
(1.3462821 -0.0010681057 0)
(1.3464966 -0.00093209483 0)
(1.3466783 -0.00080668629 0)
(1.3468307 -0.00069209273 0)
(1.346957 -0.00058839713 0)
(1.3470605 -0.0004955298 0)
(1.3471444 -0.0004132595 0)
(1.3472115 -0.00034119672 0)
(1.3472645 -0.00027880684 0)
(1.3473058 -0.00022543397 0)
(1.3473376 -0.00018032785 0)
(1.3473617 -0.00014267771 0)
(1.3473798 -0.00011164183 0)
(1.3473931 -8.6380327e-05 0)
(1.3474027 -6.6078297e-05 0)
(1.3474096 -4.9970203e-05 0)
(1.3474144 -3.7352124e-05 0)
(1.3474177 -2.7595205e-05 0)
(1.34742 -2.014677e-05 0)
(1.3474215 -1.4534486e-05 0)
(1.3474224 -1.0359513e-05 0)
(1.347423 -7.2946861e-06 0)
(1.3474234 -5.0732368e-06 0)
(1.3474236 -3.4847954e-06 0)
(1.3474237 -2.3631027e-06 0)
(1.3474238 -1.5822742e-06 0)
(1.3474238 -1.0451475e-06 0)
(1.3474238 -6.8143837e-07 0)
(1.3474238 -4.3766274e-07 0)
(1.3474238 -2.7747557e-07 0)
(1.3474238 -1.7274682e-07 0)
(1.3474238 -1.0626417e-07 0)
(1.3474238 -6.3610706e-08 0)
(1.3474238 -3.7884364e-08 0)
(1.3474238 -2.1334769e-08 0)
(1.3474238 -1.2267299e-08 0)
(1.3474238 -5.8985553e-09 0)
(1.3474238 -3.360403e-09 0)
(1.3474238 -8.0281255e-10 0)
(1.3474238 -7.8477868e-10 0)
(1.3474238 3.9758321e-10 0)
(1.3474238 -6.273e-10 0)
(1.3474238 -4.2024537e-10 0)
(1.3474237 -1.8668661e-09 0)
(1.3474238 -2.7652888e-09 0)
(1.3474237 -2.3710123e-09 0)
(1.3474238 -3.278864e-09 0)
(1.3474237 2.0037074e-09 0)
(1.3474238 1.1865503e-09 0)
(1.3474236 2.4838646e-08 0)
(1.3474239 4.7472782e-08 0)
(1.3474236 8.0541436e-08 0)
(1.3474238 2.0753647e-08 0)
(1.0002467 -0.026719375 0)
(1.0283936 -0.062555479 0)
(1.0646999 -0.077616154 0)
(1.0979952 -0.080476473 0)
(1.1240764 -0.078058277 0)
(1.1435812 -0.072916827 0)
(1.1579044 -0.065986849 0)
(1.1678877 -0.058204691 0)
(1.1741544 -0.050495773 0)
(1.1774192 -0.043467182 0)
(1.1784517 -0.037361278 0)
(1.1779312 -0.03219062 0)
(1.1763807 -0.027868277 0)
(1.1741779 -0.024277328 0)
(1.1715896 -0.021298432 0)
(1.1688025 -0.01882066 0)
(1.1659442 -0.016746851 0)
(1.1630997 -0.014995984 0)
(1.1603238 -0.013503021 0)
(1.1576499 -0.012217021 0)
(1.1550972 -0.011098563 0)
(1.1526752 -0.010117215 0)
(1.1503874 -0.0092494074 0)
(1.1482332 -0.0084767524 0)
(1.1462096 -0.0077847596 0)
(1.1443121 -0.0071618555 0)
(1.1425353 -0.0065986505 0)
(1.1408733 -0.0060873957 0)
(1.1393203 -0.005621588 0)
(1.1378702 -0.0051956813 0)
(1.1365171 -0.0048048749 0)
(1.1352555 -0.0044449588 0)
(1.1340799 -0.0041122064 0)
(1.1329853 -0.0038033016 0)
(1.131967 -0.0035152936 0)
(1.1310205 -0.0032455746 0)
(1.1301419 -0.0029918694 0)
(1.1293274 -0.002752241 0)
(1.1285736 -0.0025250912 0)
(1.1278776 -0.0023091688 0)
(1.1272366 -0.0021035565 0)
(1.1266481 -0.0019076616 0)
(1.1261096 -0.0017211774 0)
(1.1256191 -0.001544051 0)
(1.1251744 -0.0013764204 0)
(1.1247734 -0.0012185651 0)
(1.124414 -0.0010708306 0)
(1.124094 -0.00093357738 0)
(1.1238112 -0.00080711265 0)
(1.1235632 -0.00069165327 0)
(1.1233475 -0.00058727679 0)
(1.1231615 -0.00049390781 0)
(1.1230027 -0.00041129958 0)
(1.1228683 -0.00033904541 0)
(1.1227557 -0.0002765879 0)
(1.1226624 -0.00022324763 0)
(1.1225859 -0.00017825058 0)
(1.1225239 -0.00014076244 0)
(1.122474 -0.00010992226 0)
(1.1224345 -8.4871282e-05 0)
(1.1224035 -6.4782699e-05 0)
(1.1223795 -4.8878306e-05 0)
(1.1223611 -3.6449586e-05 0)
(1.1223471 -2.6860598e-05 0)
(1.1223367 -1.9559679e-05 0)
(1.122329 -1.4071121e-05 0)
(1.1223233 -1.0000428e-05 0)
(1.1223193 -7.0189182e-06 0)
(1.1223164 -4.8656725e-06 0)
(1.1223143 -3.3291914e-06 0)
(1.1223129 -2.249312e-06 0)
(1.1223119 -1.4986507e-06 0)
(1.1223113 -9.8589387e-07 0)
(1.1223108 -6.3849749e-07 0)
(1.1223105 -4.0842343e-07 0)
(1.1223103 -2.5629214e-07 0)
(1.1223102 -1.592292e-07 0)
(1.1223101 -9.6171074e-08 0)
(1.1223101 -5.7981118e-08 0)
(1.1223101 -3.3124989e-08 0)
(1.12231 -1.954311e-08 0)
(1.12231 -9.9578601e-09 0)
(1.12231 -5.9671177e-09 0)
(1.12231 -2.0123903e-09 0)
(1.12231 -1.7435402e-09 0)
(1.12231 3.1803799e-10 0)
(1.12231 -9.1976732e-10 0)
(1.12231 5.2225025e-10 0)
(1.12231 -1.6424874e-09 0)
(1.12231 -7.0237626e-10 0)
(1.12231 -3.5955202e-09 0)
(1.12231 -3.0460482e-09 0)
(1.12231 -4.0281105e-09 0)
(1.1223101 -2.0194647e-09 0)
(1.12231 2.1749503e-09 0)
(1.1223101 5.3218138e-09 0)
(1.1223099 3.5602516e-08 0)
(1.1223101 6.9986043e-08 0)
(1.12231 1.2204692e-07 0)
(1.1223101 2.4235677e-08 0)
(1.0019381 -0.052732953 0)
(1.0365395 -0.10225274 0)
(1.0602516 -0.11315449 0)
(1.0635369 -0.1090466 0)
(1.0522935 -0.099516703 0)
(1.0346516 -0.087114671 0)
(1.0147897 -0.07337312 0)
(0.99415464 -0.059906699 0)
(0.9735885 -0.047880404 0)
(0.95388175 -0.037787599 0)
(0.93564765 -0.029665799 0)
(0.91918061 -0.023329647 0)
(0.90451509 -0.018503055 0)
(0.89154112 -0.014887652 0)
(0.88008813 -0.012203183 0)
(0.86996983 -0.01021005 0)
(0.86100605 -0.0087172444 0)
(0.85303326 -0.0075802923 0)
(0.8459089 -0.0066942001 0)
(0.83951191 -0.0059849499 0)
(0.83374118 -0.0054015119 0)
(0.82851289 -0.0049092213 0)
(0.82375775 -0.0044847022 0)
(0.81941835 -0.0041121799 0)
(0.81544688 -0.0037808981 0)
(0.81180323 -0.0034833608 0)
(0.80845345 -0.0032141665 0)
(0.80536858 -0.0029692543 0)
(0.80252372 -0.0027454288 0)
(0.79989731 -0.0025400623 0)
(0.79747064 -0.0023509146 0)
(0.79522734 -0.002176024 0)
(0.79315314 -0.0020136484 0)
(0.79123554 -0.0018622326 0)
(0.78946363 -0.0017203976 0)
(0.78782787 -0.0015869359 0)
(0.78631992 -0.0014608188 0)
(0.78493245 -0.001341198 0)
(0.78365898 -0.0012274125 0)
(0.78249368 -0.001118981 0)
(0.78143128 -0.0010155977 0)
(0.78046678 -0.00091710923 0)
(0.77959545 -0.00082349779 0)
(0.77881258 -0.00073484603 0)
(0.77811346 -0.00065131062 0)
(0.77749326 -0.00057308197 0)
(0.776947 -0.00050035628 0)
(0.77646955 -0.00043329903 0)
(0.77605563 -0.00037202221 0)
(0.77569984 -0.00031656325 0)
(0.77539676 -0.00026687979 0)
(0.77514099 -0.00022284341 0)
(0.7749272 -0.00018424368 0)
(0.77475029 -0.0001507947 0)
(0.77460538 -0.00012214714 0)
(0.77448792 -9.7903781e-05 0)
(0.77439372 -7.7634538e-05 0)
(0.77431899 -6.0895388e-05 0)
(0.77426036 -4.7241005e-05 0)
(0.77421487 -3.6241851e-05 0)
(0.77417997 -2.7491011e-05 0)
(0.77415351 -2.0617025e-05 0)
(0.77413366 -1.5284099e-05 0)
(0.77411896 -1.1199979e-05 0)
(0.77410819 -8.1105561e-06 0)
(0.7741004 -5.8043381e-06 0)
(0.77409483 -4.1035285e-06 0)
(0.7740909 -2.8664382e-06 0)
(0.77408814 -1.976996e-06 0)
(0.77408626 -1.3469524e-06 0)
(0.77408496 -9.0536594e-07 0)
(0.77408411 -6.0112906e-07 0)
(0.77408353 -3.9318287e-07 0)
(0.77408316 -2.5408037e-07 0)
(0.77408291 -1.6128708e-07 0)
(0.77408276 -1.0133727e-07 0)
(0.77408266 -6.215264e-08 0)
(0.77408261 -3.788092e-08 0)
(0.77408256 -2.2213435e-08 0)
(0.77408255 -1.3152435e-08 0)
(0.77408253 -7.2203147e-09 0)
(0.77408253 -4.1064778e-09 0)
(0.77408252 -1.973523e-09 0)
(0.77408252 -1.0979762e-09 0)
(0.77408252 -4.9958718e-10 0)
(0.77408252 -3.2346976e-10 0)
(0.77408251 -5.1008683e-10 0)
(0.77408252 -6.4613064e-10 0)
(0.77408251 -1.5458349e-09 0)
(0.77408252 -2.0450272e-09 0)
(0.77408251 -3.6349205e-09 0)
(0.77408252 -3.540013e-09 0)
(0.7740825 -3.152465e-09 0)
(0.77408252 -1.6845046e-09 0)
(0.77408248 -1.1937936e-09 0)
(0.77408252 4.677509e-09 0)
(0.77408246 3.5363749e-08 0)
(0.77408259 8.7447156e-08 0)
(0.7740826 1.4328991e-07 0)
(0.77408269 2.5033878e-08 0)
(0.92074242 -0.03382768 0)
(0.8635379 -0.056684191 0)
(0.78799127 -0.052753994 0)
(0.69766161 -0.041237061 0)
(0.61471542 -0.03020314 0)
(0.54875554 -0.020988076 0)
(0.4982731 -0.013660658 0)
(0.45949313 -0.008299753 0)
(0.42978723 -0.0047358805 0)
(0.40728522 -0.0025321788 0)
(0.39034405 -0.0012497893 0)
(0.37751564 -0.00056179386 0)
(0.36764114 -0.00024260249 0)
(0.35985954 -0.00013662206 0)
(0.3535569 -0.00013974183 0)
(0.34830611 -0.00018758608 0)
(0.34381568 -0.00024449958 0)
(0.33988949 -0.00029347496 0)
(0.33639665 -0.00032839395 0)
(0.33324952 -0.00034882492 0)
(0.33038853 -0.00035686204 0)
(0.32777195 -0.00035537041 0)
(0.32536928 -0.00034711828 0)
(0.3231571 -0.00033442397 0)
(0.32111659 -0.00031907244 0)
(0.31923193 -0.00030235715 0)
(0.31748947 -0.00028516783 0)
(0.31587717 -0.00026808545 0)
(0.31438431 -0.00025146595 0)
(0.31300129 -0.00023550808 0)
(0.31171953 -0.00022030469 0)
(0.31053135 -0.00020587998 0)
(0.30942993 -0.00019221531 0)
(0.30840926 -0.00017926617 0)
(0.30746402 -0.00016697478 0)
(0.30658956 -0.00015527764 0)
(0.30578183 -0.00014411311 0)
(0.30503726 -0.00013342405 0)
(0.30435271 -0.00012316351 0)
(0.30372536 -0.00011329395 0)
(0.30315264 -0.00010379209 0)
(0.30263211 -9.4645336e-05 0)
(0.30216143 -8.5855833e-05 0)
(0.30173823 -7.7433927e-05 0)
(0.30136012 -6.940119e-05 0)
(0.30102459 -6.1782036e-05 0)
(0.30072904 -5.4605981e-05 0)
(0.30047076 -4.7898122e-05 0)
(0.30024691 -4.167931e-05 0)
(0.3000546 -3.5961617e-05 0)
(0.29989088 -3.0753791e-05 0)
(0.29975282 -2.6056512e-05 0)
(0.29963753 -2.1864765e-05 0)
(0.29954221 -1.816505e-05 0)
(0.29946422 -1.4937244e-05 0)
(0.29940106 -1.2154423e-05 0)
(0.29935047 -9.7841158e-06 0)
(0.29931037 -7.7903963e-06 0)
(0.29927895 -6.1339827e-06 0)
(0.29925459 -4.7757574e-06 0)
(0.29923593 -3.6755659e-06 0)
(0.29922179 -2.7965774e-06 0)
(0.29921119 -2.1025837e-06 0)
(0.29920335 -1.5625883e-06 0)
(0.29919761 -1.1469677e-06 0)
(0.29919346 -8.3218063e-07 0)
(0.2991905 -5.9596431e-07 0)
(0.29918841 -4.2197473e-07 0)
(0.29918695 -2.9454775e-07 0)
(0.29918594 -2.034274e-07 0)
(0.29918526 -1.3822005e-07 0)
(0.2991848 -9.3116697e-08 0)
(0.2991845 -6.141214e-08 0)
(0.2991843 -4.0365594e-08 0)
(0.29918417 -2.572402e-08 0)
(0.29918409 -1.6567678e-08 0)
(0.29918404 -1.006948e-08 0)
(0.29918401 -6.4091138e-09 0)
(0.29918399 -3.6223306e-09 0)
(0.29918398 -2.3765742e-09 0)
(0.29918397 -1.1369553e-09 0)
(0.29918397 -8.4243925e-10 0)
(0.29918397 -2.7481755e-10 0)
(0.29918396 -3.5577187e-10 0)
(0.29918396 -5.0321816e-11 0)
(0.29918396 -2.3823093e-10 0)
(0.29918396 -1.4818226e-10 0)
(0.29918396 -3.7297351e-10 0)
(0.29918396 -4.6447133e-10 0)
(0.29918396 -7.1193767e-10 0)
(0.29918395 -9.7622695e-10 0)
(0.29918395 -8.6158022e-10 0)
(0.29918395 -7.8847644e-10 0)
(0.29918395 -7.6133455e-10 0)
(0.29918394 -1.5675255e-09 0)
(0.29918394 3.1806963e-09 0)
(0.29918396 1.3665239e-08 0)
(0.29918405 2.3850283e-08 0)
(0.29918417 2.8050634e-08 0)
(0.29918422 -1.1467022e-08 0)
)
;

boundaryField
{
    top
    {
        type            fixedValue;
        value           uniform (0 0 0);
    }
    bottom
    {
        type            fixedValue;
        value           uniform (0 0 0);
    }
    inlet
    {
        type            fixedValue;
        value           uniform (1 0 0);
    }
    outlet
    {
        type            zeroGradient;
    }
    front
    {
        type            empty;
    }
    back
    {
        type            empty;
    }
}


// ************************************************************************* //
