/*--------------------------------*- C++ -*----------------------------------*\
  =========                 |
  \\      /  F ield         | OpenFOAM: The Open Source CFD Toolbox
   \\    /   O peration     | Website:  https://openfoam.org
    \\  /    A nd           | Version:  13
     \\/     M anipulation  |
\*---------------------------------------------------------------------------*/
FoamFile
{
    format      ascii;
    class       volScalarField;
    location    "2";
    object      p;
}
// * * * * * * * * * * * * * * * * * * * * * * * * * * * * * * * * * * * * * //

dimensions      [0 2 -2 0 0 0 0];

internalField   nonuniform List<scalar> 
1000
(
1.7788142
1.6588144
1.5629373
1.4990676
1.4504715
1.407881
1.3700726
1.3374168
1.3094031
1.284953
1.2630641
1.2429988
1.2242519
1.2064907
1.1895039
1.1731543
1.1573431
1.1419893
1.1270216
1.1123719
1.0979746
1.0837703
1.0697078
1.0557454
1.0418509
1.0280006
1.0141781
1.0003697
0.98656768
0.97276962
0.9589733
0.94517726
0.93138089
0.91758401
0.90378666
0.88998894
0.87619098
0.86239285
0.84859464
0.83479637
0.82099809
0.80719981
0.79340152
0.77960323
0.76580495
0.75200666
0.73820839
0.72441011
0.71061184
0.69681357
0.68301529
0.66921702
0.65541875
0.64162049
0.62782222
0.61402395
0.60022568
0.58642741
0.57262914
0.55883088
0.54503261
0.53123434
0.51743607
0.50363781
0.48983954
0.47604127
0.46224301
0.44844474
0.43464647
0.4208482
0.40704993
0.39325167
0.3794534
0.36565514
0.35185686
0.3380586
0.32426033
0.31046207
0.29666379
0.28286553
0.26906727
0.25526898
0.24147074
0.22767244
0.21387421
0.20007591
0.18627766
0.1724794
0.15868111
0.14488287
0.13108458
0.1172863
0.10348805
0.089689738
0.075891466
0.062093248
0.048294924
0.034496664
0.020698313
0.0068994562
1.6570771
1.6023347
1.5411768
1.4893521
1.446337
1.4080514
1.3730682
1.3416257
1.3137824
1.2890209
1.2666055
1.2459233
1.2265617
1.2082519
1.1908064
1.1740871
1.1579873
1.1424169
1.1272917
1.1125317
1.0980609
1.0838102
1.0697206
1.055744
1.0418434
1.027991
1.0141669
1.0003595
0.98656103
0.97276567
0.95897096
0.9451759
0.93138012
0.9175836
0.90378645
0.88998885
0.87619095
0.86239285
0.84859465
0.83479639
0.82099811
0.80719981
0.79340152
0.77960323
0.76580495
0.75200666
0.73820839
0.72441011
0.71061184
0.69681357
0.68301529
0.66921702
0.65541875
0.64162049
0.62782222
0.61402395
0.60022568
0.58642741
0.57262914
0.55883088
0.54503261
0.53123434
0.51743607
0.50363781
0.48983954
0.47604127
0.46224301
0.44844474
0.43464647
0.42084821
0.40704993
0.39325167
0.3794534
0.36565514
0.35185686
0.3380586
0.32426033
0.31046207
0.2966638
0.28286552
0.26906728
0.25526897
0.24147075
0.22767243
0.21387421
0.20007592
0.18627765
0.17247942
0.15868109
0.14488288
0.13108458
0.1172863
0.10348804
0.089689766
0.075891452
0.062093275
0.04829499
0.034496727
0.020698469
0.00689961
1.5955672
1.5692136
1.5310654
1.4903745
1.4518459
1.4158678
1.3820727
1.3506571
1.3219427
1.2958974
1.2721517
1.2502623
1.2298828
1.2107635
1.192697
1.1755022
1.1590344
1.1431812
1.1278438
1.1129265
1.0983388
1.0840014
1.0698487
1.0558277
1.0418964
1.0280234
1.0141865
1.0003707
0.98656655
0.97276799
0.95897166
0.94517587
0.93137979
0.91758321
0.90378611
0.88998859
0.87619076
0.86239272
0.84859457
0.83479634
0.82099808
0.8071998
0.79340151
0.77960323
0.76580494
0.75200666
0.73820839
0.72441011
0.71061184
0.69681357
0.68301529
0.66921702
0.65541875
0.64162049
0.62782222
0.61402395
0.60022568
0.58642741
0.57262914
0.55883088
0.54503261
0.53123434
0.51743607
0.50363781
0.48983954
0.47604127
0.462243
0.44844474
0.43464647
0.42084821
0.40704993
0.39325167
0.37945339
0.36565514
0.35185686
0.33805861
0.32426032
0.31046207
0.2966638
0.28286552
0.26906728
0.25526896
0.24147077
0.22767242
0.21387422
0.20007592
0.18627764
0.17247943
0.15868107
0.14488291
0.13108456
0.11728632
0.10348803
0.089689747
0.075891462
0.062093225
0.048294942
0.03449676
0.020698512
0.0068996243
1.5665567
1.5507156
1.5240726
1.490725
1.4555016
1.4210153
1.3880494
1.3569056
1.3279017
1.3012028
1.2766784
1.2540289
1.2329705
1.2132789
1.1947433
1.1771583
1.1603577
1.1442218
1.1286502
1.1135418
1.0987983
1.0843353
1.0700845
1.0559895
1.0420043
1.0280931
1.0142298
1.0003965
0.9865811
0.9727757
0.9589754
0.94517739
0.93138022
0.91758313
0.90378585
0.88998831
0.87619052
0.86239255
0.84859445
0.83479626
0.82099803
0.80719977
0.7934015
0.77960322
0.76580494
0.75200666
0.73820839
0.72441011
0.71061184
0.69681357
0.68301529
0.66921702
0.65541875
0.64162048
0.62782222
0.61402395
0.60022568
0.58642741
0.57262914
0.55883088
0.54503261
0.53123434
0.51743607
0.50363781
0.48983954
0.47604127
0.462243
0.44844474
0.43464647
0.42084821
0.40704993
0.39325168
0.37945339
0.36565514
0.35185685
0.33805861
0.32426032
0.31046207
0.2966638
0.28286551
0.26906729
0.25526895
0.24147078
0.22767241
0.21387423
0.20007591
0.18627763
0.17247945
0.15868105
0.14488294
0.13108453
0.11728632
0.10348805
0.089689684
0.075891479
0.062093171
0.048294863
0.034496815
0.020698555
0.0068995871
1.5540122
1.5417754
1.5197136
1.4899233
1.4565774
1.4229709
1.3905366
1.3597065
1.3307477
1.303869
1.2790532
1.2560861
1.2347243
1.2147616
1.1959904
1.1781983
1.1612121
1.144912
1.1291998
1.1139727
1.0991295
1.0845835
1.0702656
1.0561182
1.0420933
1.0281528
1.0142685
1.0004207
0.98659565
0.97278401
0.95897987
0.9451796
0.93138115
0.91758341
0.90378584
0.88998818
0.87619038
0.86239243
0.84859435
0.8347962
0.82099799
0.80719974
0.79340148
0.77960321
0.76580493
0.75200666
0.73820838
0.72441011
0.71061184
0.69681356
0.68301529
0.66921702
0.65541875
0.64162048
0.62782222
0.61402395
0.60022568
0.58642741
0.57262914
0.55883088
0.54503261
0.53123434
0.51743607
0.50363781
0.48983954
0.47604127
0.462243
0.44844474
0.43464647
0.42084821
0.40704993
0.39325168
0.37945339
0.36565514
0.35185685
0.33805861
0.32426032
0.31046207
0.2966638
0.28286551
0.26906729
0.25526895
0.24147078
0.2276724
0.21387423
0.20007591
0.18627763
0.17247947
0.15868103
0.14488296
0.13108452
0.11728631
0.10348807
0.089689638
0.07589149
0.062093168
0.04829481
0.034496851
0.020698589
0.0068995595
1.5540122
1.5417754
1.5197136
1.4899233
1.4565774
1.4229709
1.3905366
1.3597064
1.3307477
1.303869
1.2790532
1.2560861
1.2347243
1.2147616
1.1959904
1.1781983
1.1612121
1.144912
1.1291998
1.1139728
1.0991295
1.0845835
1.0702656
1.0561182
1.0420933
1.0281528
1.0142685
1.0004207
0.98659563
0.97278399
0.95897984
0.94517958
0.93138113
0.9175834
0.90378582
0.88998817
0.87619037
0.86239242
0.84859435
0.83479619
0.82099798
0.80719974
0.79340148
0.77960321
0.76580493
0.75200666
0.73820838
0.72441011
0.71061184
0.69681356
0.68301529
0.66921702
0.65541875
0.64162048
0.62782222
0.61402395
0.60022568
0.58642741
0.57262914
0.55883088
0.54503261
0.53123434
0.51743607
0.50363781
0.48983954
0.47604127
0.462243
0.44844474
0.43464647
0.42084821
0.40704993
0.39325168
0.37945339
0.36565514
0.35185685
0.33805861
0.32426032
0.31046207
0.2966638
0.28286551
0.26906729
0.25526895
0.24147078
0.2276724
0.21387424
0.20007592
0.18627763
0.17247947
0.15868103
0.14488296
0.13108452
0.11728631
0.10348807
0.089689637
0.075891489
0.062093168
0.04829481
0.03449685
0.020698589
0.0068995596
1.5665567
1.5507156
1.5240726
1.490725
1.4555016
1.4210152
1.3880494
1.3569056
1.3279017
1.3012028
1.2766784
1.2540289
1.2329705
1.2132789
1.1947433
1.1771583
1.1603578
1.1442219
1.1286503
1.1135418
1.0987983
1.0843354
1.0700845
1.0559895
1.0420043
1.028093
1.0142297
1.0003964
0.98658103
0.97277563
0.95897533
0.94517733
0.93138017
0.91758309
0.90378582
0.88998828
0.8761905
0.86239253
0.84859443
0.83479625
0.82099802
0.80719976
0.79340149
0.77960321
0.76580493
0.75200666
0.73820838
0.72441011
0.71061183
0.69681356
0.68301529
0.66921702
0.65541875
0.64162048
0.62782222
0.61402395
0.60022568
0.58642741
0.57262914
0.55883088
0.54503261
0.53123434
0.51743607
0.50363781
0.48983954
0.47604127
0.462243
0.44844474
0.43464647
0.42084821
0.40704993
0.39325168
0.37945339
0.36565514
0.35185686
0.33805861
0.32426032
0.31046207
0.2966638
0.28286551
0.26906729
0.25526895
0.24147078
0.22767241
0.21387423
0.20007592
0.18627764
0.17247946
0.15868105
0.14488294
0.13108453
0.11728632
0.10348805
0.089689681
0.075891478
0.06209317
0.048294865
0.034496817
0.020698556
0.0068995878
1.5955672
1.5692136
1.5310654
1.4903744
1.4518459
1.4158678
1.3820727
1.3506571
1.3219427
1.2958973
1.2721517
1.2502623
1.2298828
1.2107635
1.192697
1.1755022
1.1590345
1.1431812
1.1278439
1.1129266
1.0983389
1.0840015
1.0698487
1.0558277
1.0418963
1.0280234
1.0141864
1.0003706
0.98656644
0.97276788
0.95897157
0.94517579
0.93137971
0.91758315
0.90378606
0.88998854
0.87619072
0.86239269
0.84859454
0.83479632
0.82099806
0.80719978
0.7934015
0.77960322
0.76580494
0.75200666
0.73820838
0.72441011
0.71061183
0.69681356
0.68301529
0.66921702
0.65541875
0.64162048
0.62782222
0.61402395
0.60022568
0.58642741
0.57262914
0.55883088
0.54503261
0.53123434
0.51743608
0.50363781
0.48983954
0.47604127
0.46224301
0.44844474
0.43464647
0.42084821
0.40704993
0.39325167
0.37945339
0.36565514
0.35185686
0.33805861
0.32426032
0.31046207
0.2966638
0.28286552
0.26906729
0.25526896
0.24147077
0.22767242
0.21387422
0.20007592
0.18627765
0.17247944
0.15868108
0.14488291
0.13108456
0.11728631
0.10348803
0.089689741
0.07589146
0.062093228
0.048294946
0.034496764
0.020698514
0.0068996256
1.6570771
1.6023347
1.5411768
1.4893521
1.446337
1.4080513
1.3730682
1.3416256
1.3137824
1.2890209
1.2666055
1.2459233
1.2265617
1.2082519
1.1908064
1.1740871
1.1579874
1.142417
1.1272918
1.1125318
1.098061
1.0838103
1.0697206
1.055744
1.0418433
1.0279909
1.0141668
1.0003594
0.9865609
0.97276555
0.95897084
0.9451758
0.93138003
0.91758352
0.90378639
0.8899888
0.8761909
0.86239282
0.84859462
0.83479637
0.82099809
0.8071998
0.79340151
0.77960322
0.76580494
0.75200666
0.73820838
0.72441011
0.71061183
0.69681356
0.68301529
0.66921702
0.65541875
0.64162048
0.62782222
0.61402395
0.60022568
0.58642741
0.57262914
0.55883088
0.54503261
0.53123434
0.51743608
0.50363781
0.48983954
0.47604127
0.46224301
0.44844474
0.43464647
0.42084821
0.40704993
0.39325167
0.3794534
0.36565514
0.35185686
0.3380586
0.32426033
0.31046207
0.2966638
0.28286552
0.26906728
0.25526897
0.24147075
0.22767243
0.21387422
0.20007592
0.18627765
0.17247942
0.1586811
0.14488288
0.13108458
0.1172863
0.10348803
0.089689759
0.07589145
0.062093279
0.048294995
0.034496731
0.02069847
0.0068996109
1.7788142
1.6588144
1.5629373
1.4990676
1.4504715
1.4078809
1.3700726
1.3374168
1.3094031
1.284953
1.2630641
1.2429988
1.2242519
1.2064907
1.1895039
1.1731543
1.1573431
1.1419894
1.1270217
1.1123719
1.0979747
1.0837703
1.0697078
1.0557453
1.0418508
1.0280005
1.014178
1.0003696
0.98656755
0.97276949
0.95897318
0.94517715
0.93138079
0.91758393
0.90378659
0.88998889
0.87619093
0.86239282
0.84859461
0.83479635
0.82099807
0.80719979
0.7934015
0.77960322
0.76580494
0.75200666
0.73820838
0.72441011
0.71061183
0.69681356
0.68301529
0.66921702
0.65541875
0.64162048
0.62782222
0.61402395
0.60022568
0.58642741
0.57262914
0.55883088
0.54503261
0.53123434
0.51743608
0.50363781
0.48983954
0.47604127
0.46224301
0.44844474
0.43464647
0.4208482
0.40704993
0.39325167
0.3794534
0.36565514
0.35185686
0.3380586
0.32426033
0.31046207
0.29666379
0.28286553
0.26906727
0.25526899
0.24147074
0.22767244
0.21387421
0.20007592
0.18627766
0.17247941
0.15868111
0.14488287
0.13108458
0.11728629
0.10348805
0.089689735
0.075891469
0.062093253
0.048294926
0.034496663
0.020698311
0.0068994561
)
;

boundaryField
{
    top
    {
        type            zeroGradient;
    }
    bottom
    {
        type            zeroGradient;
    }
    inlet
    {
        type            zeroGradient;
    }
    outlet
    {
        type            fixedValue;
        value           uniform 0;
    }
    front
    {
        type            empty;
    }
    back
    {
        type            empty;
    }
}


// ************************************************************************* //
