/*--------------------------------*- C++ -*----------------------------------*\
  =========                 |
  \\      /  F ield         | OpenFOAM: The Open Source CFD Toolbox
   \\    /   O peration     | Website:  https://openfoam.org
    \\  /    A nd           | Version:  13
     \\/     M anipulation  |
\*---------------------------------------------------------------------------*/
FoamFile
{
    format      ascii;
    class       surfaceScalarField;
    location    "2";
    object      phi;
}
// * * * * * * * * * * * * * * * * * * * * * * * * * * * * * * * * * * * * * //

dimensions      [0 3 -1 0 0 0 0];

internalField   nonuniform List<scalar> 
1890
(
0.0093140904
0.00068590963
0.0082964224
0.0010176679
0.0073483448
0.00094807758
0.0065174459
0.00083089884
0.0058125865
0.0007048595
0.0052394008
0.0005731857
0.0047903338
0.00044906696
0.0044471999
0.0003431339
0.0041891448
0.000258055
0.0039967336
0.0001924112
0.0038538761
0.00014285765
0.0037476735
0.00010620268
0.0036682741
7.9399398e-05
0.0036085847
5.9689474e-05
0.0035636737
4.4910904e-05
0.003530055
3.3618711e-05
0.0035051295
2.4925467e-05
0.0034869218
1.8207607e-05
0.0034739099
1.3011981e-05
0.0034648598
9.0500966e-06
0.0034587658
6.0940018e-06
0.0034548085
3.9574079e-06
0.003452342
2.4665146e-06
0.0034508794
1.4626041e-06
0.0034500673
8.1215185e-07
0.0034496583
4.0894996e-07
0.0034494846
1.7373521e-07
0.0034494325
5.2073422e-08
0.003449435
-2.5408392e-09
0.0034494613
-2.6263016e-08
0.0034494934
-3.2115441e-08
0.0034495221
-2.8650161e-08
0.0034495441
-2.2008289e-08
0.0034495594
-1.5307841e-08
0.0034495692
-9.8069605e-09
0.0034495751
-5.8184428e-09
0.0034495783
-3.1831919e-09
0.0034495798
-1.5632608e-09
0.0034495805
-6.3472341e-10
0.0034495806
-1.5359613e-10
0.0034495806
4.126203e-11
0.0034495805
1.240554e-10
0.0034495803
1.393971e-10
0.0034495802
1.2224694e-10
0.0034495801
9.7310301e-11
0.00344958
7.1784564e-11
0.00344958
5.2557549e-11
0.0034495799
3.6947481e-11
0.0034495799
2.7392527e-11
0.0034495799
1.9690842e-11
0.0034495799
1.584851e-11
0.0034495798
1.1911625e-11
0.0034495798
1.0407852e-11
0.0034495798
7.9376308e-12
0.0034495798
7.3431695e-12
0.0034495798
5.3048313e-12
0.0034495798
4.9897456e-12
0.0034495798
3.1486139e-12
0.0034495798
3.2045341e-12
0.0034495798
1.3569564e-12
0.0034495798
1.939089e-12
0.0034495798
-3.4437732e-13
0.0034495798
1.7362818e-12
0.0034495798
-2.4920653e-12
0.0034495798
3.3236962e-12
0.0034495798
-6.8515546e-12
0.0034495798
9.1252298e-12
0.0034495798
-1.7205145e-11
0.0034495798
2.4016781e-11
0.0034495798
-4.1086744e-11
0.0034495798
5.7671119e-11
0.0034495799
-9.0352788e-11
0.0034495797
1.2306992e-10
0.0034495799
-1.7730207e-10
0.0034495797
2.2766465e-10
0.00344958
-2.9749475e-10
0.0034495796
3.4629707e-10
0.00344958
-3.9528981e-10
0.0034495797
3.8345911e-10
0.00344958
-3.3311364e-10
0.0034495798
1.7086475e-10
0.0034495798
4.6508023e-11
0.0034495801
-3.7901363e-10
0.0034495794
7.0332458e-10
0.0034495805
-1.0332113e-09
0.0034495793
1.1459718e-09
0.0034495804
-1.0735982e-09
0.0034495797
6.5651593e-10
0.0034495799
-1.2759896e-10
0.0034495803
-4.4658495e-10
0.0034495798
5.9105673e-10
0.0034495802
-3.3464641e-10
0.0034495807
-4.8383321e-10
0.0034495794
1.1649718e-09
0.0034495808
-1.6582607e-09
0.0034495799
8.0035398e-10
0.0034495813
-1.2759589e-09
0.0034495828
-1.2337009e-09
0.0034495862
-3.2038443e-09
5.7311601e-09
0.010341676
0.00034423388
0.010578258
0.00078108592
0.01061585
0.0009104857
0.010554264
0.00089248434
0.010426378
0.00083274522
0.010249585
0.00074997929
0.010046843
0.00065180909
0.0098388471
0.00055112941
0.0096384121
0.00045848997
0.0094525725
0.00037825078
0.0092848605
0.00031056972
0.0091368123
0.00025425102
0.0090085659
0.00020764583
0.0088994336
0.00016882176
0.0088083224
0.00013602206
0.008733856
0.00010808514
0.0086743986
8.4382819e-05
0.0086280961
6.4510002e-05
0.0085929897
4.8118474e-05
0.0085671414
3.4898418e-05
0.0085486994
2.4535977e-05
0.0085359776
1.6679295e-05
0.0085275145
1.0929595e-05
0.0085221062
6.8709617e-06
0.0085188052
4.1131686e-06
0.0085168965
2.3176008e-06
0.008515866
1.2042246e-06
0.0085153648
5.5332309e-07
0.0085151629
1.9930674e-07
0.0085151126
2.4056496e-08
0.0085151294
-4.8881384e-08
0.0085151688
-6.8030575e-08
0.0085152095
-6.2741901e-08
0.0085152432
-4.8947103e-08
0.0085152678
-3.4407188e-08
0.0085152843
-2.2334576e-08
0.0085152947
-1.3504773e-08
0.0085153007
-7.5819481e-09
0.0085153039
-3.895316e-09
0.0085153056
-1.7566844e-09
0.0085153062
-6.1442843e-10
0.0085153064
-5.8299143e-11
0.0085153064
1.6852075e-10
0.0085153062
2.2919604e-10
0.0085153061
2.1575786e-10
0.008515306
1.7753852e-10
0.0085153059
1.3651368e-10
0.0085153059
1.0221124e-10
0.0085153058
7.5871137e-11
0.0085153058
5.7429283e-11
0.0085153057
4.4289395e-11
0.0085153057
3.5451671e-11
0.0085153057
2.8772622e-11
0.0085153057
2.4116229e-11
0.0085153057
2.0102613e-11
0.0085153057
1.6948218e-11
0.0085153056
1.3964091e-11
0.0085153056
1.1388622e-11
0.0085153056
9.3071347e-12
0.0085153056
6.7221277e-12
0.0085153056
5.9623741e-12
0.0085153056
2.2905133e-12
0.0085153056
4.7418666e-12
0.0085153056
-3.1361146e-12
0.0085153056
7.2853723e-12
0.0085153056
-1.3083712e-11
0.0085153056
1.8277483e-11
0.0085153056
-3.4773254e-11
0.0085153056
4.7033349e-11
0.0085153056
-8.1722775e-11
0.0085153056
1.0994919e-10
0.0085153057
-1.7285058e-10
0.0085153056
2.2496298e-10
0.0085153057
-3.2052927e-10
0.0085153056
3.891932e-10
0.0085153058
-4.9375946e-10
0.0085153056
5.2743005e-10
0.0085153057
-5.5982216e-10
0.0085153057
4.418953e-10
0.0085153056
-2.7014517e-10
0.0085153059
-1.2495012e-10
0.0085153054
5.4954909e-10
0.0085153062
-1.140033e-09
0.0085153053
1.5312431e-09
0.0085153061
-1.8329485e-09
0.0085153057
1.5639761e-09
0.0085153057
-1.034438e-09
0.0085153064
-4.4155609e-11
0.0085153054
8.6167528e-10
0.0085153064
-1.4414354e-09
0.0085153062
8.3861826e-10
0.0085153057
2.9719008e-10
0.0085153072
-2.0747892e-09
0.0085153055
2.7910474e-09
0.0085153062
-2.546519e-09
0.0085153057
1.1030111e-09
0.0085153049
-3.4580157e-10
0.0085153056
-1.6373529e-09
0.0085153067
-4.113646e-09
9.5064757e-09
0.010181463
0.0001627713
0.010521782
0.00044076671
0.010842408
0.00058985915
0.011112599
0.00062229351
0.011335672
0.00060967191
0.011507939
0.00057771306
0.011629699
0.00053004885
0.011708444
0.00047238432
0.011753879
0.00041305539
0.011774477
0.0003576522
0.011776937
0.0003081098
0.011766685
0.00026450291
0.011748052
0.00022627879
0.011724341
0.00019253332
0.011698056
0.00016230664
0.011671153
0.00013498847
0.011645148
0.00011038715
0.011621154
8.8504786e-05
0.011599906
6.9366205e-05
0.011581813
5.2991632e-05
0.011566978
3.9370821e-05
0.011555258
2.8399532e-05
0.01154633
1.9857823e-05
0.01153977
1.3430921e-05
0.011535122
8.7609401e-06
0.011531948
5.4916393e-06
0.011529861
3.2908484e-06
0.011528544
1.8704982e-06
0.011527748
9.9479201e-07
0.011527291
4.8121516e-07
0.011527044
1.987846e-07
0.011526919
5.6278525e-08
0.011526864
-7.3325211e-09
0.011526844
-2.9304704e-08
0.011526841
-3.1509872e-08
0.011526845
-2.6017192e-08
0.01152685
-1.8785309e-08
0.011526855
-1.2357165e-08
0.011526859
-7.5201562e-09
0.011526861
-4.2283429e-09
0.011526863
-2.1715904e-09
0.011526864
-9.7296077e-10
0.011526864
-3.3030109e-10
0.011526864
-1.7512442e-11
0.011526865
1.1122223e-10
0.011526865
1.4815958e-10
0.011526865
1.4275503e-10
0.011526865
1.2384147e-10
0.011526865
1.0175812e-10
0.011526865
8.3468824e-11
0.011526864
6.7955223e-11
0.011526864
5.691552e-11
0.011526864
4.7454557e-11
0.011526864
4.0873561e-11
0.011526864
3.4463512e-11
0.011526864
2.9783111e-11
0.011526864
2.4804952e-11
0.011526864
2.0989459e-11
0.011526864
1.719258e-11
0.011526864
1.3478412e-11
0.011526864
1.1465429e-11
0.011526864
6.5867261e-12
0.011526864
8.5485861e-12
0.011526864
-1.3878951e-12
0.011526864
1.0464859e-11
0.011526864
-1.4430751e-11
0.011526864
2.2308223e-11
0.011526864
-4.058169e-11
0.011526864
5.3989791e-11
0.011526864
-9.361285e-11
0.011526864
1.2102299e-10
0.011526864
-1.9006374e-10
0.011526864
2.3539115e-10
0.011526864
-3.3156972e-10
0.011526864
3.7671395e-10
0.011526864
-4.6307974e-10
0.011526864
4.399854e-10
0.011526864
-4.2294874e-10
0.011526865
2.1123853e-10
0.011526864
2.0019648e-11
0.011526865
-4.9190362e-10
0.011526864
8.880015e-10
0.011526865
-1.4103953e-09
0.011526865
1.5460577e-09
0.011526864
-1.5607195e-09
0.011526865
8.8075313e-10
0.011526864
-1.5557003e-10
0.011526865
-9.6329636e-10
0.011526865
1.3011217e-09
0.011526864
-1.2141015e-09
0.011526865
-2.3627272e-10
0.011526864
1.6851271e-09
0.011526865
-3.0518533e-09
0.011526865
2.8676479e-09
0.011526864
-1.5417968e-09
0.011526865
-1.3903153e-10
0.011526864
2.0232795e-10
0.011526864
-7.3099847e-10
0.011526862
-2.6736016e-09
8.1396537e-09
0.010094901
6.7870293e-05
0.010340169
0.00019549886
0.01065168
0.00027834779
0.010968823
0.00030515038
0.011272968
0.00030552685
0.011555064
0.00029561766
0.011806868
0.00027824419
0.012024548
0.00025470451
0.012209163
0.00022844014
0.012364163
0.00020265237
0.012493395
0.00017887775
0.012600527
0.00015737139
0.012688844
0.00013796214
0.012761072
0.00012030494
0.012819394
0.00010398513
0.012865644
8.8737501e-05
0.012901506
7.4525343e-05
0.012928577
6.1434144e-05
0.012948372
4.9571194e-05
0.012962315
3.9048711e-05
0.012971718
2.996799e-05
0.012977741
2.2376305e-05
0.012981364
1.6234938e-05
0.012983365
1.14297e-05
0.012984332
7.7943293e-06
0.012984685
5.1378712e-06
0.01298471
3.2663758e-06
0.012984584
1.9960162e-06
0.012984413
1.1663283e-06
0.012984248
6.4614367e-07
0.012984112
3.3469483e-07
0.01298401
1.5788214e-07
0.01298394
6.3334771e-08
0.012983893
1.7101081e-08
0.012983864
-2.6864087e-09
0.012983847
-9.0698089e-09
0.012983838
-9.3981231e-09
0.012983833
-7.5222616e-09
0.012983831
-5.2614374e-09
0.01298383
-3.3402876e-09
0.01298383
-1.9422274e-09
0.01298383
-1.0259455e-09
0.01298383
-4.6954578e-10
0.01298383
-1.5961415e-10
0.01298383
-9.7931454e-13
0.01298383
6.9887168e-11
0.01298383
9.3072651e-11
0.01298383
9.5901022e-11
0.01298383
8.8190355e-11
0.01298383
7.956173e-11
0.01298383
6.9402419e-11
0.01298383
6.1899211e-11
0.01298383
5.3812897e-11
0.01298383
4.8166194e-11
0.01298383
4.1506258e-11
0.01298383
3.6848203e-11
0.01298383
3.1080946e-11
0.01298383
2.69627e-11
0.01298383
2.2072273e-11
0.01298383
1.8191287e-11
0.01298383
1.4850653e-11
0.01298383
1.0342266e-11
0.01298383
1.0023734e-11
0.01298383
2.3290244e-12
0.01298383
9.0443431e-12
0.01298383
-8.4363638e-12
0.01298383
1.4912501e-11
0.01298383
-2.7288473e-11
0.01298383
3.3660557e-11
0.01298383
-6.2557731e-11
0.01298383
7.364299e-11
0.01298383
-1.2291084e-10
0.01298383
1.3899673e-10
0.01298383
-2.045141e-10
0.01298383
2.0969539e-10
0.01298383
-2.6518485e-10
0.012983831
2.1273185e-10
0.01298383
-2.0114984e-10
0.01298383
2.0955421e-11
0.01298383
1.0752407e-10
0.01298383
-4.319142e-10
0.012983831
6.0222107e-10
0.01298383
-9.0175379e-10
0.012983831
8.2163203e-10
0.01298383
-7.7723724e-10
0.012983831
1.9069783e-10
0.01298383
1.7335e-10
0.01298383
-8.3447591e-10
0.012983831
7.0516304e-10
0.01298383
-4.5500608e-10
0.012983831
-6.8586962e-10
0.012983831
1.4719164e-09
0.01298383
-2.0138409e-09
0.012983831
1.5041741e-09
0.01298383
-4.6976829e-10
0.01298383
-4.5192466e-10
0.01298383
2.2217351e-10
0.01298383
6.7698635e-11
0.012983828
-1.173383e-09
4.4339919e-09
0.01006787
4.5653906e-11
0.010263369
8.7786163e-11
0.010541717
1.2530654e-10
0.010846867
1.6979268e-10
0.011152394
2.085636e-10
0.011448011
2.5835329e-10
0.011726255
3.1691654e-10
0.011980959
3.5080412e-10
0.012209399
3.1432496e-10
0.012412051
2.261142e-10
0.012590929
1.9596498e-10
0.0127483
3.4239625e-10
0.012886261
7.3361967e-10
0.013006565
1.3414509e-09
0.013110548
2.0446758e-09
0.013199283
2.6546736e-09
0.013273805
2.977841e-09
0.013335236
2.8801416e-09
0.013384805
2.3405052e-09
0.013423852
1.4486778e-09
0.01345382
3.6232599e-10
0.013476197
-7.3186957e-10
0.013492433
-1.6576912e-09
0.013503865
-2.3194549e-09
0.013511662
-2.6739433e-09
0.013516803
-2.7383478e-09
0.013520072
-2.5564176e-09
0.01352207
-2.2160616e-09
0.013523238
-1.7926393e-09
0.013523886
-1.3634931e-09
0.013524221
-9.5796995e-10
0.01352438
-6.2667336e-10
0.013524444
-3.7149069e-10
0.013524461
-1.8084387e-10
0.013524458
-4.9105974e-11
0.013524449
3.9362601e-11
0.01352444
9.0887091e-11
0.013524432
1.1679035e-10
0.013524427
1.2886485e-10
0.013524423
1.2833008e-10
0.013524421
1.2433344e-10
0.01352442
1.1418383e-10
0.013524419
1.0572147e-10
0.013524419
9.4634075e-11
0.013524419
8.6845536e-11
0.013524419
7.7334051e-11
0.013524419
7.1531931e-11
0.013524419
6.4591843e-11
0.013524419
6.1039043e-11
0.013524419
5.5655197e-11
0.013524419
5.3131157e-11
0.013524419
4.8290328e-11
0.013524419
4.5851832e-11
0.013524419
4.0731852e-11
0.013524419
3.7956562e-11
0.013524419
3.2619493e-11
0.013524419
2.9711527e-11
0.013524419
2.4327579e-11
0.013524419
2.1590884e-11
0.013524419
1.6663398e-11
0.013524419
1.4441739e-11
0.013524419
1.0041899e-11
0.013524419
8.4004853e-12
0.013524419
4.7168898e-12
0.013524419
3.6714747e-12
0.013524419
4.003171e-13
0.013524419
-2.6708193e-13
0.013524419
-3.1982268e-12
0.013524419
-3.6458661e-12
0.013524419
-6.5877732e-12
0.013524419
-7.0991017e-12
0.013524419
-1.0111161e-11
0.013524419
-1.0869164e-11
0.013524419
-1.4341816e-11
0.013524419
-1.5634983e-11
0.013524419
-1.9626375e-11
0.013524419
-2.164048e-11
0.013524419
-2.6647026e-11
0.013524419
-2.9710243e-11
0.013524419
-3.6011627e-11
0.013524419
-4.0594011e-11
0.01352442
-4.9112625e-11
0.013524419
-5.591492e-11
0.01352442
-6.6840774e-11
0.013524419
-7.6149547e-11
0.013524419
-8.735845e-11
0.013524419
-9.3682076e-11
0.013524419
-9.6687754e-11
0.013524419
-9.325206e-11
0.013524419
-8.2068125e-11
0.013524419
-6.530067e-11
0.01352442
-3.4071594e-11
0.013524418
-1.1671258e-11
0.01352442
1.4556778e-11
0.013524419
2.4324944e-11
0.013524418
4.969452e-11
0.013524418
5.9349368e-11
0.013524419
9.4322162e-11
0.013524418
1.0411216e-10
1.1303001e-10
0.01006787
-6.787021e-05
0.010263369
-0.00019549869
0.010541717
-0.00027834754
0.010846867
-0.00030515005
0.011152394
-0.00030552644
0.011448011
-0.00029561717
0.011726255
-0.0002782436
0.011980959
-0.00025470386
0.012209399
-0.00022843954
0.012412051
-0.0002026519
0.012590929
-0.00017887727
0.0127483
-0.00015737056
0.012886261
-0.00013796054
0.013006564
-0.00012030218
0.013110548
-0.00010398111
0.013199283
-8.8732468e-05
0.013273805
-7.451988e-05
0.013335237
-6.1429038e-05
0.013384807
-4.9567253e-05
0.013423855
-3.9046509e-05
0.013453823
-2.9967799e-05
0.0134762
-2.2378124e-05
0.013492437
-1.6238349e-05
0.013503869
-1.1434178e-05
0.013511666
-7.7993607e-06
0.013516806
-5.1429019e-06
0.013520074
-3.2709791e-06
0.013522072
-1.9999364e-06
0.01352324
-1.1694597e-06
0.013523887
-6.485016e-07
0.013524222
-3.3626312e-07
0.01352438
-1.5889724e-07
0.013524444
-6.390828e-08
0.013524461
-1.7342644e-08
0.013524458
2.6673006e-09
0.013524449
9.1927724e-09
0.013524439
9.6020217e-09
0.013524432
7.7641832e-09
0.013524426
5.5168487e-09
0.013524423
3.5897143e-09
0.013524421
2.1795175e-09
0.01352442
1.2406288e-09
0.013524419
6.6521218e-10
0.013524419
3.3377775e-10
0.013524419
1.5879911e-10
0.013524419
7.1077948e-11
0.013524419
3.4934577e-11
0.013524419
2.0573631e-11
0.013524419
1.9818714e-11
0.013524419
2.0151064e-11
0.013524419
2.4080109e-11
0.013524419
2.4398391e-11
0.013524419
2.6355954e-11
0.013524419
2.4369868e-11
0.013524419
2.4403482e-11
0.013524419
2.1047359e-11
0.013524419
1.988528e-11
0.013524419
1.5991439e-11
0.013524419
1.437286e-11
0.013524419
1.1071986e-11
0.013524419
8.8197596e-12
0.013524419
7.1217115e-12
0.013524419
2.9638909e-12
0.013524419
5.7608356e-12
0.013524419
-4.4664669e-12
0.013524419
8.8510957e-12
0.013524419
-1.7274554e-11
0.013524419
2.1302482e-11
0.013524419
-4.2152678e-11
0.013524419
5.0363667e-11
0.013524419
-8.8418466e-11
0.013524419
1.0420021e-10
0.013524419
-1.6085777e-10
0.013524419
1.7780413e-10
0.013524419
-2.4049104e-10
0.013524419
2.2849042e-10
0.013524419
-2.5497197e-10
0.013524419
1.5110633e-10
0.013524419
-7.8562708e-11
0.013524419
-1.7517276e-10
0.013524419
3.5371883e-10
0.013524419
-6.9486161e-10
0.013524419
7.9418386e-10
0.01352442
-9.4728634e-10
0.013524419
6.3190903e-10
0.013524419
-3.5462468e-10
0.013524419
-3.502425e-10
0.013524419
6.5582014e-10
0.013524419
-8.7951037e-10
0.013524419
3.073062e-10
0.013524418
5.7027128e-10
0.01352442
-1.5186793e-09
0.013524418
2.0105982e-09
0.013524419
-1.459732e-09
0.013524419
5.2035544e-10
0.013524418
5.6981617e-10
0.013524418
-1.1156626e-10
0.013524419
1.3684414e-10
0.013524417
1.3659363e-09
-4.2219529e-09
0.010094901
-0.0001627712
0.010340169
-0.00044076653
0.01065168
-0.00058985891
0.010968823
-0.00062229322
0.011272969
-0.00060967157
0.011555064
-0.00057771267
0.011806869
-0.00053004838
0.012024549
-0.0004723838
0.012209164
-0.00041305487
0.012364164
-0.00035765169
0.012493396
-0.00030810916
0.012600527
-0.00026450186
0.012688844
-0.00022627703
0.012761072
-0.00019253065
0.012819394
-0.00016230311
0.012865646
-0.00013498443
0.012901509
-0.00011038316
0.012928582
-8.8501452e-05
0.012948378
-6.9364065e-05
0.012962323
-5.2991022e-05
0.012971727
-3.9371711e-05
0.01297775
-2.8401838e-05
0.012981373
-1.986113e-05
0.012983374
-1.3434675e-05
0.012984339
-8.7649119e-06
0.012984692
-5.4953522e-06
0.012984715
-3.2940771e-06
0.012984588
-1.8730994e-06
0.012984415
-9.967475e-07
0.012984249
-4.8274427e-07
0.012984113
-1.9953549e-07
0.012984011
-5.6770684e-08
0.012983939
7.1244171e-09
0.012983893
2.9301362e-08
0.012983864
3.1630703e-08
0.012983847
2.6211884e-08
0.012983837
1.9011329e-08
0.012983833
1.2596229e-08
0.01298383
7.7472913e-09
0.012983829
4.4445149e-09
0.012983829
2.3657273e-09
0.012983829
1.1460479e-09
0.01298383
4.7976074e-10
0.01298383
1.5079626e-10
0.01298383
2.769814e-12
0.01298383
-4.5430486e-11
0.01298383
-5.3845522e-11
0.01298383
-4.1041266e-11
0.01298383
-2.8637566e-11
0.01298383
-1.3483086e-11
0.01298383
-5.6087082e-12
0.01298383
3.3723588e-12
0.01298383
5.0216117e-12
0.01298383
9.3876567e-12
0.01298383
7.7199719e-12
0.01298383
9.841466e-12
0.01298383
6.4963771e-12
0.01298383
7.8816603e-12
0.01298383
3.9307271e-12
0.01298383
5.730848e-12
0.01298383
7.2543039e-13
0.01298383
4.4905835e-12
0.01298383
-3.6077725e-12
0.01298383
6.1525539e-12
0.01298383
-1.1360706e-11
0.01298383
1.3939224e-11
0.01298383
-2.789699e-11
0.01298383
3.5627026e-11
0.01298383
-6.4127255e-11
0.01298383
8.4077841e-11
0.01298383
-1.3586385e-10
0.01298383
1.7543884e-10
0.01298383
-2.5604795e-10
0.01298383
3.1049281e-10
0.01298383
-4.0459275e-10
0.01298383
4.3375152e-10
0.01298383
-4.7743965e-10
0.01298383
3.8258474e-10
0.01298383
-2.6125277e-10
0.01298383
-7.5227187e-11
0.01298383
4.2519092e-10
0.01298383
-9.6368424e-10
0.01298383
1.3187598e-09
0.012983831
-1.6485848e-09
0.01298383
1.438987e-09
0.012983831
-1.0113147e-09
0.01298383
9.4499205e-12
0.01298383
8.3040039e-10
0.012983831
-1.437204e-09
0.01298383
1.1117462e-09
0.01298383
1.6926829e-10
0.012983831
-1.6851618e-09
0.012983829
3.0876734e-09
0.012983831
-2.7927042e-09
0.012983829
1.6165504e-09
0.01298383
2.6910413e-10
0.01298383
-1.0141234e-10
0.012983829
8.9085704e-10
0.012983828
2.8383397e-09
-7.9502238e-09
0.010181463
-0.0003442338
0.010521782
-0.00078108577
0.010842408
-0.00091048552
0.011112599
-0.00089248415
0.011335673
-0.000832745
0.011507939
-0.00074997903
0.0116297
-0.00065180879
0.011708445
-0.00055112906
0.011753879
-0.00045848957
0.011774478
-0.00037825028
0.011776938
-0.00031056904
0.011766686
-0.00025425004
0.011748054
-0.00020764442
0.011724343
-0.00016881988
0.01169806
-0.00013601985
0.011671158
-0.00010808291
0.011645156
-8.4380912e-05
0.011621163
-6.4508752e-05
0.011599917
-4.8118104e-05
0.011581825
-3.4898931e-05
0.01156699
-2.4537281e-05
0.01155527
-1.6681203e-05
0.011546341
-1.0931839e-05
0.011539779
-6.8732563e-06
0.01153513
-4.1153512e-06
0.011531954
-2.3195123e-06
0.011529865
-1.2057901e-06
0.011528547
-5.5447391e-07
0.01152775
-2.0010172e-07
0.011527292
-2.4574392e-08
0.011527044
4.8676e-08
0.011526919
6.7977693e-08
0.011526863
6.2797234e-08
0.011526843
4.9076793e-08
0.01152684
3.4577979e-08
0.011526844
2.2523341e-08
0.011526849
1.3684669e-08
0.011526854
7.7591337e-09
0.011526858
4.0503841e-09
0.011526861
1.894466e-09
0.011526862
7.3642989e-10
0.011526863
1.6012977e-10
0.011526864
-8.4208556e-11
0.011526864
-1.5723369e-10
0.011526864
-1.5586684e-10
0.011526864
-1.2511599e-10
0.011526864
-9.1642026e-11
0.011526864
-6.1277569e-11
0.011526864
-3.9831661e-11
0.011526864
-2.3262962e-11
0.011526864
-1.3735713e-11
0.011526864
-6.4648281e-12
0.011526864
-3.5367817e-12
0.011526864
-4.8903852e-13
0.011526864
-3.3898575e-13
0.011526864
8.9887945e-13
0.011526864
-1.400824e-13
0.011526864
7.6850055e-13
0.011526864
-7.1545841e-13
0.011526864
4.3909384e-13
0.011526864
-2.005807e-12
0.011526864
8.3691432e-13
0.011526864
-4.193366e-12
0.011526864
3.1758362e-12
0.011526864
-9.6908233e-12
0.011526864
1.0613286e-11
0.011526864
-2.2924453e-11
0.011526864
2.995652e-11
0.011526864
-5.4231806e-11
0.011526864
7.4345311e-11
0.011526864
-1.1978965e-10
0.011526864
1.6231195e-10
0.011526864
-2.3853724e-10
0.011526864
3.0590615e-10
0.011526864
-4.0728631e-10
0.011526864
4.7377325e-10
0.011526864
-5.5178598e-10
0.011526864
5.3283753e-10
0.011526864
-4.7407322e-10
0.011526864
2.340691e-10
0.011526864
8.1462803e-11
0.011526864
-5.9851956e-10
0.011526864
1.0806056e-09
0.011526864
-1.5980435e-09
0.011526864
1.7561151e-09
0.011526865
-1.6451001e-09
0.011526864
9.4894369e-10
0.011526865
-3.3800997e-11
0.011526864
-9.3170678e-10
0.011526864
1.3992056e-09
0.011526865
-8.3877457e-10
0.011526864
-2.4710662e-10
0.011526864
2.1429475e-09
0.011526864
-2.7326995e-09
0.011526863
2.5763048e-09
0.011526864
-1.052731e-09
0.011526864
4.1849142e-10
0.011526863
1.7881795e-09
0.011526862
4.2746527e-09
-9.34683e-09
0.010341676
-0.00068590958
0.010578258
-0.0010176679
0.01061585
-0.00094807751
0.010554264
-0.00083089875
0.010426379
-0.0007048594
0.010249585
-0.00057318561
0.010046843
-0.00044906688
0.0098388481
-0.00034313376
0.0096384132
-0.00025805475
0.0094525739
-0.00019241089
0.0092848622
-0.00014285731
0.0091368146
-0.00010620232
0.0090085693
-7.9398976e-05
0.0088994384
-5.9688967e-05
0.0088083288
-4.4910359e-05
0.0087338641
-3.3618214e-05
0.0086744082
-2.49251e-05
0.0086281068
-1.820743e-05
0.0085930007
-1.3012116e-05
0.0085671522
-9.050408e-06
0.0085487094
-6.0945168e-06
0.0085359863
-3.9580524e-06
0.0085275217
-2.4672071e-06
0.0085221118
-1.4632772e-06
0.0085188092
-8.1274228e-07
0.0085168991
-4.0942926e-07
0.0085158674
-1.741965e-07
0.0085153652
-5.2310951e-08
0.0085151627
2.4105385e-09
0.0085151119
2.6181566e-08
0.0085151284
3.2115088e-08
0.0085151677
2.8694709e-08
0.0085152084
2.20773e-08
0.0085152421
1.538963e-08
0.0085152668
9.8963201e-09
0.0085152834
5.9055149e-09
0.0085152938
3.2600578e-09
0.0085152999
1.6308032e-09
0.0085153033
6.9710298e-10
0.008515305
2.0067001e-10
0.0085153057
-4.9113644e-12
0.008515306
-9.1893392e-11
0.008515306
-1.1237881e-10
0.0085153059
-1.0297736e-10
0.0085153058
-7.9523477e-11
0.0085153058
-5.935824e-11
0.0085153057
-3.954515e-11
0.0085153057
-2.785853e-11
0.0085153056
-1.679881e-11
0.0085153056
-1.2243054e-11
0.0085153056
-6.5924593e-12
0.0085153056
-5.8349861e-12
0.0085153056
-2.6017421e-12
0.0085153056
-3.3330287e-12
0.0085153056
-1.1240846e-12
0.0085153056
-2.4773828e-12
0.0085153056
-5.8249473e-13
0.0085153056
-1.946547e-12
0.0085153056
-3.4887331e-13
0.0085153056
-1.6103304e-12
0.0085153056
-4.3740167e-13
0.0085153056
-9.5818256e-13
0.0085153056
-1.1113902e-12
0.0085153056
3.1671371e-13
0.0085153056
-3.4482174e-12
0.0085153056
4.0781202e-12
0.0085153056
-9.8016912e-12
0.0085153056
1.3707887e-11
0.0085153056
-2.5442263e-11
0.0085153056
3.6823669e-11
0.0085153056
-5.9947163e-11
0.0085153056
8.4921824e-11
0.0085153055
-1.2667255e-10
0.0085153057
1.7043526e-10
0.0085153055
-2.3287732e-10
0.0085153057
2.8866699e-10
0.0085153055
-3.5369707e-10
0.0085153056
3.8412444e-10
0.0085153056
-3.934589e-10
0.0085153055
3.1875871e-10
0.0085153057
-1.8470966e-10
0.0085153052
-6.3845168e-11
0.0085153059
3.5790942e-10
0.008515305
-7.2883552e-10
0.0085153058
1.0090579e-09
0.0085153053
-1.1734869e-09
0.0085153052
1.0503234e-09
0.0085153059
-6.7580706e-10
0.0085153049
1.2510949e-10
0.0085153059
4.6286458e-10
0.0085153057
-5.4747748e-10
0.0085153051
3.7450439e-10
0.0085153067
4.7699135e-10
0.0085153049
-1.2002949e-09
0.0085153057
1.5928913e-09
0.0085153053
-8.0354786e-10
0.0085153046
1.3590447e-09
0.0085153053
1.3938854e-09
0.0085153064
3.3492535e-09
-5.6469218e-09
0.0093140904
0.0082964225
0.007348345
0.0065174463
0.0058125869
0.0052394013
0.0047903343
0.0044472005
0.0041891458
0.0039967349
0.0038538777
0.0037476754
0.0036682765
0.0036085875
0.0035636771
0.0035300589
0.0035051337
0.0034869263
0.0034739141
0.0034648637
0.0034587692
0.0034548112
0.003452344
0.0034508807
0.003450068
0.0034496585
0.0034494843
0.003449432
0.0034494344
0.0034494606
0.0034494927
0.0034495214
0.0034495434
0.0034495588
0.0034495687
0.0034495746
0.0034495779
0.0034495795
0.0034495802
0.0034495804
0.0034495804
0.0034495803
0.0034495802
0.0034495801
0.00344958
0.0034495799
0.0034495799
0.0034495799
0.0034495799
0.0034495798
0.0034495798
0.0034495798
0.0034495798
0.0034495798
0.0034495798
0.0034495798
0.0034495798
0.0034495798
0.0034495798
0.0034495798
0.0034495798
0.0034495798
0.0034495798
0.0034495798
0.0034495798
0.0034495798
0.0034495798
0.0034495798
0.0034495798
0.0034495798
0.0034495798
0.0034495798
0.0034495797
0.0034495799
0.0034495797
0.0034495799
0.0034495796
0.00344958
0.0034495796
0.0034495799
0.0034495797
0.0034495796
0.00344958
0.0034495793
0.0034495803
0.0034495791
0.0034495802
0.0034495795
0.0034495797
0.0034495802
0.0034495797
0.00344958
0.0034495804
0.0034495791
0.0034495806
0.0034495798
0.0034495813
0.0034495828
0.0034495863
)
;

boundaryField
{
    top
    {
        type            calculated;
        value           uniform 0;
    }
    bottom
    {
        type            calculated;
        value           uniform 0;
    }
    inlet
    {
        type            calculated;
        value           nonuniform List<scalar> 10(-0.01 -0.01 -0.01 -0.01 -0.01 -0.01 -0.01 -0.01 -0.01 -0.01);
    }
    outlet
    {
        type            calculated;
        value           nonuniform List<scalar> 10(0.0034495805 0.0085153029 0.011526864 0.012983832 0.013524422 0.013524422 0.012983832 0.011526863 0.0085153028 0.0034495806);
    }
    front
    {
        type            empty;
    }
    back
    {
        type            empty;
    }
}


// ************************************************************************* //
