/*--------------------------------*- C++ -*----------------------------------*\
  =========                 |
  \\      /  F ield         | OpenFOAM: The Open Source CFD Toolbox
   \\    /   O peration     | Website:  https://openfoam.org
    \\  /    A nd           | Version:  13
     \\/     M anipulation  |
\*---------------------------------------------------------------------------*/
FoamFile
{
    format      ascii;
    class       volVectorField;
    location    "2";
    object      U;
}
// * * * * * * * * * * * * * * * * * * * * * * * * * * * * * * * * * * * * * //

dimensions      [0 1 -1 0 0 0 0];

internalField   nonuniform List<vector> 
1000
(
(0.92074279 0.033827072 0)
(0.86354046 0.056681153 0)
(0.78800019 0.052746167 0)
(0.69769262 0.041220705 0)
(0.61478971 0.030173541 0)
(0.5489219 0.020940077 0)
(0.49858817 0.013596445 0)
(0.45999583 0.0082264024 0)
(0.43051413 0.0046397463 0)
(0.40830869 0.002384377 0)
(0.39178128 0.0010425386 0)
(0.37951599 0.00031521275 0)
(0.37037603 -2.3143108e-05 0)
(0.36352266 -0.0001446777 0)
(0.35836634 -0.00016079939 0)
(0.35449657 -0.00013139708 0)
(0.35161336 -8.780266e-05 0)
(0.34949201 -4.6544497e-05 0)
(0.34795929 -1.4298758e-05 0)
(0.34687811 7.0149654e-06 0)
(0.34613821 1.8661306e-05 0)
(0.34564896 2.3234631e-05 0)
(0.34533768 2.3127104e-05 0)
(0.34514835 2.0316806e-05 0)
(0.34503953 1.6403036e-05 0)
(0.34498177 1.2440119e-05 0)
(0.34495467 8.8174639e-06 0)
(0.34494466 5.5502134e-06 0)
(0.34494292 2.9875674e-06 0)
(0.34494471 1.4459371e-06 0)
(0.34494779 6.532116e-07 0)
(0.34495088 2.7036705e-07 0)
(0.34495342 9.4508608e-08 0)
(0.34495527 1.8578287e-08 0)
(0.3449565 -1.0360734e-08 0)
(0.34495726 -1.8224591e-08 0)
(0.3449577 -1.7013271e-08 0)
(0.34495792 -1.2917868e-08 0)
(0.34495802 -8.5636345e-09 0)
(0.34495806 -4.556669e-09 0)
(0.34495806 -5.1635078e-10 0)
(0.34495805 1.2297475e-09 0)
(0.34495804 1.6597815e-09 0)
(0.34495803 1.4374239e-09 0)
(0.34495801 1.171774e-09 0)
(0.34495801 8.119435e-10 0)
(0.344958 6.2833094e-10 0)
(0.34495799 4.0654709e-10 0)
(0.34495799 3.4962002e-10 0)
(0.34495799 2.2270712e-10 0)
(0.34495799 2.3147765e-10 0)
(0.34495799 1.4322174e-10 0)
(0.34495798 1.7162856e-10 0)
(0.34495798 9.3274868e-11 0)
(0.34495798 1.2720104e-10 0)
(0.34495798 4.8414794e-11 0)
(0.34495798 8.1782734e-11 0)
(0.34495798 1.4109436e-12 0)
(0.34495798 4.4687023e-11 0)
(0.34495798 -3.976068e-11 0)
(0.34495798 2.5420728e-11 0)
(0.34495798 -7.9020326e-11 0)
(0.34495798 4.7974614e-11 0)
(0.34495798 -1.4106277e-10 0)
(0.34495798 1.4140652e-10 0)
(0.34495798 -3.0650218e-10 0)
(0.34495798 4.0966806e-10 0)
(0.34495798 -7.4226194e-10 0)
(0.34495798 1.0867335e-09 0)
(0.34495798 -1.8080083e-09 0)
(0.34495797 2.6550396e-09 0)
(0.34495799 -4.128471e-09 0)
(0.34495796 5.876111e-09 0)
(0.34495801 -8.5416756e-09 0)
(0.34495795 1.1536104e-08 0)
(0.34495803 -1.5503924e-08 0)
(0.34495791 1.9409267e-08 0)
(0.34495808 -2.3601716e-08 0)
(0.34495785 2.6342797e-08 0)
(0.34495815 -2.751501e-08 0)
(0.34495778 2.4830892e-08 0)
(0.34495823 -1.8114731e-08 0)
(0.34495771 5.6624026e-09 0)
(0.34495829 1.0437979e-08 0)
(0.34495768 -2.8897918e-08 0)
(0.34495829 4.5817861e-08 0)
(0.34495772 -5.6508578e-08 0)
(0.34495822 5.739257e-08 0)
(0.34495784 -4.5691785e-08 0)
(0.34495809 2.8148904e-08 0)
(0.344958 -5.9883154e-09 0)
(0.34495795 1.2442021e-09 0)
(0.34495816 -6.7404459e-09 0)
(0.34495781 3.9326912e-08 0)
(0.34495827 -7.1266269e-08 0)
(0.34495776 8.157267e-08 0)
(0.34495831 -5.9027024e-08 0)
(0.34495816 7.3200491e-08 0)
(0.34495892 4.7395496e-08 0)
(0.34495804 4.1919182e-07 0)
(1.0019376 0.052730557 0)
(1.0365403 0.1022451 0)
(1.0602475 0.11313376 0)
(1.0635354 0.10899978 0)
(1.0523057 0.099434136 0)
(1.0346982 0.086975652 0)
(1.0149167 0.073143365 0)
(0.99442039 0.059571438 0)
(0.97403323 0.047432366 0)
(0.95456402 0.037174196 0)
(0.93669877 0.02879166 0)
(0.92080022 0.022108974 0)
(0.90694204 0.01687793 0)
(0.89505918 0.012808332 0)
(0.88504807 0.0096277997 0)
(0.87678789 0.0071339615 0)
(0.87012324 0.0051904949 0)
(0.86487313 0.0036955184 0)
(0.86084319 0.0025645825 0)
(0.85783458 0.0017262394 0)
(0.85565638 0.0011211493 0)
(0.85413073 0.00069886352 0)
(0.85309911 0.00041498508 0)
(0.85242774 0.00023155115 0)
(0.85200938 0.00011822269 0)
(0.85176158 5.2064648e-05 0)
(0.85162349 1.6136797e-05 0)
(0.85155289 -1.6270987e-06 0)
(0.85152163 -8.9302131e-06 0)
(0.8515114 -1.0429179e-05 0)
(0.85151108 -9.1743904e-06 0)
(0.85151459 -7.0066398e-06 0)
(0.85151893 -4.8712219e-06 0)
(0.85152277 -3.1448709e-06 0)
(0.8515257 -1.8965788e-06 0)
(0.85152774 -1.06502e-06 0)
(0.85152905 -5.485361e-07 0)
(0.85152984 -2.4885881e-07 0)
(0.85153028 -8.7494398e-08 0)
(0.8515305 -8.3809364e-09 0)
(0.8515306 2.5541898e-08 0)
(0.85153064 3.4748585e-08 0)
(0.85153064 3.2587848e-08 0)
(0.85153063 2.6300224e-08 0)
(0.85153062 1.9709993e-08 0)
(0.85153061 1.4039475e-08 0)
(0.8515306 9.8735712e-09 0)
(0.85153059 6.846013e-09 0)
(0.85153058 4.9053859e-09 0)
(0.85153058 3.5411983e-09 0)
(0.85153058 2.7476222e-09 0)
(0.85153057 2.1163002e-09 0)
(0.85153057 1.7714759e-09 0)
(0.85153057 1.4160279e-09 0)
(0.85153057 1.237899e-09 0)
(0.85153057 9.6634895e-10 0)
(0.85153057 8.4249377e-10 0)
(0.85153056 6.0654107e-10 0)
(0.85153056 5.4234458e-10 0)
(0.85153056 3.013889e-10 0)
(0.85153056 3.2271292e-10 0)
(0.85153056 1.2386023e-11 0)
(0.85153056 2.6124818e-10 0)
(0.85153056 -3.4863802e-10 0)
(0.85153056 4.6734577e-10 0)
(0.85153056 -1.0373977e-09 0)
(0.85153056 1.2946611e-09 0)
(0.85153057 -2.6068454e-09 0)
(0.85153055 3.4572289e-09 0)
(0.85153058 -6.1399496e-09 0)
(0.85153053 8.3377658e-09 0)
(0.85153061 -1.3309891e-08 0)
(0.85153049 1.7702917e-08 0)
(0.85153067 -2.5714782e-08 0)
(0.85153041 3.231355e-08 0)
(0.85153079 -4.2261365e-08 0)
(0.85153026 4.7883036e-08 0)
(0.85153098 -5.4109464e-08 0)
(0.85153003 4.9745121e-08 0)
(0.85153125 -4.0723352e-08 0)
(0.85152975 1.3416319e-08 0)
(0.85153151 2.0980507e-08 0)
(0.85152956 -7.4055564e-08 0)
(0.85153161 1.2040463e-07 0)
(0.85152961 -1.663121e-07 0)
(0.85153139 1.7260898e-07 0)
(0.85153002 -1.5059362e-07 0)
(0.85153087 6.9076634e-08 0)
(0.85153061 2.3571751e-08 0)
(0.85153033 -1.2109843e-07 0)
(0.85153105 1.3437927e-07 0)
(0.8515301 -7.2988571e-08 0)
(0.85153111 -9.5994689e-08 0)
(0.85153022 2.3662362e-07 0)
(0.85153085 -3.047783e-07 0)
(0.85153064 1.4925168e-07 0)
(0.85153029 -1.0471359e-07 0)
(0.85153153 -2.7462365e-07 0)
(0.85153085 -5.407128e-07 0)
(0.85153023 9.0491421e-07 0)
(1.0002461 0.026716225 0)
(1.0283911 0.062545039 0)
(1.0646852 0.077591067 0)
(1.097965 0.080421546 0)
(1.1240273 0.077961957 0)
(1.1435035 0.072760661 0)
(1.1578058 0.06573373 0)
(1.167785 0.057823208 0)
(1.174025 0.04996622 0)
(1.1772174 0.042740965 0)
(1.1781762 0.036343132 0)
(1.1776263 0.030771918 0)
(1.1760753 0.025948701 0)
(1.1738662 0.02174875 0)
(1.1712762 0.01804151 0)
(1.1685446 0.014742044 0)
(1.165852 0.01182038 0)
(1.1633205 0.00927201 0)
(1.1610337 0.0070927961 0)
(1.1590479 0.005274137 0)
(1.1573911 0.0038015657 0)
(1.1560612 0.002650056 0)
(1.1550321 0.0017822115 0)
(1.1542636 0.0011522142 0)
(1.1537104 0.00071228745 0)
(1.1533268 0.0004176398 0)
(1.1530705 0.00022917918 0)
(1.1529061 0.00011487917 0)
(1.152805 4.9763831e-05 0)
(1.1527458 1.5426993e-05 0)
(1.1527129 -7.2062347e-07 0)
(1.1526959 -6.8326047e-06 0)
(1.1526879 -7.911964e-06 0)
(1.1526847 -6.8337563e-06 0)
(1.152684 -5.1272542e-06 0)
(1.1526842 -3.504424e-06 0)
(1.1526847 -2.2223786e-06 0)
(1.1526853 -1.3143309e-06 0)
(1.1526857 -7.2146162e-07 0)
(1.152686 -3.6083986e-07 0)
(1.1526862 -1.5720353e-07 0)
(1.1526863 -5.081448e-08 0)
(1.1526864 -8.7058766e-10 0)
(1.1526864 1.8731941e-08 0)
(1.1526865 2.3280906e-08 0)
(1.1526865 2.1496815e-08 0)
(1.1526865 1.7567794e-08 0)
(1.1526865 1.3684076e-08 0)
(1.1526865 1.0381977e-08 0)
(1.1526865 7.984862e-09 0)
(1.1526864 6.1780559e-09 0)
(1.1526864 4.972443e-09 0)
(1.1526864 4.0190642e-09 0)
(1.1526864 3.3897868e-09 0)
(1.1526864 2.8088018e-09 0)
(1.1526864 2.3973561e-09 0)
(1.1526864 1.9676009e-09 0)
(1.1526864 1.646282e-09 0)
(1.1526864 1.3352124e-09 0)
(1.1526864 1.0175309e-09 0)
(1.1526864 8.7459848e-10 0)
(1.1526864 4.3114961e-10 0)
(1.1526864 6.826514e-10 0)
(1.1526864 -2.8670423e-10 0)
(1.1526864 9.5720364e-10 0)
(1.1526864 -1.536653e-09 0)
(1.1526864 2.2562572e-09 0)
(1.1526865 -4.1844849e-09 0)
(1.1526864 5.6566029e-09 0)
(1.1526865 -9.7633818e-09 0)
(1.1526864 1.2971041e-08 0)
(1.1526865 -2.0277541e-08 0)
(1.1526863 2.5891866e-08 0)
(1.1526867 -3.6510378e-08 0)
(1.1526861 4.3072934e-08 0)
(1.1526869 -5.3473169e-08 0)
(1.1526858 5.4051352e-08 0)
(1.1526873 -5.4027819e-08 0)
(1.1526854 3.4805274e-08 0)
(1.1526877 -1.0108153e-08 0)
(1.152685 -4.0220383e-08 0)
(1.152688 8.9299436e-08 0)
(1.1526848 -1.5299567e-07 0)
(1.1526879 1.8305965e-07 0)
(1.1526852 -1.9602283e-07 0)
(1.1526873 1.3475101e-07 0)
(1.1526861 -5.1375004e-08 0)
(1.1526863 -8.1924372e-08 0)
(1.1526869 1.4968733e-07 0)
(1.1526858 -1.6347253e-07 0)
(1.152687 2.2075522e-08 0)
(1.1526862 1.4786545e-07 0)
(1.1526865 -3.3708049e-07 0)
(1.1526868 3.3184945e-07 0)
(1.152686 -2.1267828e-07 0)
(1.1526872 -3.3301123e-09 0)
(1.1526854 1.8461545e-09 0)
(1.1526881 -1.0612896e-07 0)
(1.1526858 -3.6760169e-07 0)
(1.1526863 9.4900365e-07 0)
(1.0000316 0.011725375 0)
(1.0173919 0.030554422 0)
(1.045566 0.040971676 0)
(1.078789 0.044617023 0)
(1.1116949 0.044835555 0)
(1.1418534 0.043400705 0)
(1.1687352 0.040821085 0)
(1.1922981 0.037436098 0)
(1.2125142 0.033709095 0)
(1.2295016 0.030026738 0)
(1.2436294 0.026577078 0)
(1.2553642 0.023412605 0)
(1.2650794 0.020527535 0)
(1.2730381 0.017881577 0)
(1.2794758 0.015421962 0)
(1.2846232 0.013117552 0)
(1.2886736 0.010970233 0)
(1.2917777 0.0089983335 0)
(1.2940751 0.0072205804 0)
(1.2957129 0.0056534326 0)
(1.2968359 0.0043099896 0)
(1.2975716 0.0031946902 0)
(1.2980255 0.0022994057 0)
(1.2982839 0.0016046012 0)
(1.2984148 0.001083515 0)
(1.2984685 0.00070632191 0)
(1.2984794 0.00044320831 0)
(1.2984693 0.00026660712 0)
(1.2984515 0.00015273098 0)
(1.2984332 8.2402225e-05 0)
(1.2984175 4.1034579e-05 0)
(1.2984054 1.8050184e-05 0)
(1.2983968 6.1922792e-06 0)
(1.2983911 6.9976512e-07 0)
(1.2983875 -1.4046294e-06 0)
(1.2983853 -1.8680456e-06 0)
(1.2983841 -1.6483589e-06 0)
(1.2983835 -1.2288323e-06 0)
(1.2983832 -8.2420565e-07 0)
(1.298383 -5.081311e-07 0)
(1.298383 -2.8917685e-07 0)
(1.298383 -1.4978155e-07 0)
(1.298383 -6.7857316e-08 0)
(1.298383 -2.3184607e-08 0)
(1.298383 -1.2571881e-09 0)
(1.298383 8.2938039e-09 0)
(1.298383 1.1209106e-08 0)
(1.298383 1.1326962e-08 0)
(1.298383 1.0128304e-08 0)
(1.298383 8.8511398e-09 0)
(1.298383 7.4809555e-09 0)
(1.298383 6.4854872e-09 0)
(1.298383 5.496543e-09 0)
(1.298383 4.8347324e-09 0)
(1.298383 4.0951496e-09 0)
(1.298383 3.600725e-09 0)
(1.298383 2.9999561e-09 0)
(1.298383 2.5905629e-09 0)
(1.298383 2.1075281e-09 0)
(1.298383 1.7152118e-09 0)
(1.298383 1.4217668e-09 0)
(1.298383 9.2321746e-10 0)
(1.298383 1.026054e-09 0)
(1.298383 4.4969616e-11 0)
(1.298383 1.116525e-09 0)
(1.298383 -1.2770705e-09 0)
(1.298383 2.1574806e-09 0)
(1.2983831 -3.8040568e-09 0)
(1.298383 5.0342413e-09 0)
(1.2983831 -8.7370082e-09 0)
(1.2983829 1.1025712e-08 0)
(1.2983832 -1.7376283e-08 0)
(1.2983828 2.0839252e-08 0)
(1.2983834 -2.9287975e-08 0)
(1.2983825 3.1803484e-08 0)
(1.2983837 -3.8518206e-08 0)
(1.2983821 3.3448951e-08 0)
(1.2983842 -2.9935593e-08 0)
(1.2983816 7.0393039e-09 0)
(1.2983847 1.4655228e-08 0)
(1.2983812 -5.8354644e-08 0)
(1.298385 8.8568953e-08 0)
(1.2983812 -1.2879556e-07 0)
(1.2983847 1.2551973e-07 0)
(1.2983819 -1.1446576e-07 0)
(1.2983837 3.8798153e-08 0)
(1.298383 2.3296495e-08 0)
(1.2983827 -1.1141077e-07 0)
(1.2983837 1.0558846e-07 0)
(1.2983825 -6.4643849e-08 0)
(1.2983833 -8.8596016e-08 0)
(1.2983832 2.0282274e-07 0)
(1.2983825 -2.8619034e-07 0)
(1.2983839 2.0215559e-07 0)
(1.298382 -6.7093066e-08 0)
(1.2983842 -5.5677847e-08 0)
(1.2983816 1.5862881e-08 0)
(1.298385 -1.5243221e-09 0)
(1.2983821 -1.8372728e-07 0)
(1.2983832 6.4173567e-07 0)
(1.0001564 0.0034375577 0)
(1.0134466 0.0092525743 0)
(1.0366042 0.012846307 0)
(1.0665549 0.014320972 0)
(1.0986977 0.014600597 0)
(1.1299268 0.014323769 0)
(1.1590854 0.013680455 0)
(1.1858928 0.012749154 0)
(1.2101612 0.011659626 0)
(1.2317672 0.010542463 0)
(1.2508257 0.0094696871 0)
(1.2676122 0.0084653234 0)
(1.2823643 0.0075319154 0)
(1.2952379 0.0066597641 0)
(1.30638 0.0058338671 0)
(1.3159488 0.0050452362 0)
(1.3240716 0.0042955297 0)
(1.33084 0.0035921311 0)
(1.3363504 0.0029431089 0)
(1.3407305 0.0023565669 0)
(1.3441301 0.0018403246 0)
(1.3467014 0.0013997637 0)
(1.3485906 0.0010357792 0)
(1.3499365 0.00074471731 0)
(1.3508656 0.00051953448 0)
(1.3514864 0.00035113819 0)
(1.351887 0.00022954392 0)
(1.3521357 0.00014482904 0)
(1.3522835 8.7924505e-05 0)
(1.3523672 5.1109307e-05 0)
(1.3524117 2.8231122e-05 0)
(1.3524335 1.4632182e-05 0)
(1.3524429 6.9556472e-06 0)
(1.352446 2.8770573e-06 0)
(1.3524462 8.7458399e-07 0)
(1.3524454 4.3133777e-09 0)
(1.3524444 -2.9271126e-07 0)
(1.3524435 -3.2945806e-07 0)
(1.3524429 -2.6888284e-07 0)
(1.3524424 -1.8787054e-07 0)
(1.3524422 -1.173621e-07 0)
(1.352442 -6.5767593e-08 0)
(1.352442 -3.1997665e-08 0)
(1.3524419 -1.1779483e-08 0)
(1.3524419 -7.4677484e-10 0)
(1.3524419 4.711309e-09 0)
(1.3524419 6.992967e-09 0)
(1.3524419 7.6338933e-09 0)
(1.3524419 7.4796121e-09 0)
(1.3524419 7.0179172e-09 0)
(1.3524419 6.444646e-09 0)
(1.3524419 5.8831204e-09 0)
(1.3524419 5.3243123e-09 0)
(1.3524419 4.7942438e-09 0)
(1.3524419 4.2652022e-09 0)
(1.3524419 3.7665341e-09 0)
(1.3524419 3.2754525e-09 0)
(1.3524419 2.7988555e-09 0)
(1.3524419 2.3598411e-09 0)
(1.3524419 1.9193033e-09 0)
(1.3524419 1.5954742e-09 0)
(1.3524419 1.1441303e-09 0)
(1.3524419 1.0168943e-09 0)
(1.3524419 4.2225562e-10 0)
(1.3524419 7.2822181e-10 0)
(1.3524419 -4.0190406e-10 0)
(1.3524419 8.602251e-10 0)
(1.3524419 -1.6363934e-09 0)
(1.3524419 1.737386e-09 0)
(1.352442 -3.7430678e-09 0)
(1.3524418 3.7386465e-09 0)
(1.3524421 -7.1570359e-09 0)
(1.3524416 6.9802455e-09 0)
(1.3524423 -1.1537894e-08 0)
(1.3524413 1.0135384e-08 0)
(1.3524427 -1.4384641e-08 0)
(1.3524409 9.0369288e-09 0)
(1.3524432 -1.0067196e-08 0)
(1.3524403 -2.9328144e-09 0)
(1.3524438 6.9747387e-09 0)
(1.3524399 -2.7809623e-08 0)
(1.352444 3.1349434e-08 0)
(1.35244 -5.0196343e-08 0)
(1.3524435 3.6674694e-08 0)
(1.3524408 -3.8238475e-08 0)
(1.3524425 -2.6226778e-09 0)
(1.3524419 1.1518911e-08 0)
(1.3524415 -5.0307746e-08 0)
(1.3524425 2.564263e-08 0)
(1.3524414 -1.3992617e-08 0)
(1.352442 -5.4747336e-08 0)
(1.3524423 8.3594072e-08 0)
(1.3524411 -1.0298107e-07 0)
(1.3524431 6.1265643e-08 0)
(1.3524407 -6.2826822e-09 0)
(1.3524432 -2.6319622e-08 0)
(1.3524403 8.5316472e-09 0)
(1.352444 1.9104257e-08 0)
(1.352441 -4.390115e-08 0)
(1.3524422 2.2992951e-07 0)
(1.0001564 -0.0034375489 0)
(1.0134466 -0.0092525576 0)
(1.0366042 -0.012846283 0)
(1.0665549 -0.014320939 0)
(1.0986977 -0.014600556 0)
(1.1299268 -0.014323718 0)
(1.1590854 -0.013680393 0)
(1.1858929 -0.012749086 0)
(1.2101612 -0.011659565 0)
(1.2317672 -0.010542419 0)
(1.2508258 -0.0094696467 0)
(1.2676122 -0.0084652522 0)
(1.2823643 -0.0075317651 0)
(1.2952379 -0.0066594921 0)
(1.30638 -0.0058334552 0)
(1.3159487 -0.0050447031 0)
(1.3240716 -0.0042949324 0)
(1.3308401 -0.0035915531 0)
(1.3363505 -0.0029426386 0)
(1.3407307 -0.0023562752 0)
(1.3441304 -0.0018402503 0)
(1.3467017 -0.0013999075 0)
(1.348591 -0.0010361102 0)
(1.3499369 -0.00074518235 0)
(1.350866 -0.0005200698 0)
(1.3514867 -0.00035168567 0)
(1.3518873 -0.00023005616 0)
(1.3521359 -0.0001452742 0)
(1.3522837 -8.8285574e-05 0)
(1.3523672 -5.1386792e-05 0)
(1.3524117 -2.8426242e-05 0)
(1.3524335 -1.4759566e-05 0)
(1.3524429 -7.0312067e-06 0)
(1.352446 -2.9144311e-06 0)
(1.3524462 -8.8510493e-07 0)
(1.3524454 2.2308187e-09 0)
(1.3524444 3.09683e-07 0)
(1.3524435 3.5180843e-07 0)
(1.3524428 2.9376291e-07 0)
(1.3524424 2.1286122e-07 0)
(1.3524422 1.4166235e-07 0)
(1.352442 8.8264728e-08 0)
(1.3524419 5.2786476e-08 0)
(1.3524419 3.0402418e-08 0)
(1.3524419 1.7758948e-08 0)
(1.3524419 1.0472015e-08 0)
(1.3524419 7.0726687e-09 0)
(1.3524419 5.1099718e-09 0)
(1.3524419 4.5746835e-09 0)
(1.3524419 4.0117822e-09 0)
(1.3524419 4.0898871e-09 0)
(1.3524419 3.7339433e-09 0)
(1.3524419 3.8022274e-09 0)
(1.3524419 3.3458522e-09 0)
(1.3524419 3.3091778e-09 0)
(1.3524419 2.7729222e-09 0)
(1.3524419 2.6643222e-09 0)
(1.3524419 2.0863529e-09 0)
(1.3524419 1.9592229e-09 0)
(1.3524419 1.433848e-09 0)
(1.3524419 1.2969455e-09 0)
(1.3524419 8.819736e-10 0)
(1.3524419 6.670799e-10 0)
(1.3524419 5.3945567e-10 0)
(1.3524419 1.0059317e-11 0)
(1.3524419 4.996526e-10 0)
(1.3524419 -9.0974619e-10 0)
(1.3524419 1.0241425e-09 0)
(1.3524419 -2.4554617e-09 0)
(1.352442 2.4601441e-09 0)
(1.3524418 -5.1434177e-09 0)
(1.3524421 5.1727799e-09 0)
(1.3524416 -9.1394388e-09 0)
(1.3524423 8.7103024e-09 0)
(1.3524413 -1.3244387e-08 0)
(1.3524427 1.0505218e-08 0)
(1.3524409 -1.3343415e-08 0)
(1.3524432 4.78589e-09 0)
(1.3524403 -2.989903e-09 0)
(1.3524437 -1.4143984e-08 0)
(1.3524399 1.9714049e-08 0)
(1.352444 -4.1134841e-08 0)
(1.35244 3.8999872e-08 0)
(1.3524435 -5.0074147e-08 0)
(1.3524408 2.3024618e-08 0)
(1.3524424 -1.4729635e-08 0)
(1.3524419 -3.0104253e-08 0)
(1.3524414 3.1266003e-08 0)
(1.3524425 -4.4020771e-08 0)
(1.3524414 -2.0529508e-09 0)
(1.352442 4.2296853e-08 0)
(1.3524423 -9.0099476e-08 0)
(1.352441 1.0076981e-07 0)
(1.352443 -5.8451372e-08 0)
(1.3524406 1.0547185e-08 0)
(1.3524431 3.5106232e-08 0)
(1.3524403 2.2064066e-09 0)
(1.352444 -2.2128128e-09 0)
(1.3524409 6.2948671e-08 0)
(1.3524422 -2.0753219e-07 0)
(1.0000316 -0.011725365 0)
(1.0173919 -0.030554405 0)
(1.045566 -0.040971652 0)
(1.078789 -0.044616993 0)
(1.1116949 -0.044835518 0)
(1.1418534 -0.04340066 0)
(1.1687353 -0.040821031 0)
(1.1922982 -0.037436038 0)
(1.2125142 -0.03370904 0)
(1.2295016 -0.030026691 0)
(1.2436294 -0.026577025 0)
(1.2553642 -0.023412512 0)
(1.2650794 -0.020527363 0)
(1.2730381 -0.017881294 0)
(1.2794758 -0.015421566 0)
(1.2846233 -0.013117071 0)
(1.2886738 -0.010969729 0)
(1.2917781 -0.008997882 0)
(1.2940756 -0.007220252 0)
(1.2957136 -0.005653278 0)
(1.2968368 -0.0043100255 0)
(1.2975725 -0.0031949043 0)
(1.2980265 -0.0022997603 0)
(1.2982848 -0.0016050437 0)
(1.2984157 -0.0010839924 0)
(1.2984692 -0.00070678665 0)
(1.29848 -0.00044362515 0)
(1.2984697 -0.00026695382 0)
(1.2984518 -0.00015300142 0)
(1.2984334 -8.2596442e-05 0)
(1.2984176 -4.1167405e-05 0)
(1.2984054 -1.8132023e-05 0)
(1.2983968 -6.2342419e-06 0)
(1.2983911 -7.1363156e-07 0)
(1.2983874 1.4089773e-06 0)
(1.2983853 1.8839272e-06 0)
(1.298384 1.6703617e-06 0)
(1.2983834 1.2536398e-06 0)
(1.2983831 8.4934291e-07 0)
(1.298383 5.3244542e-07 0)
(1.2983829 3.1164785e-07 0)
(1.2983829 1.7029162e-07 0)
(1.2983829 8.5988771e-08 0)
(1.298383 3.9325097e-08 0)
(1.298383 1.5315045e-08 0)
(1.298383 4.3057447e-09 0)
(1.298383 -4.0219252e-11 0)
(1.298383 -1.0235792e-09 0)
(1.298383 -8.016655e-10 0)
(1.298383 -5.7833021e-11 0)
(1.298383 5.5203482e-10 0)
(1.298383 1.1115578e-09 0)
(1.298383 1.3469474e-09 0)
(1.298383 1.5403066e-09 0)
(1.298383 1.489894e-09 0)
(1.298383 1.4770945e-09 0)
(1.298383 1.253257e-09 0)
(1.298383 1.1586384e-09 0)
(1.298383 8.6747915e-10 0)
(1.298383 8.2793715e-10 0)
(1.298383 4.2221847e-10 0)
(1.298383 5.845968e-10 0)
(1.298383 -9.8983163e-11 0)
(1.298383 6.4873907e-10 0)
(1.298383 -9.2620791e-10 0)
(1.298383 1.3045121e-09 0)
(1.298383 -2.5653173e-09 0)
(1.2983831 3.2761913e-09 0)
(1.298383 -5.988089e-09 0)
(1.2983831 7.6580328e-09 0)
(1.2983829 -1.2538933e-08 0)
(1.2983832 1.570415e-08 0)
(1.2983828 -2.3013522e-08 0)
(1.2983834 2.68753e-08 0)
(1.2983825 -3.4800304e-08 0)
(1.2983837 3.5172741e-08 0)
(1.2983821 -3.7524808e-08 0)
(1.2983842 2.5338469e-08 0)
(1.2983816 -1.2548299e-08 0)
(1.2983847 -2.0930898e-08 0)
(1.2983812 5.0850355e-08 0)
(1.298385 -9.7193135e-08 0)
(1.2983812 1.1852892e-07 0)
(1.2983846 -1.3731616e-07 0)
(1.2983818 1.0065196e-07 0)
(1.2983837 -5.3976321e-08 0)
(1.298383 -3.9931125e-08 0)
(1.2983826 9.4821766e-08 0)
(1.2983837 -1.2165954e-07 0)
(1.2983824 5.1609687e-08 0)
(1.2983833 7.9356743e-08 0)
(1.2983832 -2.0597537e-07 0)
(1.2983824 2.8733866e-07 0)
(1.2983839 -1.9618825e-07 0)
(1.298382 7.3471501e-08 0)
(1.2983841 6.487673e-08 0)
(1.2983815 -5.614851e-09 0)
(1.298385 1.6668607e-08 0)
(1.2983821 2.0015072e-07 0)
(1.2983831 -6.2144258e-07 0)
(1.0002461 -0.026716215 0)
(1.0283911 -0.062545022 0)
(1.0646852 -0.077591045 0)
(1.097965 -0.080421521 0)
(1.1240273 -0.077961928 0)
(1.1435035 -0.072760628 0)
(1.1578059 -0.065733691 0)
(1.1677851 -0.057823164 0)
(1.1740251 -0.049966173 0)
(1.1772175 -0.042740912 0)
(1.1781763 -0.03634306 0)
(1.1776264 -0.030771805 0)
(1.1760754 -0.025948524 0)
(1.1738664 -0.021748499 0)
(1.1712765 -0.018041199 0)
(1.168545 -0.014741711 0)
(1.1658526 -0.011820076 0)
(1.1633213 -0.0092717863 0)
(1.1610347 -0.0070926891 0)
(1.1590491 -0.0052741623 0)
(1.1573923 -0.0038017154 0)
(1.1560624 -0.0026503044 0)
(1.1550332 -0.0017825225 0)
(1.1542647 -0.0011525488 0)
(1.1537113 -0.00071261305 0)
(1.1533274 -0.00041792977 0)
(1.1530711 -0.00022942034 0)
(1.1529065 -0.00011506315 0)
(1.1528052 -4.9894039e-05 0)
(1.1527459 -1.5508425e-05 0)
(1.1527129 6.7253383e-07 0)
(1.1526958 6.8111365e-06 0)
(1.1526878 7.9102825e-06 0)
(1.1526847 6.8451703e-06 0)
(1.1526839 5.1459389e-06 0)
(1.1526841 3.5269775e-06 0)
(1.1526846 2.245722e-06 0)
(1.1526852 1.3372775e-06 0)
(1.1526856 7.4249323e-07 0)
(1.1526859 3.7998008e-07 0)
(1.1526861 1.7339756e-07 0)
(1.1526863 6.5046068e-08 0)
(1.1526863 1.277369e-08 0)
(1.1526864 -8.2731091e-09 0)
(1.1526864 -1.4631516e-08 0)
(1.1526864 -1.3688848e-08 0)
(1.1526864 -1.1029545e-08 0)
(1.1526864 -7.5231364e-09 0)
(1.1526864 -5.1275145e-09 0)
(1.1526864 -2.8209987e-09 0)
(1.1526864 -1.7418852e-09 0)
(1.1526864 -5.7119041e-10 0)
(1.1526864 -3.4930967e-10 0)
(1.1526864 2.4286403e-10 0)
(1.1526864 8.2091258e-11 0)
(1.1526864 4.2003622e-10 0)
(1.1526864 8.1345751e-11 0)
(1.1526864 3.6062353e-10 0)
(1.1526864 -4.1505411e-11 0)
(1.1526864 2.7390546e-10 0)
(1.1526864 -2.5489617e-10 0)
(1.1526864 2.6905205e-10 0)
(1.1526864 -5.6372215e-10 0)
(1.1526864 5.2842648e-10 0)
(1.1526864 -1.2652442e-09 0)
(1.1526864 1.4041956e-09 0)
(1.1526864 -2.8925934e-09 0)
(1.1526864 3.7188415e-09 0)
(1.1526864 -6.6475873e-09 0)
(1.1526865 8.9412982e-09 0)
(1.1526864 -1.4325235e-08 0)
(1.1526865 1.9037417e-08 0)
(1.1526863 -2.7735926e-08 0)
(1.1526867 3.4731553e-08 0)
(1.1526861 -4.5510496e-08 0)
(1.1526869 5.0995478e-08 0)
(1.1526858 -5.7311499e-08 0)
(1.1526873 5.0619167e-08 0)
(1.1526854 -3.9115454e-08 0)
(1.1526877 5.4658779e-09 0)
(1.152685 3.443188e-08 0)
(1.152688 -9.5667282e-08 0)
(1.1526848 1.45124e-07 0)
(1.1526879 -1.917926e-07 0)
(1.1526852 1.8560642e-07 0)
(1.1526872 -1.4569124e-07 0)
(1.1526861 3.9301302e-08 0)
(1.1526863 7.0568002e-08 0)
(1.1526869 -1.6038023e-07 0)
(1.1526858 1.5625632e-07 0)
(1.152687 -2.5468427e-08 0)
(1.1526861 -1.4562438e-07 0)
(1.1526864 3.4266247e-07 0)
(1.1526867 -3.2362048e-07 0)
(1.1526859 2.1940409e-07 0)
(1.1526872 1.1599641e-08 0)
(1.1526853 7.6784176e-09 0)
(1.1526881 1.2151309e-07 0)
(1.1526858 3.844449e-07 0)
(1.1526863 -9.308184e-07 0)
(1.0019376 -0.052730551 0)
(1.0365403 -0.10224509 0)
(1.0602475 -0.11313374 0)
(1.0635354 -0.10899976 0)
(1.0523057 -0.099434121 0)
(1.0346983 -0.086975634 0)
(1.0149168 -0.073143344 0)
(0.99442049 -0.059571411 0)
(0.97403334 -0.047432327 0)
(0.95456413 -0.037174143 0)
(0.93669891 -0.028791593 0)
(0.92080042 -0.022108891 0)
(0.90694232 -0.016877829 0)
(0.89505958 -0.012808214 0)
(0.88504863 -0.0096276777 0)
(0.87678862 -0.007133857 0)
(0.87012414 -0.0051904273 0)
(0.86487416 -0.0036955023 0)
(0.86084428 -0.0025646191 0)
(0.85783569 -0.0017263213 0)
(0.85565744 -0.001121266 0)
(0.85413168 -0.00069899954 0)
(0.8530999 -0.00041512516 0)
(0.85242837 -0.00023168267 0)
(0.85200985 -0.00011833618 0)
(0.85176191 -5.2156111e-05 0)
(0.85162368 -1.6202588e-05 0)
(0.85155298 1.5809571e-06 0)
(0.85152164 8.9023285e-06 0)
(0.85151135 1.0416025e-05 0)
(0.851511 9.1762482e-06 0)
(0.85151449 7.0166829e-06 0)
(0.85151882 4.8853926e-06 0)
(0.85152266 3.1608381e-06 0)
(0.8515256 1.9130934e-06 0)
(0.85152764 1.0803415e-06 0)
(0.85152896 5.6247756e-07 0)
(0.85152976 2.6099289e-07 0)
(0.85153021 9.8152273e-08 0)
(0.85153044 1.7451643e-08 0)
(0.85153055 -1.7655265e-08 0)
(0.85153059 -2.8505428e-08 0)
(0.8515306 -2.7328881e-08 0)
(0.8515306 -2.218319e-08 0)
(0.85153059 -1.6131559e-08 0)
(0.85153058 -1.1210562e-08 0)
(0.85153057 -7.2623019e-09 0)
(0.85153057 -4.7517612e-09 0)
(0.85153057 -2.8414604e-09 0)
(0.85153056 -1.8504716e-09 0)
(0.85153056 -1.0117825e-09 0)
(0.85153056 -7.4311983e-10 0)
(0.85153056 -3.5872026e-10 0)
(0.85153056 -3.5876026e-10 0)
(0.85153056 -1.4907717e-10 0)
(0.85153056 -2.5993369e-10 0)
(0.85153056 -1.0592402e-10 0)
(0.85153056 -2.1935339e-10 0)
(0.85153056 -9.7000814e-11 0)
(0.85153056 -1.9803094e-10 0)
(0.85153056 -1.3412331e-10 0)
(0.85153056 -1.1705225e-10 0)
(0.85153056 -2.5003375e-10 0)
(0.85153056 7.1395503e-11 0)
(0.85153056 -6.1648817e-10 0)
(0.85153056 6.3217204e-10 0)
(0.85153056 -1.5647124e-09 0)
(0.85153057 2.0586348e-09 0)
(0.85153055 -3.8874793e-09 0)
(0.85153058 5.4363625e-09 0)
(0.85153053 -8.9409673e-09 0)
(0.85153061 1.2384602e-08 0)
(0.85153049 -1.8566519e-08 0)
(0.85153067 2.4510951e-08 0)
(0.8515304 -3.3492356e-08 0)
(0.85153078 4.0672123e-08 0)
(0.85153025 -4.9504612e-08 0)
(0.85153098 5.2038825e-08 0)
(0.85153001 -5.1907187e-08 0)
(0.85153124 3.8014195e-08 0)
(0.85152973 -1.6306693e-08 0)
(0.85153149 -2.4560977e-08 0)
(0.85152953 7.0212372e-08 0)
(0.85153158 -1.2497442e-07 0)
(0.85152958 1.6147786e-07 0)
(0.85153136 -1.778928e-07 0)
(0.85152997 1.4555211e-07 0)
(0.85153082 -7.352142e-08 0)
(0.85153056 -2.6307662e-08 0)
(0.85153028 1.215275e-07 0)
(0.85153099 -1.3020208e-07 0)
(0.85153005 7.9252051e-08 0)
(0.85153106 1.0069339e-07 0)
(0.85153017 -2.3653643e-07 0)
(0.8515308 3.0134042e-07 0)
(0.8515306 -1.4820731e-07 0)
(0.85153025 1.1372621e-07 0)
(0.8515315 2.9269654e-07 0)
(0.85153082 5.5830533e-07 0)
(0.85153021 -8.9195014e-07 0)
(0.92074279 -0.033827071 0)
(0.86354047 -0.056681152 0)
(0.78800021 -0.052746164 0)
(0.69769265 -0.041220701 0)
(0.61478974 -0.030173538 0)
(0.54892195 -0.020940076 0)
(0.49858823 -0.013596443 0)
(0.4599959 -0.0082263974 0)
(0.4305142 -0.0046397364 0)
(0.4083088 -0.0023843659 0)
(0.39178143 -0.0010425319 0)
(0.37951617 -0.00031521145 0)
(0.37037625 2.3141269e-05 0)
(0.36352292 0.00014467545 0)
(0.35836666 0.00016079677 0)
(0.35449694 0.00013139374 0)
(0.35161377 8.7797996e-05 0)
(0.34949246 4.653934e-05 0)
(0.34795973 1.4297273e-05 0)
(0.34687853 -7.0152758e-06 0)
(0.34613858 -1.866256e-05 0)
(0.34564927 -2.3236859e-05 0)
(0.34533792 -2.3129717e-05 0)
(0.34514851 -2.0320179e-05 0)
(0.34503963 -1.6406923e-05 0)
(0.34498181 -1.2443773e-05 0)
(0.34495467 -8.8171128e-06 0)
(0.34494462 -5.5523901e-06 0)
(0.34494286 -2.989863e-06 0)
(0.34494465 -1.4459026e-06 0)
(0.34494772 -6.5058217e-07 0)
(0.34495081 -2.6737373e-07 0)
(0.34495336 -9.1575307e-08 0)
(0.34495521 -1.5922124e-08 0)
(0.34495645 1.2726317e-08 0)
(0.34495722 1.9897212e-08 0)
(0.34495766 1.8579304e-08 0)
(0.34495789 1.4146016e-08 0)
(0.344958 9.6591987e-09 0)
(0.34495804 5.4688591e-09 0)
(0.34495804 1.7094144e-09 0)
(0.34495804 -6.3778264e-10 0)
(0.34495803 -1.1471846e-09 0)
(0.34495801 -1.2388986e-09 0)
(0.344958 -8.6845541e-10 0)
(0.344958 -7.5111951e-10 0)
(0.34495799 -4.2680783e-10 0)
(0.34495799 -4.19794e-10 0)
(0.34495799 -1.8973995e-10 0)
(0.34495798 -2.6024168e-10 0)
(0.34495798 -8.8730032e-11 0)
(0.34495798 -1.9517835e-10 0)
(0.34495798 -4.0821769e-11 0)
(0.34495798 -1.5875592e-10 0)
(0.34495798 -1.6056728e-11 0)
(0.34495798 -1.3670953e-10 0)
(0.34495798 8.7731556e-12 0)
(0.34495798 -1.1061293e-10 0)
(0.34495798 2.4013477e-11 0)
(0.34495798 -9.0179543e-11 0)
(0.34495798 3.1059086e-11 0)
(0.34495798 -5.9643923e-11 0)
(0.34495798 -2.4186577e-12 0)
(0.34495798 -7.2149754e-12 0)
(0.34495798 -1.0382847e-10 0)
(0.34495798 1.5077141e-10 0)
(0.34495798 -3.8513405e-10 0)
(0.34495798 5.7275427e-10 0)
(0.34495798 -1.0760147e-09 0)
(0.34495798 1.6221638e-09 0)
(0.34495797 -2.668394e-09 0)
(0.34495799 3.9153372e-09 0)
(0.34495796 -5.9155606e-09 0)
(0.344958 8.3012831e-09 0)
(0.34495794 -1.160606e-08 0)
(0.34495803 1.5233778e-08 0)
(0.34495791 -1.950141e-08 0)
(0.34495808 2.3314931e-08 0)
(0.34495785 -2.6448816e-08 0)
(0.34495814 2.7219541e-08 0)
(0.34495777 -2.4939165e-08 0)
(0.34495822 1.7823606e-08 0)
(0.34495769 -5.6066296e-09 0)
(0.34495828 -1.0549792e-08 0)
(0.34495766 2.8951286e-08 0)
(0.34495827 -4.601091e-08 0)
(0.3449577 5.6510367e-08 0)
(0.34495819 -5.744397e-08 0)
(0.34495782 4.6303892e-08 0)
(0.34495807 -2.6508855e-08 0)
(0.34495798 8.572717e-09 0)
(0.34495793 1.0142398e-09 0)
(0.34495814 6.4738863e-09 0)
(0.34495778 -4.3284616e-08 0)
(0.34495824 6.6424187e-08 0)
(0.34495774 -8.310721e-08 0)
(0.3449583 6.2337141e-08 0)
(0.34495816 -6.6162844e-08 0)
(0.34495893 -4.0815539e-08 0)
(0.34495805 -4.1528003e-07 0)
)
;

boundaryField
{
    top
    {
        type            fixedValue;
        value           uniform (0 0 0);
    }
    bottom
    {
        type            fixedValue;
        value           uniform (0 0 0);
    }
    inlet
    {
        type            fixedValue;
        value           uniform (1 0 0);
    }
    outlet
    {
        type            zeroGradient;
    }
    front
    {
        type            empty;
    }
    back
    {
        type            empty;
    }
}


// ************************************************************************* //
